217658
217131
217575
216161
217034
216662
216971
215919
216816
217663
217224
216024
217325
216947
217876
218088
216885
216843
216978
216749
217596
217766
216072
216467
216538
216579
218390
216755
217641
216585
216842
215993
216864
217247
215147
217303
218011
217542
217044
215179
217042
216328
216132
217165
216965
217549
213786
216455
216510
215746
217830
216432
216184
215690
217350
216426
217839
215911
218160
216989
216820
216943
209464
217055
213005
218607
214064
217563
216628
216659
217600
215813
217563
217428
216497
217402
216675
217104
215424
214106
216213
212375
217940
216611
217696
215994
217193
218227
217749
217417
216669
216221
217439
215808
217691
216081
216239
215665
216569
215627





274179
214301
214041
215838
215937
215597
215257
215149
213521
214836
216954
215003
215161
215682
214568
214898
216979
215402
215071
215633
212717
210297
216107
216358
213852
214162
215129
216511
216672
214352
214497
213581
213179
215474
213656
216044
215664
215772
215161
215731
215858
215571
215179
215716
215364
214215
215367
212042
214949
215085
216467
215243
214900
215198
216362
214245
213563
214769
212139
215406
217016
214460
214948
214709
216024
214348
215342
215096
216011
213915
216097
214476
213529
215514
213827
215375
214405
215746
214689
215884
215136
215293
216996
216346
216042
215768
215752
216347
215399
215728
213865
215032
215586
211384
212309
215434
215688
215180
215050
215496





82888
81695
82645
84478
82798
85015
82460
85179
84168
82875
82616
82544
81248
82241
79325
82613
82056
83233
84600
82842
83136
79825
82269
82032
82675
82668
82987
83798
82800
82887
82902
83769
84086
83548
82807
82786
84627
80927
83095
82650
83033
84664
81303
81741
83616
81389
81640
82421
83387
83243
81377
81099
83292
81162
83366
82970
83457
82301
81931
82759
83358
82381
83846
81240
81651
83448
81771
83873
81811
83418
80273
81931
84371
81982
82464
83282
82473
84068
84066
82527
82750
83639
83586
83566
83300
82099
82701
83385
82355
84279
83867
82494
83247
84009
83368
83643
82885
83054
82225
83141
