0.01059
0.01134
0.01006
0.01091
0.01799
0.01449
0.01054
0.00602
0.00488
0.00478
0.01299
0.01109
0.00555
0.00701
0.00894
0.00597
0.0054
0.01814
0.01409
0.00808
0.00824
0.01048
0.01018
0.00531
0.00758
0.00574
0.00544
0.00558
0.00677
0.00575
0.00525
0.0056
0.01539
0.01606
0.00823
0.01303
0.01091
0.00765
0.00738
0.0093
0.01054
0.0073
0.00603
0.00663
0.00715
0.01184
0.01262
0.00727
0.00433
0.00502
0.00546
0.00525
0.00561
0.00575
0.0065
0.0064
0.00675
0.00698
0.00703
0.00914
0.00917
0.00773
0.00922
0.01102
0.00603
0.00589
0.00825
0.00639
0.01296
0.01149
0.00633
0.00747
0.01056
0.0126
0.01187
0.00629
0.00393
0.01217
0.01073
0.00743
0.00997
0.0064
0.00791
0.00588
0.00544
0.0049
0.00623
0.00618
0.00613
0.00611
0.00634
0.0071
0.00662
0.0081
0.01204
0.00638
0.00691
0.0071
0.00647
0.00634
0.00642
0.01017
0.00914
0.00744
0.00888
0.01353
0.01197
0.00629
0.00655
0.00468
0.00528
0.00586
0.00641
0.0079
0.00703
0.00663
0.0067
0.00693
0.0083
0.00652
0.00618
0.00794
0.00914
0.0093
0.01136
0.01162
0.00743
0.00998
0.01085
0.00601
0.00948
0.00855
0.0083
0.00845
0.00888
0.0078
0.00495
0.0045
0.00478
0.00522
0.01262
0.01369
0.0091
0.00611
0.01145
0.01147
0.00813
0.0055
0.01403
0.00726
0.00593
0.00576
0.00658
0.00849
0.01276
0.01076
0.00403
0.00338
0.00897
0.01252
0.00988
0.0064
0.0057
0.00997
0.011
0.0092
0.00577
0.00523
0.0053
0.00799
0.00716
0.01277
0.00775
0.01087
0.00703
0.01336
0.00971
0.00581
0.00548
0.00635
0.00488
0.0069
0.01231
0.00748
0.00525
0.00838
0.00969
0.00898
0.01187
0.0091
0.00515
0.0043
0.0096
0.00818
0.00453
0.00958
0.01374
0.00532
0.00879
0.00695
0.00916
0.00871
0.01153
0.01231
0.00445
0.00754
0.00575
0.00829
0.0065
0.00784
0.00989
0.0105
0.00836
0.0052
0.00633
0.00933
0.00917
0.00857
0.00825
0.01205
0.00606
0.00843
0.00905
0.00876
0.00785
0.00589
0.00503
0.00413
0.00483
0.00613
0.00647
0.00649
0.00647
0.0062
0.01
0.01045
0.00676
0.00558
0.00821
0.01628
0.00815
0.005
0.00631
0.00703
0.00832
0.00708
0.0049
0.0064
0.0118
0.01052
0.0115
0.00675
0.00759
0.0055
0.00762
0.01266
0.00603
0.01076
0.00944
0.00483
0.0039
0.0049
0.0053
0.00575
0.00656
0.00632
0.00652
0.00765
0.00748
0.00622
0.011
0.01223
0.00913
0.00794
0.00708
0.00647
0.01893
0.00751
0.00848
0.00562
0.0044
0.0046
0.00532
0.00528
0.00498
0.00632
0.00737
0.01247
0.00845
0.00787
0.00575
0.00634
0.00728
0.01142
0.01398
0.01087
0.00689
0.00644
0.00845
0.00863
0.00985
0.00766
0.00475
0.00445
0.00639
0.00641
0.00553
0.00575
0.00598
0.00654
0.01451
0.00828
0.00687
0.00713
0.00715
0.0076
0.00733
0.00818
0.0079
0.00582
0.0079
0.00966
0.01204
0.00749
0.00845
0.01227
0.00777
0.0068
0.00485
0.0042
0.00559
0.00615
0.00546
0.00911
0.01008
0.00968
0.00625
0.00527
0.00558
0.00575
0.00586
0.00647
0.00645
0.00649
0.00662
0.00873
0.00878
0.00725
0.00634
0.00642
0.00692
0.00609
0.00703
0.00673
0.00657
0.00663
0.00783
0.00676
0.00649
0.00893
0.00667
0.00666
0.01136
0.01107
0.00917
0.0077
0.01049
0.00674
0.00797
0.00775
0.00592
0.01148
0.01036
0.01103
0.00673
0.00388
0.00942
0.00883
0.00586
0.00924
0.01012
0.00618
0.00418
0.01009
0.0073
0.00606
0.00515
0.00925
0.00791
0.00774
0.00784
0.00743
0.00832
0.01064
0.01221
0.00919
0.0117
0.01198
0.00714
0.00368
0.00338
0.00786
0.01276
0.00705
0.00782
0.00874
0.00556
0.00772
