0.73933
0.21558
0.20663
0.21433
0.2226
0.21471
0.17875
0.12731
0.22048
0.15548
0.18327
0.1749
0.18875
0.22346
0.20173
0.23712
0.22779
0.24375
0.18221
0.2126
0.22712
0.28125
0.18692
0.2576
0.20625
0.27788
0.20894
0.20442
0.23356
0.18923
0.18654
0.17596
0.20548
0.29606
0.24788
0.21442
0.15587
0.23538
0.25231
0.11913
0.19442
0.28654
0.18644
0.21673
0.23087
0.16212
0.1551
0.21048
0.31731
0.14942
0.18404
0.21154
0.19106
0.28692
0.16019
0.26327
0.17971
0.17462
0.25779
0.21144
0.19096
0.21894
0.26106
0.27375
0.28692
0.22096
0.13125
0.17837
0.23606
0.24769
0.25538
0.25298
0.27067
0.23817
0.22577
0.2499
0.20221
0.18904
0.21644
0.18606
0.24298
0.16712
0.23788
0.21356
0.1776
0.21125
0.22106
0.23519
0.18913
0.18183
0.2151
0.1649
0.1899
0.2351
0.23846
0.20952
0.19394
0.26779
0.22856
0.19087
0.25279
0.23462
0.24712
0.16442
0.22827
0.20606
0.17154
0.25452
0.24529
0.22644
0.22308
0.28981
0.22827
0.15385
0.19904
0.20308
0.23048
0.25337
0.1701
0.1899
0.23644
0.18106
0.18577
0.20125
0.22365
0.19837
0.20731
0.2024
0.15317
0.18865
0.19144
0.1876
0.2575
0.20452
0.18702
0.23635
0.20865
0.2074
0.26712
0.24558
0.19337
0.2251
0.19856
0.19952
0.18683
0.21298
0.19731
0.20173
0.20846
0.24202
0.22337
0.24413
0.21423
0.19529
0.24519
0.2176
0.24779
0.20019
0.24106
0.19519
0.14885
0.24702
0.20817
0.2324
0.22462
0.20154
0.2899
0.24587
0.20615
0.21875
0.18663
0.19346
0.26096
0.2076
0.20635
0.18529
0.18317
0.19452
0.19769
0.23096
0.1875
0.26644
0.19183
0.26356
0.23115
0.19135
0.21615
0.17875
0.25115
0.19413
0.17625
0.23529
0.21423
0.23163
0.23327
0.24692
0.20481
0.25558
0.22875
0.25269
0.17692
0.23731
0.18904
0.2575
0.18375
0.23279
0.18692
0.23712
0.18067
0.24375
0.22029
0.25538
0.19933
0.22192
0.17317
0.26327
0.19702
0.24317
0.17154
0.24663
0.17913
0.27365
0.20404
0.23923
0.22865
0.23029
0.21173
0.20548
0.20317
0.2375
0.20683
0.26625
0.19163
0.25144
0.01413
0.0
0.24385
0.0
0.0
0.0
0.0
0.0
0.0
0.0
0.0
0.0
0.0
0.0
0.0
0.0
0.0
0.0
0.0
0.0
0.0
0.0
0.0
0.0
0.0
0.0
0.0
0.0
0.0
0.0
0.0
0.0
0.0
0.0
0.0
0.0
0.0
0.0
0.0
0.0
0.0
0.0
0.0
0.0
0.0
0.0
0.0
0.0
0.0
0.0
0.0
0.0
0.0
0.0
0.0
0.0
0.0
0.0
0.0
0.0
0.0
0.0
0.0
0.0
0.0
0.0
0.0
0.0
0.0
0.0
0.0
0.0
0.0
0.0
0.0
0.0
0.0
0.0
0.0
0.0
0.0
0.0
0.0
0.0
0.0
0.0
0.0
0.0
0.0
0.0
0.0
0.0
0.0
0.0
0.0
0.0
0.0
0.0
0.0
0.0
0.0
0.0
0.31288
0.0
0.0
0.0
0.0
0.0
0.0
0.0
0.0
0.0
0.0
0.0
0.0
0.0
0.0
0.0
0.0
0.0
0.0
0.0
0.0
0.0
0.0
0.0
0.0
0.0
0.0
0.0
0.0
0.0
0.0
0.0
0.0
0.0
0.0
0.0
0.0
0.0
0.0
0.0
0.0
0.0
0.0
0.0
0.0
0.0
0.0
0.0
0.0
0.0
0.0
0.0
0.0
0.0
0.0
0.0
0.0
0.0
0.0
0.0
0.0
0.0
0.0
0.0
0.0
0.0
0.0
0.0
0.0
0.0
0.0
0.0
0.0
0.0
0.0
0.0
0.0
0.0
0.0
0.0
0.0
0.0
0.0
0.0
0.0
0.0
0.0
0.0
0.0
0.0
0.0
0.0
0.0
0.0
0.0
0.0
0.0
0.0
0.0
0.0
