0.00799
0.0092
0.00693
0.00652
0.00618
0.00589
0.00609
0.00569
0.00618
0.00591
0.00593
0.00593
0.00604
0.00598
0.00622
0.00575
0.00602
0.00593
0.00616
0.00598
0.00589
0.00602
0.00603
0.00598
0.00602
0.00604
0.00575
0.00582
0.00575
0.00627
0.00604
0.00593
0.00572
0.00584
0.00602
0.00545
0.0058
0.00618
0.00575
0.00577
0.00581
0.00575
0.00616
0.00584
0.00609
0.00602
0.00593
0.00593
0.00575
0.00575
0.00607
0.00591
0.00584
0.00581
0.006
0.00609
0.00616
0.00593
0.00627
0.00602
0.00602
0.00611
0.00602
0.00585
0.00586
0.00602
0.00604
0.00611
0.006
0.00595
0.00618
0.00586
0.00589
0.00616
0.00589
0.00586
0.00598
0.00631
0.00575
0.00583
0.00627
0.00618
0.00602
0.00591
0.00602
0.00616
0.00613
0.00591
0.00607
0.00575
0.00589
0.00607
0.00598
0.00575
0.00622
0.0062
0.00602
0.00574
0.00575
0.00575
0.00575
0.00609
0.00611
0.0062
0.00602
0.00631
0.00575
0.00591
0.00584
0.00586
0.00602
0.006
0.00584
0.00598
0.00598
0.00583
0.00602
0.00593
0.00609
0.00607
0.00589
0.00593
0.00571
0.00575
0.00602
0.006
0.00553
0.00586
0.006
0.00604
0.00595
0.00611
0.00595
0.00599
0.00586
0.00602
0.00575
0.00629
0.00598
0.00616
0.00611
0.00575
0.00604
0.00595
0.00571
0.00595
0.00591
0.00591
0.006
0.00575
0.00602
0.00591
0.00595
0.00604
0.00567
0.00593
0.00595
0.00592
0.00589
0.00604
0.006
0.00589
0.00575
0.00627
0.00575
0.00616
0.00622
0.00574
0.00593
0.00575
0.00602
0.00562
0.00602
0.00575
0.00613
0.00593
0.00571
0.00575
0.00589
0.00604
0.00571
0.00591
0.00593
0.00616
0.00591
0.00575
0.00609
0.00598
0.00604
0.00586
0.00593
0.006
0.00587
0.00589
0.006
0.00584
0.00593
0.00629
0.00604
0.00627
0.00613
0.00586
0.00575
0.00622
0.006
0.00604
0.00595
0.00613
0.00616
0.00607
0.00609
0.00576
0.006
0.00593
0.00593
0.00599
0.00604
0.00595
0.00589
0.00654
0.00602
0.00607
0.00616
0.00616
0.00607
0.00586
0.00608
0.00586
0.00575
0.00602
0.00574
0.00622
0.00602
0.00575
0.00607
0.00631
0.00589
0.0057
0.00578
0.00591
0.00602
0.00607
0.00575
0.00631
0.00593
0.00575
0.00586
0.00579
0.00602
0.00598
0.00586
0.00604
0.00583
0.00586
0.00593
0.00586
0.00607
0.00583
0.00586
0.00611
0.00585
0.00586
0.00588
0.00605
0.006
0.00575
0.00598
0.00575
0.006
0.00602
0.00589
0.00616
0.00589
0.00582
0.00606
0.00586
0.00575
0.00617
0.00591
0.00573
0.00618
0.00604
0.00604
0.00582
0.00577
0.00591
0.00578
0.00591
0.00577
0.00576
0.00575
0.0058
0.00618
0.00589
0.00575
0.00589
0.00591
0.00592
0.00575
0.00609
0.00579
0.00605
0.00607
0.00589
0.00586
0.00602
0.00582
0.00558
0.00638
0.00593
0.00611
0.00575
0.00575
0.00575
0.00578
0.00575
0.00589
0.00575
0.00602
0.00581
0.00591
0.00581
0.00591
0.006
0.00575
0.00575
0.00609
0.00575
0.00584
0.00575
0.00591
0.00593
0.0056
0.00618
0.00575
0.00578
0.00595
0.00582
0.006
0.006
0.00579
0.00589
0.00594
0.00577
0.00618
0.00558
0.00589
0.00575
0.00592
0.00591
0.00575
0.00591
0.00555
0.00618
0.00558
0.00591
0.00618
0.00582
0.00607
0.00598
0.00591
0.00583
0.00616
0.00575
0.00568
0.006
0.00575
0.00609
0.00571
0.00563
0.00575
0.00558
0.00593
0.00586
0.00607
0.00613
0.00586
0.00575
0.00589
0.00577
0.00589
0.00591
0.0056
0.00555
0.0056
0.00613
0.00584
0.00571
0.00595
0.00593
0.00575
0.0062
0.00589
0.00609
0.006
0.0056
0.00575
0.00586
0.00571
0.00593
0.00595
0.00581
0.00575
0.00584
0.00555
0.00591
0.00602
0.00592
0.00575
0.00586
0.00582
0.006
0.00616
0.00575
0.00604
0.00575
0.00607
0.00595
0.00598
0.00589
0.0058
0.00631
0.00575
0.00589
0.00616
0.00591
0.00575
0.0057
0.00573
0.00571
0.00591
0.00575
0.00589
0.0056
0.00558
0.00586
0.00558
0.00585
0.00586
0.00618
0.00593
0.0056
0.00593
0.00591
0.00558
0.00607
0.00575
0.00575
0.00567
0.00575
