5.42092, 5.84062, 0.420426, 0.0231926, 0.999127, -0.0264554
5.42214, 5.84623, 0.419496, 0.0241143, 0.999109, -0.0227263
5.42263, 5.84416, 0.418478, -0.0266003, -0.999264, 0.0216486
5.41985, 5.84092, 0.42605, 0.0237955, 0.999199, -0.0211455
5.42179, 5.84867, 0.420143, 0.0209183, 0.999385, -0.0217162
5.4218, 5.84964, 0.4215, -0.0245094, -0.99902, 0.0305844
5.42129, 5.84407, 0.421402, 0.0281254, 0.998955, -0.0256253
5.4214, 5.83975, 0.422108, -0.0231185, -0.99916, 0.0269374
5.4225, 5.84906, 0.422327, -0.0287201, -0.998796, 0.0296385
5.42227, 5.84654, 0.421579, 0.0238895, 0.998897, -0.0362385
5.4218, 5.8479, 0.422692, -0.0237544, -0.9988, 0.0381839
5.42135, 5.84212, 0.423904, -0.0278976, -0.999177, 0.0254479
5.42206, 5.84913, 0.421158, 0.0214211, 0.999109, -0.0294857
5.42168, 5.84966, 0.42267, -0.0252967, -0.9989, 0.0332088
5.42069, 5.84495, 0.423226, 0.0264251, 0.999003, -0.0306844
5.42187, 5.84189, 0.420317, -0.019841, -0.999299, 0.0153684
5.42161, 5.84904, 0.424477, -0.0281983, -0.998735, 0.0323428
5.42143, 5.84379, 0.423114, 0.0269027, 0.999013, -0.0277792
5.42231, 5.84838, 0.42321, 0.02591, 0.998681, -0.0357188
5.42251, 5.84961, 0.418485, -0.021027, -0.99888, 0.0304403
5.42125, 5.8537, 0.423362, 0.0268183, 0.998432, -0.0428188
5.42186, 5.84352, 0.421145, 0.0266471, 0.999209, -0.0220523
5.4217, 5.84537, 0.422367, 0.0316496, 0.998929, -0.0246155
5.42329, 5.84098, 0.419794, 0.0239514, 0.99895, -0.0294602
5.42128, 5.84151, 0.421692, 0.0234614, 0.999021, -0.0283765
5.42192, 5.85003, 0.422671, 0.0257681, 0.999007, -0.029407
5.4218, 5.83255, 0.420613, -0.026969, -0.999038, 0.0266373
5.42233, 5.84247, 0.422573, 0.0251383, 0.99912, -0.0242898
5.4212, 5.84463, 0.419534, 0.0251022, 0.998789, -0.0289991
5.42282, 5.84757, 0.420497, -0.0264673, -0.999053, 0.0283124
5.42099, 5.84429, 0.423385, -0.0220133, -0.999087, 0.027034
5.42176, 5.84034, 0.418888, 0.0235073, 0.999071, -0.0273161
5.42191, 5.84348, 0.421699, 0.0257598, 0.999271, -0.02106
5.42282, 5.84109, 0.419486, 0.0262475, 0.999155, -0.0259234
5.42208, 5.8522, 0.423364, 0.0259016, 0.998711, -0.0363696
5.42238, 5.84718, 0.418917, 0.0265727, 0.999094, -0.0289498
5.42232, 5.84522, 0.419253, 0.0293863, 0.998983, -0.0273411
5.42192, 5.84935, 0.423058, 0.0291585, 0.998785, -0.0317339
5.42071, 5.84256, 0.424377, -0.0283064, -0.998825, 0.0315273
5.42147, 5.84816, 0.421014, -0.025301, -0.999173, 0.026468
5.42088, 5.84256, 0.42386, 0.0246688, 0.999155, -0.0263503
5.42236, 5.84563, 0.42454, -0.0278156, -0.998966, 0.0312309
5.422, 5.84342, 0.419769, 0.0236318, 0.999182, -0.0247104
5.42186, 5.84568, 0.420527, -0.0276729, -0.998853, 0.0274388
5.42128, 5.83845, 0.421274, 0.0240002, 0.999304, -0.0208674
5.42175, 5.83903, 0.421315, 0.0231895, 0.999497, -0.0154351
5.42242, 5.85118, 0.421981, -0.0267211, -0.99904, 0.0274447
5.42225, 5.84552, 0.421157, -0.0268141, -0.999191, 0.0243517
5.42207, 5.85945, 0.42166, -0.0286139, -0.998765, 0.0322123
5.42118, 5.8409, 0.421222, 0.022513, 0.99912, -0.0229719
5.421, 5.84046, 0.423044, -0.0223394, -0.999069, 0.0287786
5.42243, 5.84568, 0.422401, -0.0248297, -0.998968, 0.0306181
5.42168, 5.84789, 0.419976, -0.023351, -0.998978, 0.0297957
5.42158, 5.84875, 0.423673, -0.0274878, -0.998985, 0.0245701
5.42277, 5.84776, 0.422718, 0.0190818, 0.9988, -0.0370502
5.42155, 5.84601, 0.419111, -0.0252845, -0.999235, 0.0249956
5.42154, 5.84725, 0.422454, 0.0254105, 0.99906, -0.0273568
5.42311, 5.84904, 0.4198, 0.0246808, 0.999115, -0.0270493
5.4221, 5.84738, 0.422259, 0.0278087, 0.998907, -0.0281222
5.42086, 5.84534, 0.421892, 0.0246202, 0.99924, -0.0231481
5.42185, 5.85201, 0.421228, -0.0249976, -0.999107, 0.0237054
5.42148, 5.84265, 0.420642, 0.0264789, 0.999069, -0.0285242
5.42091, 5.844, 0.421813, -0.0263516, -0.999294, 0.0205476
5.42131, 5.84598, 0.422033, -0.0256723, -0.999184, 0.0260385
5.42191, 5.84143, 0.419975, -0.0223195, -0.999277, 0.0232054
5.42205, 5.84629, 0.42333, 0.0227999, 0.999288, -0.023058
5.42158, 5.84559, 0.4199, -0.0236702, -0.998816, 0.0327858
5.42143, 5.83684, 0.422499, -0.0257134, -0.99901, 0.0227959
5.42141, 5.84447, 0.422039, -0.0217828, -0.998861, 0.0347734
5.42155, 5.84342, 0.423368, 0.0243415, 0.999134, -0.0293554
5.42173, 5.85128, 0.422339, -0.0272858, -0.999091, 0.0244274
5.42162, 5.8471, 0.418852, 0.0258731, 0.998723, -0.0335932
5.42158, 5.84556, 0.42032, 0.0214998, 0.99926, -0.024748
5.4212, 5.83907, 0.421413, -0.0281535, -0.999035, 0.0239692
5.42205, 5.84198, 0.421338, 0.0245357, 0.999093, -0.0249275
5.42235, 5.85248, 0.420931, -0.0244912, -0.999066, 0.0284176
5.42075, 5.84658, 0.421332, -0.0292579, -0.998953, 0.0265392
5.42227, 5.8407, 0.419785, -0.0214512, -0.999111, 0.0278405
5.4216, 5.84133, 0.421474, 0.0272718, 0.999101, -0.02151
5.4221, 5.84575, 0.421698, 0.0215528, 0.999238, -0.0264569
5.42084, 5.84377, 0.420974, 0.0247612, 0.999153, -0.0244074
5.42246, 5.84302, 0.423642, -0.0279898, -0.998599, 0.037841
5.42212, 5.84761, 0.423909, 0.0273389, 0.998995, -0.0274923
5.4216, 5.84536, 0.422321, -0.0265876, -0.998945, 0.0280915
5.42199, 5.84976, 0.421572, -0.0240679, -0.998896, 0.0308594
5.42313, 5.84291, 0.42211, -0.0233851, -0.999148, 0.0253498
5.42253, 5.84404, 0.420593, -0.0249134, -0.99929, 0.02291
5.42249, 5.84406, 0.422463, -0.0215735, -0.999275, 0.0244415
5.42044, 5.84028, 0.422707, -0.0248905, -0.999133, 0.0253337
5.42077, 5.84511, 0.422379, 0.0248045, 0.998925, -0.0231482
5.42217, 5.83669, 0.419977, -0.0267818, -0.999181, 0.0170177
5.42125, 5.84382, 0.42191, -0.0245261, -0.999052, 0.0301542
5.42262, 5.84563, 0.42283, 0.02931, 0.998923, -0.030662
5.4221, 5.84427, 0.419908, 0.0233285, 0.999191, -0.0240473
5.42169, 5.83645, 0.4224, -0.0256856, -0.999224, 0.0257045
5.42152, 5.8424, 0.421387, 0.0241778, 0.999166, -0.026598
5.42147, 5.84728, 0.420549, -0.022781, -0.999422, 0.0212926
5.42204, 5.8453, 0.421431, 0.0303541, 0.998688, -0.0301623
5.4224, 5.84638, 0.421673, -0.0232334, -0.999156, 0.0282745
5.42211, 5.84788, 0.422898, -0.0254549, -0.998848, 0.0304617
5.42183, 5.84646, 0.419297, -0.0250564, -0.999182, 0.0235285
5.42164, 5.85128, 0.419102, 0.0255174, 0.998694, -0.0321412
5.42131, 5.84744, 0.422725, 0.027123, 0.998931, -0.031203
5.42157, 5.84142, 0.422045, 0.0251828, 0.999008, -0.0265282
5.42196, 5.84851, 0.420725, 0.0269654, 0.999038, -0.027182
5.4231, 5.84872, 0.420283, 0.02444, 0.999126, -0.0278484
5.42233, 5.84319, 0.419595, 0.0240085, 0.999312, -0.0228683
5.4222, 5.8489, 0.421745, 0.0255621, 0.999078, -0.0282088
5.42175, 5.84806, 0.421058, 0.0244579, 0.998607, -0.0366497
5.42199, 5.84643, 0.422269, -0.0235532, -0.998651, 0.0305172
5.42275, 5.84402, 0.419985, -0.0247452, -0.998614, 0.0356633
5.42015, 5.84361, 0.419932, -0.0258879, -0.999018, 0.0284022
5.42225, 5.846, 0.420673, -0.0248228, -0.999016, 0.0280288
5.42079, 5.84389, 0.421333, -0.0250149, -0.999086, 0.024709
5.42237, 5.84397, 0.419569, 0.0226499, 0.999184, -0.0185291
5.42219, 5.8466, 0.420134, 0.0289455, 0.998825, -0.0226882
5.42199, 5.85111, 0.420565, 0.0270615, 0.998881, -0.0315274
5.42118, 5.84672, 0.421868, 0.0291538, 0.99891, -0.0262732
5.42205, 5.83999, 0.423514, 0.0236313, 0.998984, -0.0280908
5.4228, 5.84489, 0.418297, -0.0217981, -0.999014, 0.0323994
5.42188, 5.8434, 0.421333, 0.0194963, 0.999237, -0.0160577
5.42323, 5.8522, 0.419338, -0.0241563, -0.998468, 0.0377284
5.42111, 5.84756, 0.423931, -0.0279297, -0.999126, 0.026952
5.42213, 5.84201, 0.418411, -0.0302615, -0.998601, 0.0351999
5.41978, 5.84139, 0.422314, -0.028758, -0.998927, 0.0262822
5.422, 5.84971, 0.424077, -0.0248606, -0.998318, 0.0423174
5.42248, 5.84066, 0.420733, 0.0266557, 0.999216, -0.0218742
5.42094, 5.83786, 0.42213, 0.0278243, 0.999218, -0.0228054
5.42186, 5.8392, 0.42057, 0.0238985, 0.99885, -0.0343898
5.4217, 5.84352, 0.421674, -0.0249782, -0.999207, 0.0226863
5.4217, 5.84261, 0.4194, -0.0286159, -0.998919, 0.0297391
5.42098, 5.84179, 0.419864, -0.026095, -0.99923, 0.0242143
5.42253, 5.84259, 0.42048, 0.0194912, 0.999251, -0.0282041
5.4204, 5.84544, 0.420809, -0.0248409, -0.999195, 0.0254198
5.42155, 5.84077, 0.421772, 0.0261137, 0.999276, -0.0241785
5.4216, 5.84665, 0.421582, 0.0311382, 0.999051, -0.021644
5.42209, 5.84342, 0.421926, -0.0253426, -0.998965, 0.0307614
5.42151, 5.84438, 0.42495, 0.0255759, 0.998938, -0.0312937
5.42097, 5.83866, 0.420379, -0.0267543, -0.999235, 0.0220152
5.42112, 5.84169, 0.421087, 0.0220475, 0.999008, -0.0320137
5.42097, 5.84597, 0.423572, -0.0246164, -0.998852, 0.0324055
5.42225, 5.84754, 0.420134, 0.0303944, 0.998688, -0.0334039
5.42277, 5.8506, 0.418891, 0.026264, 0.998896, -0.0331219
5.42245, 5.84609, 0.42501, 0.0269308, 0.999023, -0.0281047
5.4206, 5.84649, 0.421565, -0.0270564, -0.999181, 0.0262561
5.42326, 5.83926, 0.419377, -0.0244817, -0.998676, 0.0358971
5.42104, 5.84882, 0.421011, -0.024594, -0.998684, 0.0365347
5.42056, 5.8404, 0.421925, -0.0226876, -0.999161, 0.0270098
5.42124, 5.84636, 0.418829, 0.0263905, 0.999174, -0.0250536
5.42214, 5.83933, 0.420794, 0.0209304, 0.999187, -0.0280955
5.42141, 5.84317, 0.420861, -0.0248952, -0.998961, 0.0306864
5.42062, 5.84363, 0.42537, 0.0229848, 0.999246, -0.026794
5.42226, 5.84602, 0.421194, -0.0242711, -0.999189, 0.0262174
5.42242, 5.84343, 0.420246, -0.0207321, -0.999579, 0.016938
5.42143, 5.84619, 0.421077, 0.0224425, 0.999087, -0.0230714
5.42244, 5.84554, 0.420847, -0.0249466, -0.999205, 0.0255445
5.42098, 5.8394, 0.422187, 0.0258146, 0.99909, -0.0229431
5.42202, 5.84634, 0.422441, -0.0298453, -0.998808, 0.0284657
5.42087, 5.8486, 0.421854, -0.0204523, -0.999077, 0.0281956
5.42229, 5.84092, 0.422243, -0.0238955, -0.999083, 0.0235487
5.42096, 5.8347, 0.420977, -0.0300079, -0.998916, 0.0289736
5.42114, 5.84627, 0.422765, -0.0236238, -0.99876, 0.0294123
5.42171, 5.84452, 0.421616, -0.0300888, -0.998865, 0.0282266
5.42145, 5.84395, 0.419058, -0.0269827, -0.999352, 0.0181191
5.42193, 5.84433, 0.422806, -0.0258511, -0.999192, 0.0195233
5.42194, 5.84626, 0.42089, 0.0225461, 0.999036, -0.0323068
5.42183, 5.85282, 0.422578, 0.0243374, 0.999005, -0.0281822
5.42121, 5.84438, 0.422682, 0.0261937, 0.999042, -0.0289592
5.42134, 5.84692, 0.420631, -0.0177732, -0.999367, 0.0206936
5.4213, 5.84388, 0.420579, -0.0256346, -0.998987, 0.0263801
5.42143, 5.84867, 0.424126, 0.0247984, 0.998738, -0.0370065
5.42174, 5.84845, 0.419419, 0.0245528, 0.999183, -0.0192197
5.42103, 5.83992, 0.42212, -0.0252476, -0.998714, 0.0301377
5.42054, 5.84339, 0.422542, 0.0260996, 0.998872, -0.0325659
5.42235, 5.84949, 0.421571, 0.0234702, 0.998715, -0.0372338
5.4217, 5.84728, 0.420496, 0.024458, 0.999137, -0.0263055
5.42118, 5.8382, 0.422836, 0.0302593, 0.998713, -0.0300729
5.42074, 5.84899, 0.421641, -0.0285536, -0.998742, 0.0358544
5.42129, 5.84307, 0.421419, -0.0220116, -0.999092, 0.0254903
5.42149, 5.84701, 0.418689, 0.0250464, 0.999097, -0.0232999
5.42166, 5.8458, 0.422348, -0.0224201, -0.999098, 0.0275097
5.4221, 5.85099, 0.419814, 0.0268154, 0.998686, -0.0340814
5.4213, 5.84465, 0.420519, 0.0272953, 0.998766, -0.0328912
5.42219, 5.83865, 0.420363, -0.0223578, -0.999293, 0.0176113
5.42073, 5.84865, 0.424345, -0.0222647, -0.99865, 0.0400609
5.42118, 5.84596, 0.420538, 0.0283644, 0.998992, -0.0279441
5.42115, 5.84288, 0.421387, 0.0255862, 0.999161, -0.0222358
5.42111, 5.84457, 0.42053, 0.0253837, 0.998785, -0.0319448
5.42053, 5.84317, 0.422218, 0.0238952, 0.999204, -0.0218402
5.42193, 5.83901, 0.418561, -0.0191748, -0.999604, 0.0156813
5.4208, 5.84592, 0.423798, -0.0267159, -0.99882, 0.037047
5.42237, 5.8469, 0.419776, -0.0277698, -0.998679, 0.0297012
5.42249, 5.84913, 0.422796, -0.0283682, -0.99901, 0.0260757
5.42102, 5.84668, 0.423914, 0.0233397, 0.999163, -0.0299583
5.42146, 5.84072, 0.420711, 0.0299961, 0.998663, -0.0308669
5.42288, 5.84823, 0.420636, 0.0193734, 0.99914, -0.0308382
5.42167, 5.84272, 0.41991, -0.0223109, -0.999157, 0.027447
5.42197, 5.84642, 0.421568, -0.0232962, -0.999192, 0.0257172
5.42104, 5.83927, 0.422985, -0.0248971, -0.999351, 0.0198454
5.42214, 5.84789, 0.422769, -0.0241116, -0.999252, 0.0272892
5.42274, 5.8411, 0.422182, 0.0213625, 0.999312, -0.026428
5.42125, 5.84561, 0.419599, -0.0268188, -0.999032, 0.0201997
5.42161, 5.83927, 0.422736, 0.0212507, 0.99926, -0.0228289
5.42161, 5.83863, 0.424067, -0.0273906, -0.999119, 0.0266301
5.42204, 5.84029, 0.420864, 0.0253512, 0.999098, -0.0251297
5.42218, 5.85201, 0.422351, 0.0262639, 0.999024, -0.0314291
5.42219, 5.84679, 0.419903, -0.02515, -0.999102, 0.0240491
5.42141, 5.8501, 0.423568, 0.026959, 0.99883, -0.0352989
5.42232, 5.85161, 0.420842, 0.024348, 0.998925, -0.0330874
5.42275, 5.85433, 0.417169, 0.0247322, 0.998968, -0.0311891
5.42182, 5.8471, 0.421136, 0.0236787, 0.998907, -0.030526
5.42273, 5.8454, 0.419217, 0.0227272, 0.999206, -0.02471
5.4222, 5.84316, 0.422947, 0.0250599, 0.998834, -0.0316652
5.42173, 5.83993, 0.419603, 0.0262602, 0.999116, -0.0241882
5.42212, 5.85241, 0.423261, 0.0201379, 0.998887, -0.0303521
5.42174, 5.85053, 0.42102, -0.0258665, -0.99884, 0.0302643
5.42204, 5.84606, 0.422311, 0.0245887, 0.99866, -0.0367014
5.42186, 5.84343, 0.421369, -0.0231188, -0.999364, 0.0206391
5.42183, 5.85766, 0.423177, -0.0269655, -0.998534, 0.0398065
5.42122, 5.84064, 0.422522, 0.0244028, 0.999095, -0.0268072
5.4206, 5.84229, 0.422383, -0.0197978, -0.999377, 0.0217266
5.41993, 5.84153, 0.421772, 0.0227226, 0.999478, -0.0187885
5.42099, 5.8464, 0.420576, -0.020824, -0.999182, 0.026476
5.42223, 5.84623, 0.422021, 0.0230563, 0.998999, -0.0221368
5.42306, 5.84723, 0.423259, 0.0274576, 0.998819, -0.0311634
5.42232, 5.8433, 0.422121, 0.025873, 0.999075, -0.0292679
5.42294, 5.85225, 0.420213, -0.0264297, -0.999036, 0.0308434
5.42138, 5.83938, 0.423294, -0.0243516, -0.998959, 0.0315342
5.4208, 5.84559, 0.421629, 0.0234288, 0.998948, -0.0305396
5.42102, 5.84829, 0.421233, -0.0247647, -0.998906, 0.0326456
5.42114, 5.84455, 0.42012, -0.0228372, -0.999031, 0.0312446
5.422, 5.85319, 0.420652, -0.0264566, -0.998668, 0.0354565
5.42109, 5.83833, 0.422531, -0.0234734, -0.999481, 0.0169419
5.42189, 5.85117, 0.421856, 0.0263942, 0.998912, -0.0336314
5.42114, 5.8428, 0.420066, -0.025508, -0.999316, 0.0224555
5.4221, 5.84073, 0.422083, -0.022794, -0.998857, 0.031995
5.42269, 5.84943, 0.420028, -0.0249902, -0.998613, 0.0337616
5.4213, 5.84977, 0.423864, -0.0297395, -0.9989, 0.0249442
5.4214, 5.84051, 0.42175, 0.0229955, 0.998921, -0.0287085
5.42275, 5.84474, 0.418536, 0.0206248, 0.999225, -0.0263393
5.42145, 5.84518, 0.423747, -0.0284937, -0.998586, 0.038935
5.42157, 5.84202, 0.422714, -0.0200032, -0.999125, 0.0294025
5.42218, 5.83866, 0.418829, -0.0276711, -0.999063, 0.0241528
5.42021, 5.84207, 0.423783, -0.0227631, -0.999452, 0.0206681
5.42078, 5.84173, 0.422432, 0.0270088, 0.998951, -0.0308056
5.42137, 5.8391, 0.422316, 0.0215144, 0.999086, -0.0279814
5.42226, 5.84345, 0.419005, -0.0232895, -0.999372, 0.021326
5.42218, 5.84559, 0.421404, 0.0255524, 0.998918, -0.0284791
5.4223, 5.85153, 0.420305, 0.0258783, 0.999027, -0.0300941
5.42281, 5.84299, 0.420238, 0.0239765, 0.999157, -0.0264676
5.42152, 5.84518, 0.420255, -0.0265459, -0.999024, 0.0279671
5.42163, 5.84848, 0.420232, 0.026075, 0.99903, -0.0303941
5.42117, 5.84148, 0.422471, -0.0248917, -0.998885, 0.0349937
5.42187, 5.85231, 0.419035, -0.0258457, -0.999205, 0.0238127
5.42138, 5.84454, 0.421192, 0.0272259, 0.999008, -0.0277581
5.4224, 5.85185, 0.420634, -0.0254725, -0.998868, 0.032319
5.42087, 5.84287, 0.423941, -0.0271205, -0.999153, 0.0251718
5.42245, 5.84666, 0.421491, -0.024742, -0.999013, 0.0302156
5.42165, 5.84831, 0.420122, -0.0255443, -0.999159, 0.0249152
5.42249, 5.84279, 0.42038, 0.0264169, 0.998935, -0.0292438
5.42309, 5.84432, 0.420127, -0.0284518, -0.998664, 0.0358444
5.42214, 5.84378, 0.421567, 0.023059, 0.998911, -0.0276582
5.42171, 5.847, 0.422158, 0.0194272, 0.998982, -0.0328615
5.42174, 5.85018, 0.423782, -0.0233768, -0.998812, 0.0340912
5.42164, 5.84638, 0.419859, 0.0281616, 0.998648, -0.0342079
5.42256, 5.84606, 0.421723, -0.0217679, -0.999131, 0.026331
5.42265, 5.84393, 0.4206, 0.025411, 0.999045, -0.0270199
5.42089, 5.84646, 0.42049, -0.0277499, -0.99913, 0.0250891
5.42097, 5.84222, 0.421028, 0.0275982, 0.999163, -0.0219582
5.42318, 5.84384, 0.41977, 0.0255117, 0.998869, -0.0339703
5.42302, 5.85017, 0.422264, 0.0223664, 0.999156, -0.026701
5.42112, 5.85474, 0.425209, -0.0286764, -0.998703, 0.0359868
5.42281, 5.8443, 0.419442, -0.0270836, -0.998807, 0.0334804
5.42162, 5.84772, 0.422181, 0.0253872, 0.999066, -0.0290764
5.421, 5.84992, 0.421294, 0.0258378, 0.999108, -0.0269603
5.42212, 5.84737, 0.420766, -0.0248294, -0.998524, 0.0307628
5.42179, 5.84629, 0.421498, 0.0209961, 0.999126, -0.0284786
5.42192, 5.8397, 0.419246, 0.0271258, 0.99924, -0.0184818
5.42101, 5.84211, 0.425099, 0.0258242, 0.999211, -0.0274949
5.42085, 5.84235, 0.42145, 0.025845, 0.99919, -0.0242493
5.42235, 5.84521, 0.423371, -0.0282919, -0.998572, 0.0326873
5.42161, 5.84088, 0.420209, -0.0282852, -0.999211, 0.0203146
5.42247, 5.84818, 0.421036, -0.0247998, -0.999071, 0.0229215
5.42124, 5.84177, 0.4219, 0.0279503, 0.998934, -0.0220058
5.42217, 5.84327, 0.420351, -0.0246296, -0.999022, 0.0243777
5.42174, 5.84691, 0.422534, -0.0255188, -0.998908, 0.0319633
5.42186, 5.84419, 0.422608, -0.0262797, -0.999032, 0.0293504
5.42248, 5.85142, 0.423137, 0.0242739, 0.998737, -0.0344503
5.42119, 5.84736, 0.421543, -0.0206593, -0.999101, 0.0302779
5.42271, 5.84341, 0.423578, -0.0291526, -0.99885, 0.0327381
5.42146, 5.83926, 0.422688, -0.0252872, -0.999191, 0.0280811
5.42106, 5.84539, 0.420042, -0.0299659, -0.998866, 0.0286031
5.42333, 5.84529, 0.421725, -0.0261504, -0.998908, 0.030828
5.42158, 5.84156, 0.422516, 0.026652, 0.999067, -0.028939
5.42115, 5.84414, 0.421918, 0.0244738, 0.999137, -0.0255106
5.42341, 5.84747, 0.422754, -0.0237333, -0.999155, 0.0245372
5.42175, 5.84682, 0.421319, 0.0268792, 0.999089, -0.0276686
5.42145, 5.85217, 0.421603, 0.0283673, 0.99901, -0.0286408
5.42176, 5.84868, 0.425024, 0.0287274, 0.998898, -0.0327918
5.42097, 5.84811, 0.420468, 0.0307585, 0.998874, -0.0236371
5.42091, 5.84696, 0.422071, 0.0280884, 0.999043, -0.0272785
5.42161, 5.84789, 0.421932, 0.0260247, 0.999306, -0.0237048
5.4213, 5.84769, 0.42319, 0.0253341, 0.998987, -0.0307429
5.42227, 5.84781, 0.420222, -0.0248029, -0.99947, 0.0156501
5.42131, 5.8438, 0.421627, 0.0211321, 0.999101, -0.0227113
5.42234, 5.85118, 0.418767, -0.0254573, -0.999094, 0.0274042
5.42173, 5.84699, 0.418232, -0.0297594, -0.998964, 0.0261555
5.4229, 5.84564, 0.423194, -0.0247527, -0.999133, 0.0250198
5.42214, 5.84391, 0.42195, 0.0313621, 0.998542, -0.0371825
5.42153, 5.84444, 0.421879, -0.0246878, -0.999012, 0.0274326
5.42227, 5.85173, 0.422995, -0.0213787, -0.998886, 0.0326515
5.42268, 5.85025, 0.420264, -0.0246611, -0.998708, 0.0366423
5.42199, 5.84309, 0.422705, -0.0248983, -0.999148, 0.0277628
5.42132, 5.8469, 0.422188, -0.0210554, -0.998779, 0.0389604
5.42258, 5.85113, 0.421245, 0.0197072, 0.999013, -0.0323293
5.42201, 5.84341, 0.418638, -0.0228228, -0.999201, 0.0230712
5.42217, 5.84558, 0.420801, -0.0305097, -0.999015, 0.0262501
5.42164, 5.8441, 0.418955, 0.0266172, 0.999331, -0.020796
5.42154, 5.84263, 0.422886, 0.027494, 0.999307, -0.0207136
5.42095, 5.84421, 0.420964, 0.0227821, 0.9988, -0.0266446
5.42158, 5.85276, 0.420928, 0.0243224, 0.999207, -0.0257781
5.4216, 5.84739, 0.425227, -0.0257959, -0.998994, 0.0292379
5.42111, 5.84332, 0.422566, -0.02342, -0.998957, 0.0317758
5.42068, 5.84687, 0.422074, 0.0288563, 0.999049, -0.027661
