5.42, 5.83908, 0.42189, 0.0207492, 0.999696, -0.0108396
5.42597, 5.86736, 0.42746, 0.0157286, 0.998159, -0.0529449
5.42206, 5.85228, 0.428314, -0.0230393, -0.999304, 0.0271523
5.42283, 5.83364, 0.419657, 0.0198909, 0.999619, -0.0122445
5.42265, 5.83987, 0.418336, 0.0229081, 0.999207, -0.0260259
5.42471, 5.85394, 0.420075, -0.022285, -0.999009, 0.0338658
5.4232, 5.84156, 0.42387, 0.0256106, 0.999299, -0.0221294
5.42192, 5.84101, 0.424139, 0.0233565, 0.999492, -0.0203809
5.42124, 5.85407, 0.428379, -0.0348212, -0.998605, 0.0362232
5.41963, 5.84305, 0.415956, -0.0299502, -0.999074, 0.0237764
5.42409, 5.83709, 0.421256, 0.024629, 0.999452, -0.0203816
5.42129, 5.83862, 0.425529, -0.019058, -0.998933, 0.0335262
5.42197, 5.83881, 0.422481, -0.0275849, -0.998916, 0.0326621
5.42342, 5.83972, 0.424602, 0.0297409, 0.998867, -0.0328415
5.42078, 5.83748, 0.421409, -0.0272418, -0.999344, 0.0217591
5.42557, 5.83924, 0.419014, 0.0274133, 0.99944, -0.0169538
5.42321, 5.86189, 0.420238, -0.0319464, -0.998962, 0.0166086
5.42206, 5.84219, 0.427741, 0.0294846, 0.998813, -0.0343022
5.42437, 5.83701, 0.422177, 0.0154088, 0.999373, -0.0198678
5.42267, 5.85443, 0.422342, -0.0222756, -0.99946, 0.0224012
5.42372, 5.84959, 0.420095, -0.0309262, -0.999119, 0.0230964
5.42351, 5.84771, 0.421309, -0.0278303, -0.998886, 0.0242911
5.42419, 5.84679, 0.420661, -0.0273027, -0.999203, 0.0245101
5.42554, 5.86238, 0.425003, 0.0442245, 0.997501, -0.0464093
5.42433, 5.83838, 0.424886, -0.0260153, -0.999176, 0.0287626
5.42232, 5.84468, 0.419092, 0.0278889, 0.999148, -0.0194533
5.42004, 5.84516, 0.423081, -0.0275626, -0.998944, 0.0316874
5.42092, 5.83628, 0.42345, -0.0279726, -0.999343, 0.0216893
5.42423, 5.82892, 0.416274, -0.0277521, -0.999262, 0.0201587
5.42382, 5.84884, 0.423097, 0.020691, 0.999386, -0.0245723
5.42318, 5.83752, 0.42408, 0.0201927, 0.999402, -0.0243183
5.42139, 5.84609, 0.426152, 0.0247071, 0.999219, -0.0265273
5.42176, 5.85612, 0.424936, 0.0204014, 0.99935, -0.0265044
5.42553, 5.84109, 0.415488, -0.0261707, -0.998866, 0.0266441
5.42081, 5.8396, 0.424094, 0.0163142, 0.999063, -0.030778
5.42042, 5.83439, 0.428021, 0.0300257, 0.9991, -0.0188919
5.42017, 5.84106, 0.423725, 0.0184833, 0.999483, -0.023973
5.42596, 5.87048, 0.423883, 0.0210033, 0.998601, -0.0429625
5.41868, 5.8383, 0.425156, -0.0320147, -0.998979, 0.0291221
5.42358, 5.84081, 0.42374, -0.028641, -0.999388, 0.0155889
5.42272, 5.83853, 0.418533, 0.0197518, 0.99897, -0.0274427
5.42182, 5.85561, 0.427267, -0.0284427, -0.998644, 0.0388914
5.42271, 5.84645, 0.419956, 0.0204161, 0.999506, -0.0151652
5.42391, 5.84015, 0.424993, -0.0210111, -0.999486, 0.0166494
5.42336, 5.8392, 0.422446, -0.0226592, -0.999348, 0.0267054
5.42026, 5.83945, 0.415599, -0.0134807, -0.999177, 0.021968
5.42535, 5.86659, 0.422663, 0.0208758, 0.999548, -0.0196622
5.42381, 5.84732, 0.424038, -0.0308989, -0.998684, 0.0305268
5.4229, 5.85234, 0.423337, 0.0305647, 0.998511, -0.0349266
5.42598, 5.84697, 0.426396, 0.0178454, 0.998615, -0.0368532
5.42425, 5.84789, 0.420323, 0.022087, 0.998955, -0.0318656
5.42121, 5.84331, 0.419177, 0.0330584, 0.998625, -0.0118469
5.42093, 5.84638, 0.425651, 0.025908, 0.999105, -0.0303183
5.42107, 5.83533, 0.431079, -0.0296251, -0.998574, 0.0354588
5.4206, 5.83915, 0.418204, 0.0228982, 0.999192, -0.0171731
5.42092, 5.84003, 0.425694, -0.0254431, -0.998658, 0.040363
5.42288, 5.83099, 0.426561, -0.0241874, -0.999314, 0.0255997
5.42585, 5.86193, 0.421455, 0.0272697, 0.998209, -0.0414191
5.42394, 5.83903, 0.42194, 0.0449009, 0.997997, -0.0310702
5.42399, 5.86183, 0.418588, 0.0261297, 0.99932, -0.0151261
5.4214, 5.84724, 0.418828, -0.0216524, -0.999442, 0.02226
5.42153, 5.84019, 0.421954, -0.0255855, -0.999085, 0.0254115
5.42452, 5.84639, 0.418673, -0.022215, -0.99942, 0.00749277
5.42253, 5.84302, 0.430035, 0.0359247, 0.998098, -0.0443093
5.42195, 5.85966, 0.42928, 0.0321282, 0.998684, -0.0382514
5.42147, 5.84153, 0.421198, 0.0186534, 0.999493, -0.0240965
5.42292, 5.84068, 0.428, 0.0257051, 0.999343, -0.0231514
5.42305, 5.84135, 0.418938, 0.0179842, 0.999722, -0.00217875
5.42629, 5.85271, 0.415999, 0.0270427, 0.998233, -0.0384096
5.41971, 5.83943, 0.425419, -0.0191284, -0.999334, 0.020823
5.42265, 5.84864, 0.426533, 0.0256551, 0.999192, -0.0234323
5.42115, 5.84556, 0.42661, 0.0310245, 0.998709, -0.0265312
5.42581, 5.83151, 0.419583, -0.020927, -0.999382, 0.000930995
5.42283, 5.83971, 0.424781, 0.0238573, 0.999535, -0.0146905
5.42286, 5.848, 0.416761, 0.0259889, 0.998892, -0.0339339
5.42041, 5.84632, 0.424335, -0.0299067, -0.998374, 0.0467901
5.4232, 5.8666, 0.430623, 0.0177415, 0.997848, -0.0571982
5.42353, 5.86916, 0.421584, -0.0215327, -0.999003, 0.0370565
5.42106, 5.83517, 0.426235, -0.0243352, -0.999341, 0.0253202
5.42435, 5.84221, 0.421897, -0.0270149, -0.998608, 0.0316101
5.4245, 5.8387, 0.424266, 0.0275628, 0.999259, -0.0224604
5.42028, 5.83239, 0.426709, 0.0227427, 0.999306, -0.0200783
5.42281, 5.84697, 0.427582, 0.0276878, 0.999287, -0.0168175
5.41972, 5.84732, 0.428331, 0.0264492, 0.999415, -0.0206333
5.4259, 5.83921, 0.424887, -0.0220263, -0.998742, 0.0412101
5.42575, 5.85248, 0.416755, -0.0208989, -0.998878, 0.0319446
5.42212, 5.84486, 0.42688, 0.0279895, 0.9986, -0.0416649
5.42171, 5.84623, 0.418899, 0.021878, 0.998609, -0.0334961
5.42071, 5.83984, 0.418868, -0.032929, -0.998534, 0.0133296
5.4227, 5.84154, 0.42497, -0.0286968, -0.99922, 0.0241144
5.42326, 5.83846, 0.420906, -0.0219844, -0.999468, 0.0213483
5.42307, 5.83408, 0.426784, 0.0332201, 0.998976, -0.028052
5.42171, 5.83709, 0.416418, 0.0268112, 0.999284, 0.00100906
5.42052, 5.83797, 0.424053, 0.0192671, 0.999632, -0.0170773
5.42015, 5.83885, 0.424233, 0.0214185, 0.999005, -0.0332153
5.42558, 5.84906, 0.421113, 0.0283807, 0.999354, -0.0167585
5.42452, 5.86126, 0.427074, -0.0115734, -0.998634, 0.0411172
5.42435, 5.84581, 0.426526, 0.0222186, 0.998989, -0.0340869
5.42292, 5.83757, 0.422155, -0.0221671, -0.999414, 0.0219913
5.42385, 5.83951, 0.41933, -0.0199605, -0.999552, -0.00127718
5.42243, 5.84514, 0.420643, -0.0298234, -0.99856, 0.0371544
5.42081, 5.83638, 0.434763, -0.0278453, -0.99933, 0.0221673
5.42313, 5.83163, 0.42502, 0.0271742, 0.999364, -0.0169582
5.42276, 5.85524, 0.421468, -0.0250155, -0.998852, 0.0393544
5.42417, 5.86184, 0.425456, -0.0266061, -0.997786, 0.0518017
5.42682, 5.84512, 0.421991, -0.0272815, -0.998181, 0.0521224
5.42595, 5.83323, 0.420771, 0.0242745, 0.999295, -0.0155093
5.42475, 5.84024, 0.428637, -0.0297795, -0.999012, 0.023205
5.4248, 5.83982, 0.420186, -0.0195834, -0.998684, 0.0410621
5.42042, 5.85495, 0.421779, 0.0306322, 0.998592, -0.0412053
5.42041, 5.83897, 0.42145, -0.0204515, -0.999383, 0.0250085
5.42007, 5.8375, 0.421496, -0.0280228, -0.999254, 0.0233011
5.42572, 5.8399, 0.417072, 0.0254828, 0.999142, -0.0304603
5.42407, 5.83994, 0.431011, -0.0290516, -0.998799, 0.0345229
5.42488, 5.85721, 0.421491, 0.0229005, 0.999591, -0.0133485
5.42165, 5.85443, 0.425151, 0.0206176, 0.998488, -0.041844
5.42274, 5.83987, 0.424343, -0.018008, -0.999564, 0.0172312
5.42406, 5.84656, 0.425335, -0.0254687, -0.998532, 0.039649
5.42312, 5.84834, 0.421254, -0.030747, -0.998909, 0.0322518
5.42456, 5.85597, 0.423907, -0.016208, -0.998546, 0.036218
5.4228, 5.85456, 0.422366, -0.0230608, -0.998685, 0.0296308
5.42206, 5.86053, 0.423635, 0.0189477, 0.999168, -0.0348779
5.42017, 5.86251, 0.429178, 0.0375625, 0.998215, -0.0325325
5.4263, 5.85434, 0.420697, 0.0158265, 0.998805, -0.0265644
5.42205, 5.8557, 0.420878, 0.0268226, 0.998854, -0.0395368
5.42982, 5.83894, 0.415893, 0.0252651, 0.998266, -0.0494851
5.42209, 5.83939, 0.426499, 0.0364907, 0.998448, -0.0352639
5.42453, 5.84619, 0.421256, -0.0253375, -0.999168, 0.0275083
5.42171, 5.86085, 0.422897, 0.0307544, 0.998451, -0.0431916
5.42167, 5.8424, 0.419429, -0.0260595, -0.999192, 0.0257821
5.42144, 5.84541, 0.420765, 0.0179646, 0.998408, -0.0437351
5.42286, 5.85957, 0.428003, 0.0346749, 0.99848, -0.0382164
5.42309, 5.84231, 0.425583, -0.0231446, -0.999329, 0.0239754
5.42276, 5.84743, 0.42666, 0.017684, 0.99854, -0.0444533
5.42278, 5.8451, 0.425267, -0.0312271, -0.998921, 0.0334215
5.42364, 5.83795, 0.418324, -0.0221541, -0.999597, 0.0135932
5.42231, 5.83961, 0.424538, -0.0166711, -0.999089, 0.031776
5.42318, 5.84105, 0.426552, 0.0245887, 0.999222, -0.0195618
5.42267, 5.84634, 0.42932, 0.0260952, 0.999421, -0.0179455
5.42539, 5.84705, 0.421315, 0.0354431, 0.998473, -0.0329382
5.42333, 5.83268, 0.422531, -0.0210078, -0.999499, 0.015056
5.42364, 5.84592, 0.420602, 0.02357, 0.999386, -0.0243116
5.42169, 5.83702, 0.427015, 0.0250525, 0.999367, -0.0218725
5.42685, 5.84677, 0.424078, 0.012669, 0.998943, -0.0376045
5.42569, 5.84094, 0.422518, -0.0237138, -0.999582, 0.0159138
5.42298, 5.83748, 0.427807, 0.0310416, 0.999, -0.00614764
5.42553, 5.85561, 0.425216, 0.0277169, 0.998927, -0.0326844
5.42193, 5.84635, 0.424507, 0.0232299, 0.998841, -0.0371627
5.42179, 5.84927, 0.420677, -0.0270634, -0.999397, 0.0118651
5.42451, 5.83853, 0.42072, -0.019158, -0.999431, 0.0226767
5.4222, 5.83876, 0.421195, -0.021968, -0.999497, 0.0177954
5.4239, 5.83743, 0.421946, 0.0247027, 0.999, -0.0312972
5.42347, 5.84482, 0.424036, -0.0138722, -0.998708, 0.0383528
5.42507, 5.84009, 0.41724, 0.0231363, 0.999394, -0.0228508
5.42593, 5.84004, 0.42435, 0.0259933, 0.999254, -0.0188578
5.42281, 5.83162, 0.424849, 0.0245793, 0.999356, -0.0151448
5.42456, 5.84072, 0.423685, 0.0206919, 0.999184, -0.0212954
5.42271, 5.83969, 0.423288, -0.0216751, -0.999043, 0.0357863
5.42337, 5.83791, 0.419276, 0.0294439, 0.998899, -0.0267031
5.42199, 5.85372, 0.421663, -0.0264865, -0.998902, 0.0245993
5.42066, 5.83899, 0.421909, 0.0275735, 0.999453, -0.0157147
5.42387, 5.84799, 0.421031, -0.0180447, -0.998986, 0.0381749
5.42191, 5.84017, 0.419343, -0.0287119, -0.999269, 0.0171774
5.42251, 5.84853, 0.422377, -0.0223176, -0.999096, 0.0193608
5.42318, 5.8403, 0.423067, -0.0199834, -0.9997, 0.0102146
5.42301, 5.84044, 0.423718, -0.0179103, -0.999394, 0.0277002
5.42592, 5.84643, 0.421403, -0.0225545, -0.999265, 0.0263776
5.42005, 5.83666, 0.422102, 0.0301677, 0.999366, -0.0124081
5.42355, 5.84866, 0.425236, -0.0266144, -0.998591, 0.0436575
5.4254, 5.83825, 0.418823, -0.0280118, -0.999065, 0.0207444
5.42188, 5.83912, 0.423748, -0.0232843, -0.999415, 0.0232566
5.4218, 5.8504, 0.428498, 0.0232441, 0.999102, -0.0295518
5.42304, 5.84109, 0.424315, -0.0336022, -0.999092, 0.0214484
5.42731, 5.85506, 0.421083, 0.0187387, 0.999649, -0.0168618
5.4211, 5.83884, 0.422051, -0.0210711, -0.999597, 0.0156605
5.4233, 5.84054, 0.41974, -0.0117447, -0.999562, 0.0221688
5.42322, 5.83829, 0.424764, -0.0172777, -0.999379, 0.0246023
5.42184, 5.83939, 0.425224, -0.0287031, -0.999142, 0.0265014
5.4229, 5.83904, 0.422754, -0.024059, -0.999276, 0.0250962
5.426, 5.85159, 0.422713, -0.0190687, -0.99909, 0.0329516
5.42451, 5.84696, 0.427862, 0.0322116, 0.998514, -0.0375353
5.42121, 5.84334, 0.417386, -0.0141596, -0.999057, 0.0242319
5.4224, 5.83147, 0.423393, -0.0282111, -0.9994, 0.0148984
5.42399, 5.84595, 0.416733, 0.0264094, 0.999084, -0.0251117
5.42409, 5.84705, 0.422617, 0.0234272, 0.999545, -0.0154121
5.42259, 5.83774, 0.421686, 0.0265337, 0.999307, -0.0233291
5.42119, 5.8384, 0.424904, 0.0250752, 0.999423, -0.0165774
5.42284, 5.8381, 0.430836, 0.0287795, 0.998811, -0.0365691
5.42177, 5.83995, 0.425652, -0.0234664, -0.999186, 0.0312893
5.42673, 5.84492, 0.419821, 0.0285628, 0.999184, -0.0223402
5.42256, 5.83988, 0.417831, -0.0146582, -0.999474, 0.0244794
5.42401, 5.84847, 0.423396, 0.0130243, 0.999711, -0.0153165
5.42463, 5.84855, 0.416558, 0.0178404, 0.999318, -0.0210525
5.42224, 5.83011, 0.426379, -0.0224032, -0.998934, 0.0341283
5.42214, 5.85487, 0.42282, -0.0329713, -0.998584, 0.0253618
5.42374, 5.84131, 0.421354, 0.0156331, 0.999545, -0.0139171
5.42278, 5.84732, 0.425882, 0.0245092, 0.998968, -0.0277219
5.42141, 5.85593, 0.421302, -0.0256568, -0.998768, 0.0403803
5.42322, 5.85268, 0.415882, -0.0310644, -0.998607, 0.0397627
5.42261, 5.84058, 0.424659, -0.0338633, -0.998553, 0.0357625
5.41972, 5.83635, 0.418373, -0.012747, -0.999302, 0.02211
5.42149, 5.84652, 0.428288, -0.0319805, -0.998355, 0.0436548
5.4214, 5.841, 0.419313, -0.0339083, -0.999144, 0.0204806
5.42386, 5.8457, 0.419299, -0.0344312, -0.998167, 0.0426002
5.42153, 5.84063, 0.424863, -0.0314773, -0.998767, 0.0326543
5.4238, 5.84432, 0.41902, -0.0311754, -0.998625, 0.0327317
5.42078, 5.84774, 0.425215, -0.0213174, -0.999024, 0.0363438
5.42474, 5.84772, 0.423479, -0.0232496, -0.998321, 0.0451249
5.42563, 5.84614, 0.424056, 0.0186828, 0.999543, -0.0195911
5.42252, 5.83881, 0.420876, 0.027985, 0.999477, -0.00776135
5.42275, 5.84918, 0.418321, 0.0294892, 0.998971, -0.0278149
5.4221, 5.83525, 0.420079, -0.0176697, -0.998902, 0.0339508
5.42413, 5.83059, 0.422382, -0.0252428, -0.999389, 0.0206351
5.42546, 5.84675, 0.419727, 0.0196973, 0.999485, -0.0200245
5.42341, 5.83719, 0.421312, -0.0182915, -0.999526, 0.0151872
5.42434, 5.84017, 0.421684, 0.0268444, 0.999383, -0.0215568
5.42386, 5.8473, 0.428389, -0.0213599, -0.999103, 0.0252033
5.4222, 5.8524, 0.428159, 0.0279661, 0.998286, -0.0471304
5.42621, 5.85531, 0.418304, 0.0156833, 0.999455, -0.0250759
5.4241, 5.85747, 0.424111, 0.0257293, 0.999096, -0.0332735
5.42173, 5.84449, 0.428243, 0.0202588, 0.999217, -0.0287259
5.42287, 5.83194, 0.42472, -0.0318355, -0.999262, 0.0179493
5.42517, 5.85335, 0.419679, 0.0303265, 0.99894, -0.0285163
5.423, 5.8481, 0.42538, 0.0298777, 0.99902, -0.0249999
5.42275, 5.84506, 0.420936, 0.0209941, 0.99949, -0.0194872
5.42067, 5.85506, 0.42028, 0.0206789, 0.998473, -0.0431781
5.42429, 5.86102, 0.420895, -0.0266622, -0.999146, 0.0287362
5.42211, 5.84146, 0.42229, 0.0251151, 0.999537, -0.0145302
5.42033, 5.83993, 0.426137, -0.0235427, -0.999492, 0.0180242
5.42322, 5.85158, 0.422751, 0.0298885, 0.998977, -0.0285042
5.42172, 5.84689, 0.418269, 0.0203642, 0.999359, -0.0240548
5.42144, 5.83622, 0.425504, -0.0261312, -0.999417, 0.0174752
5.42462, 5.84722, 0.420175, 0.0212062, 0.999233, -0.0253369
5.42465, 5.85544, 0.422315, -0.0229528, -0.998844, 0.0337985
5.42222, 5.84231, 0.426636, -0.0290887, -0.999265, 0.0215207
5.42109, 5.84543, 0.429059, 0.0273303, 0.999308, -0.0237363
5.42379, 5.84963, 0.424546, -0.0231586, -0.997909, 0.056929
5.42127, 5.83152, 0.418539, -0.0273687, -0.999279, 0.00255977
5.42595, 5.85362, 0.424414, -0.0215259, -0.998417, 0.0431097
5.42491, 5.84112, 0.420267, -0.015735, -0.999121, 0.0358865
5.42507, 5.84031, 0.425655, -0.0228107, -0.999102, 0.0306055
5.42094, 5.83899, 0.423596, -0.0218301, -0.999493, 0.0203634
5.42057, 5.85207, 0.421491, -0.019655, -0.999567, 0.0194055
5.42214, 5.8469, 0.424606, 0.0241351, 0.998513, -0.0444328
5.42545, 5.85338, 0.425562, -0.0278073, -0.998662, 0.0347666
5.42146, 5.84135, 0.422541, -0.0295137, -0.999195, 0.0219551
5.42614, 5.8701, 0.42231, -0.0306799, -0.998624, 0.0343525
5.42188, 5.84132, 0.423159, 0.0211056, 0.999609, -0.0137287
5.42126, 5.84502, 0.427877, -0.027122, -0.999522, 0.0126291
5.41752, 5.85247, 0.42385, -0.018695, -0.999084, 0.0354723
5.42136, 5.84093, 0.424767, 0.0286693, 0.998931, -0.0314952
5.42028, 5.84135, 0.423943, -0.0231683, -0.998938, 0.0344137
5.42183, 5.84175, 0.421249, 0.0232561, 0.999185, -0.0298446
5.42232, 5.84025, 0.423428, 0.0217613, 0.999314, -0.0190947
5.42224, 5.83777, 0.422052, 0.0262787, 0.998994, -0.028673
5.42421, 5.83668, 0.423796, 0.0157711, 0.999182, -0.0331191
5.42219, 5.84388, 0.422188, -0.027419, -0.998794, 0.0252514
5.41918, 5.83945, 0.423245, -0.0180433, -0.999703, 0.0156917
5.42533, 5.84532, 0.419847, -0.0272895, -0.999307, 0.0196472
5.42068, 5.84606, 0.423733, 0.0320088, 0.998592, -0.0343796
5.4219, 5.83997, 0.425652, -0.0387576, -0.998225, 0.0414547
5.42511, 5.83941, 0.418611, 0.0160103, 0.998821, -0.0321341
5.42331, 5.85412, 0.422547, -0.0224887, -0.99942, 0.0189797
5.42509, 5.84024, 0.421565, -0.0287656, -0.999311, 0.0187121
5.42186, 5.83977, 0.422515, 0.0274641, 0.998795, -0.0313875
5.41919, 5.8379, 0.428631, -0.0257563, -0.998568, 0.0336018
5.42385, 5.84531, 0.422647, -0.0275162, -0.999128, 0.0255901
5.42369, 5.8389, 0.424025, -0.0279266, -0.999398, 0.0192706
5.42694, 5.83929, 0.421353, 0.0315559, 0.999034, -0.0273898
5.42272, 5.83349, 0.419194, -0.0140076, -0.998953, 0.0267092
5.42163, 5.84111, 0.419587, 0.0324413, 0.99894, -0.0270924
5.42188, 5.83334, 0.418367, 0.0200524, 0.999466, -0.0212398
5.42094, 5.83826, 0.423074, -0.0261531, -0.999505, 0.0144839
5.42382, 5.84178, 0.422178, -0.0297036, -0.998907, 0.0301101
5.41887, 5.84204, 0.425911, -0.0226381, -0.999434, 0.024323
5.4216, 5.85121, 0.430973, -0.0469148, -0.997975, 0.035578
5.42054, 5.84483, 0.424505, 0.0243679, 0.999321, -0.00879951
5.42315, 5.83684, 0.42599, 0.0254233, 0.999496, -0.0168094
5.42414, 5.84154, 0.42059, -0.0227916, -0.999432, 0.0238626
5.42046, 5.84044, 0.423138, 0.0242452, 0.999235, -0.0265274
5.42301, 5.85408, 0.424528, -0.0145424, -0.998378, 0.0502681
5.4212, 5.86106, 0.42283, -0.0204381, -0.999437, 0.0242546
5.422, 5.84823, 0.425013, -0.0230792, -0.997875, 0.0551235
5.42196, 5.8624, 0.425504, 0.0208754, 0.997813, -0.055487
5.42342, 5.83645, 0.426154, 0.0202508, 0.999039, -0.0325181
5.42398, 5.84739, 0.417451, 0.0317662, 0.998866, -0.0260846
5.41856, 5.8372, 0.425426, -0.0248888, -0.999526, 0.0172427
5.4215, 5.83953, 0.427046, -0.0292692, -0.999174, 0.0261939
5.42305, 5.86448, 0.419941, 0.0272199, 0.998277, -0.0411748
5.42206, 5.84697, 0.423529, 0.0235371, 0.998861, -0.0387451
5.42132, 5.8405, 0.422515, 0.0253758, 0.999369, -0.0199902
5.42426, 5.84083, 0.419675, -0.0168339, -0.999718, 0.0102304
5.42229, 5.84023, 0.42492, -0.0302573, -0.999145, 0.0196142
5.42242, 5.83881, 0.42691, -0.0216271, -0.999108, 0.0326
5.42507, 5.84888, 0.423365, -0.0246411, -0.999119, 0.0279064
5.4192, 5.83886, 0.427778, 0.018748, 0.999449, -0.0261869
5.42208, 5.85539, 0.420252, 0.0294207, 0.998698, -0.029149
5.42327, 5.84049, 0.418988, 0.0226859, 0.999088, -0.031243
5.42221, 5.83792, 0.426002, -0.026848, -0.999408, 0.0204708
5.4233, 5.84059, 0.423271, 0.0213525, 0.999239, -0.029942
5.42341, 5.8408, 0.419511, -0.0154706, -0.999245, 0.0333215
5.42522, 5.83216, 0.42024, 0.0140348, 0.999465, -0.0232611
5.42365, 5.84715, 0.423447, 0.0283661, 0.998723, -0.0259027
5.42189, 5.8394, 0.427934, -0.0329751, -0.997914, 0.0519994
5.42272, 5.85241, 0.416712, 0.0216874, 0.998945, -0.0236826
5.42335, 5.85387, 0.427251, -0.0213589, -0.999314, 0.0269342
5.42306, 5.86263, 0.424982, -0.0267568, -0.998178, 0.0323483
5.42125, 5.84155, 0.422506, -0.0230094, -0.999047, 0.0264484
5.42243, 5.82863, 0.416641, 0.0245187, 0.999427, -0.00293904
5.42603, 5.8495, 0.413479, -0.00631949, -0.998703, 0.00962297
5.42349, 5.862, 0.419747, 0.0162194, 0.999706, -0.0133261
5.42074, 5.83808, 0.421773, -0.0225281, -0.999356, 0.0223672
5.42227, 5.86236, 0.419768, -0.0228058, -0.999034, 0.0307853
5.42464, 5.83863, 0.425359, 0.0386492, 0.99837, -0.0376047
5.42349, 5.84866, 0.421346, 0.0152117, 0.999028, -0.0335703
5.42574, 5.84025, 0.419994, 0.0201667, 0.999164, -0.0288858
5.42421, 5.84819, 0.416496, 0.0271886, 0.999263, -0.0253058
5.42082, 5.84938, 0.424115, -0.023624, -0.999292, 0.0232997
5.42295, 5.83938, 0.425194, 0.023929, 0.999335, -0.0258957
5.4226, 5.83679, 0.426668, 0.0294828, 0.999142, -0.0239094
5.42341, 5.83822, 0.419904, -0.0233477, -0.999598, 0.0139626
5.42102, 5.84019, 0.426138, 0.0308965, 0.999116, -0.0277454
5.42318, 5.86214, 0.425744, 0.0286707, 0.998896, -0.0303634
5.41889, 5.84702, 0.427111, 0.0206178, 0.999123, -0.0137739
5.42185, 5.86915, 0.426191, 0.0231866, 0.999315, -0.0239577
5.42152, 5.84771, 0.425124, -0.0249002, -0.999069, 0.0210689
5.42235, 5.84658, 0.418819, 0.0287154, 0.999452, -0.0148439
5.42148, 5.83768, 0.425053, 0.0272659, 0.999407, -0.0196417
5.42205, 5.84801, 0.423755, 0.0276416, 0.998999, -0.0310627
5.42047, 5.84137, 0.422244, 0.0209766, 0.99927, -0.0308935
5.42183, 5.83837, 0.423786, 0.0208618, 0.999425, -0.0252035
5.42285, 5.85368, 0.425949, -0.0222779, -0.998786, 0.0356561
5.42337, 5.83924, 0.427599, 0.0290356, 0.999062, -0.0271865
5.42447, 5.84533, 0.41851, 0.0222384, 0.999348, -0.0248658
5.42147, 5.86064, 0.42039, -0.0169763, -0.998985, 0.0276451
5.42379, 5.83711, 0.425124, 0.027987, 0.999103, -0.0189161
5.42242, 5.83794, 0.42585, 0.0264203, 0.999323, -0.0233461
5.42284, 5.83933, 0.425015, -0.0300274, -0.998987, 0.00586462
5.42496, 5.85465, 0.421959, -0.0242437, -0.998923, 0.0294042
5.424, 5.85594, 0.423732, -0.0207857, -0.998364, 0.0493395
5.42642, 5.85452, 0.420076, 0.0294628, 0.998281, -0.0488585
5.42406, 5.862, 0.425891, 0.0255251, 0.999299, -0.023792
5.42382, 5.85208, 0.428057, 0.0279392, 0.998219, -0.0513917
5.42274, 5.83001, 0.424248, 0.025023, 0.999049, -0.009143
5.42408, 5.85659, 0.422604, -0.0268737, -0.998786, 0.0365379
5.42442, 5.84765, 0.418593, 0.0285818, 0.998977, -0.0188581
5.424, 5.83897, 0.419919, -0.0226702, -0.99936, 0.0178082
5.42334, 5.86133, 0.424448, -0.023484, -0.998702, 0.0351639
5.4209, 5.84584, 0.430151, 0.0297511, 0.999032, -0.029652
5.42091, 5.84676, 0.418922, 0.017967, 0.999257, -0.0312226
5.42507, 5.84801, 0.421487, -0.0287491, -0.998895, 0.0272932
5.42248, 5.8547, 0.420403, -0.0326927, -0.999267, 0.0176964
5.42213, 5.82208, 0.429242, -0.0226279, -0.999403, 0.016792
5.42, 5.82983, 0.426576, 0.0249206, 0.999554, -0.0125306
5.4225, 5.85402, 0.431567, -0.0281851, -0.998644, 0.0379475
5.42287, 5.83807, 0.421262, 0.0146019, 0.99957, -0.0222004
5.42263, 5.84106, 0.419606, 0.0200889, 0.999614, -0.0181321
5.42382, 5.83846, 0.417267, -0.0256857, -0.999312, 0.0215435
5.42131, 5.8319, 0.427618, 0.0240239, 0.999237, -0.0288023
5.42141, 5.84067, 0.420728, -0.0207991, -0.999558, 0.0140271
5.42376, 5.85396, 0.419771, -0.0257842, -0.998656, 0.0372094
5.42438, 5.84114, 0.417397, 0.0228714, 0.999591, -0.00393103
5.42404, 5.84546, 0.423038, 0.0255598, 0.999223, -0.0261359
5.42427, 5.85027, 0.42733, -0.0203216, -0.999226, 0.0247473
5.42493, 5.82903, 0.421446, 0.0197137, 0.999408, -0.0255552
5.42173, 5.84831, 0.427097, 0.0290244, 0.998888, -0.0344729
5.42178, 5.86069, 0.430748, 0.0277559, 0.998723, -0.0294528
5.42559, 5.83647, 0.421006, 0.0306349, 0.999069, -0.0286868
5.4212, 5.84165, 0.418972, 0.0280847, 0.998256, -0.0444109
5.42501, 5.8526, 0.424743, -0.0249788, -0.999101, 0.0278961
5.42344, 5.83953, 0.423344, 0.0194541, 0.99917, -0.0321858
5.42024, 5.83774, 0.422021, -0.0266132, -0.998569, 0.0400145
5.41947, 5.83812, 0.425683, -0.0214801, -0.998655, 0.0423691
5.42043, 5.82872, 0.421383, -0.0214232, -0.99962, 0.0130705
5.42328, 5.82553, 0.416287, -0.0283444, -0.99933, 0.0160643
5.42194, 5.84514, 0.424892, -0.0247572, -0.998733, 0.0377556
5.42427, 5.83985, 0.42125, -0.0212756, -0.999335, 0.0279042
5.42443, 5.83863, 0.419656, -0.0171422, -0.999581, 0.0207408
5.42027, 5.84004, 0.419237, -0.0228084, -0.999171, 0.0254216
5.42339, 5.83855, 0.422679, 0.0279138, 0.999027, -0.0315216
5.42365, 5.83748, 0.421063, -0.0226908, -0.999498, 0.00883867
5.42315, 5.83827, 0.420101, 0.0207672, 0.999599, -0.0137469
5.42241, 5.84128, 0.427723, 0.0276235, 0.999372, -0.0207434
5.41974, 5.83842, 0.42999, -0.0253981, -0.998281, 0.048084
5.42114, 5.85584, 0.425861, 0.0248568, 0.998718, -0.0389935
5.42338, 5.85397, 0.425604, 0.0246409, 0.998431, -0.0385336
5.42392, 5.83944, 0.42335, 0.0226201, 0.999426, -0.022884
5.42022, 5.85178, 0.42746, -0.0210429, -0.999344, 0.0277234
5.42418, 5.83996, 0.422385, 0.0231219, 0.999472, -0.0203723
5.41991, 5.84637, 0.419841, 0.0235524, 0.998457, -0.0395894
5.42406, 5.82421, 0.423518, 0.0264916, 0.99952, -0.0120527
5.42159, 5.83943, 0.422927, 0.0209633, 0.999417, -0.0188989
5.42054, 5.84684, 0.426259, 0.025044, 0.999277, -0.0254924
5.42108, 5.83946, 0.424016, -0.0205963, -0.999494, 0.015999
5.42002, 5.83916, 0.419488, -0.0185616, -0.99967, 0.0139937
5.42112, 5.83447, 0.426178, -0.0297174, -0.998833, 0.0323452
5.42331, 5.85078, 0.426704, 0.0225681, 0.99945, -0.0219189
5.42112, 5.84783, 0.427325, 0.0237252, 0.999312, -0.0254603
5.42308, 5.84901, 0.418895, 0.0216891, 0.999724, -0.00603327
5.42283, 5.8528, 0.421708, -0.0134964, -0.998662, 0.0369968
5.42675, 5.83965, 0.422536, -0.0154117, -0.998991, 0.0353443
5.42534, 5.85165, 0.422199, 0.0222039, 0.999493, -0.017199
5.4211, 5.85571, 0.423328, -0.029832, -0.998887, 0.0348458
5.42052, 5.85225, 0.429736, 0.0267672, 0.999, -0.0335571
5.42306, 5.84577, 0.422919, -0.0209147, -0.999607, 0.0153871
5.4213, 5.84085, 0.423939, 0.0253275, 0.998994, -0.0344085
5.42366, 5.84074, 0.423317, -0.0243684, -0.999434, 0.0204102
5.42316, 5.85519, 0.423248, -0.0211693, -0.998312, 0.0388277
5.42331, 5.83985, 0.422765, -0.0261254, -0.999535, 0.0127841
5.42141, 5.8446, 0.418032, -0.0239157, -0.998703, 0.0339916
5.42266, 5.83811, 0.424741, -0.0182507, -0.99967, 0.0126119
5.42151, 5.84703, 0.423664, -0.027635, -0.999171, 0.0244345
5.42287, 5.86148, 0.423133, 0.0278348, 0.998191, -0.0482516
5.42223, 5.84671, 0.423399, 0.0287025, 0.99807, -0.0479525
5.4204, 5.84556, 0.424662, 0.0223115, 0.999449, -0.0220714
5.42399, 5.85507, 0.42373, 0.0241188, 0.99851, -0.0442251
5.42175, 5.84542, 0.425301, -0.0274834, -0.999301, 0.0230398
5.4227, 5.84775, 0.421532, 0.0231297, 0.999269, -0.026786
5.42297, 5.83901, 0.427365, -0.0282908, -0.999314, 0.0233311
5.42093, 5.83841, 0.42334, -0.031026, -0.99879, 0.0333758
5.4273, 5.8401, 0.415612, 0.0254189, 0.998847, -0.0287917
5.42164, 5.85222, 0.430037, 0.031271, 0.99912, -0.0228172
5.41782, 5.86182, 0.423485, 0.0250075, 0.998693, -0.038529
5.42348, 5.84062, 0.424544, 0.0296022, 0.999427, -0.0142226
5.41867, 5.82206, 0.427534, 0.0274911, 0.999177, -0.0275014
5.42485, 5.84002, 0.419089, -0.0206535, -0.999418, 0.0263075
5.42276, 5.84943, 0.430249, 0.0254985, 0.998868, -0.0340341
5.42225, 5.83943, 0.427747, -0.0279161, -0.999174, 0.0247948
5.42087, 5.8314, 0.415375, -0.0168719, -0.998635, 0.00713772
5.42511, 5.84062, 0.421368, 0.0206995, 0.999606, -0.0162499
5.42143, 5.83936, 0.422942, 0.0176474, 0.999442, -0.0200667
5.42357, 5.8404, 0.422914, -0.0179946, -0.999405, 0.0271754
5.42254, 5.86243, 0.423844, 0.0268166, 0.99951, -0.00743297
5.42636, 5.86372, 0.423703, 0.0281887, 0.999042, -0.0290761
5.42233, 5.845, 0.419939, -0.0247774, -0.999351, 0.0189222
5.42154, 5.82483, 0.42193, -0.0209992, -0.999546, 0.0162258
5.42134, 5.83644, 0.433581, 0.0310058, 0.998939, -0.0334491
5.42354, 5.84417, 0.427753, 0.0209014, 0.999552, -0.0109486
5.42054, 5.83965, 0.425274, 0.02797, 0.99922, -0.0264215
5.42565, 5.84091, 0.417582, -0.0321007, -0.99893, 0.0311947
5.424, 5.84086, 0.421704, -0.011367, -0.999494, 0.0255825
5.42063, 5.86268, 0.424878, 0.0302353, 0.998033, -0.0441875
5.42542, 5.83264, 0.419793, -0.022689, -0.999474, 0.0216481
5.42324, 5.85354, 0.422814, 0.0187348, 0.998393, -0.0447759
5.42323, 5.84039, 0.422204, -0.0136791, -0.998902, 0.0315508
5.4216, 5.83872, 0.426352, 0.0280116, 0.998063, -0.0510502
5.42261, 5.86239, 0.424209, -0.0231857, -0.997203, 0.0595265
5.42141, 5.83593, 0.426683, 0.0306629, 0.998985, -0.0072197
5.42611, 5.85567, 0.424148, 0.0294257, 0.998114, -0.0426476
5.42382, 5.8615, 0.427353, -0.0358423, -0.998368, 0.0360035
5.42315, 5.8456, 0.418385, 0.0288222, 0.99931, -0.0141008
5.42426, 5.83766, 0.427475, 0.023122, 0.998912, -0.0367215
5.42223, 5.84007, 0.425782, 0.0244839, 0.999192, -0.0258806
5.42303, 5.84605, 0.422223, -0.0257132, -0.999373, 0.0231489
5.42467, 5.84487, 0.424808, -0.0310784, -0.999166, 0.0130055
5.42247, 5.85485, 0.429697, -0.0188943, -0.998045, 0.0544937
5.42291, 5.83915, 0.424071, 0.0277543, 0.999162, -0.0238246
5.42294, 5.83792, 0.418063, 0.0191586, 0.999446, -0.022962
5.42078, 5.81963, 0.427838, 0.0233556, 0.999129, -0.0324686
5.42205, 5.86354, 0.420974, 0.0247857, 0.998744, -0.0312153
5.42491, 5.84077, 0.425332, -0.0237249, -0.999228, 0.0304107
5.42408, 5.84704, 0.425266, 0.028809, 0.998754, -0.0302587
5.42288, 5.84106, 0.423971, -0.0186628, -0.999516, 0.0207239
5.42299, 5.85298, 0.417899, 0.0291149, 0.999465, -0.00761225
5.4186, 5.82947, 0.42674, 0.0274339, 0.999447, -0.00291169
5.42069, 5.83034, 0.426399, -0.0196861, -0.999454, 0.0224479
5.42234, 5.85591, 0.417806, 0.0345133, 0.998822, -0.0304358
5.42179, 5.86373, 0.429414, 0.0246253, 0.998315, -0.049267
5.4221, 5.85323, 0.421824, -0.0336773, -0.998626, 0.0299604
5.42256, 5.84231, 0.426425, 0.0274203, 0.999505, -0.0118903
5.42482, 5.8466, 0.422926, -0.0231814, -0.998885, 0.0309238
5.42213, 5.83763, 0.420273, -0.0307378, -0.99914, 0.0216533
5.4221, 5.85333, 0.423869, 0.02247, 0.998592, -0.038641
5.42339, 5.84779, 0.430688, 0.0251254, 0.998909, -0.0242834
5.42103, 5.84251, 0.424416, -0.0242862, -0.999316, 0.0249897
5.42228, 5.83866, 0.426473, 0.0216703, 0.998798, -0.0395926
5.42113, 5.87119, 0.423155, 0.0164332, 0.998933, -0.035766
5.42327, 5.84418, 0.417132, 0.0212532, 0.998475, -0.0313897
5.42494, 5.86227, 0.427254, -0.0274192, -0.998279, 0.0426585
5.42687, 5.84668, 0.421605, 0.00748179, 0.998391, -0.0437087
5.41927, 5.83887, 0.421443, 0.0207586, 0.999239, -0.0210987
5.42451, 5.84011, 0.426398, -0.0279506, -0.998952, 0.0284252
5.42447, 5.84218, 0.421444, 0.0256069, 0.99871, -0.0391815
5.42069, 5.84618, 0.426866, -0.0251689, -0.998878, 0.0348754
5.42416, 5.84659, 0.422205, -0.0307096, -0.997448, 0.051921
5.42228, 5.85459, 0.424466, 0.0290465, 0.998355, -0.0388361
5.42361, 5.83774, 0.422505, -0.0263916, -0.998883, 0.0359923
5.42059, 5.83925, 0.426401, -0.0250076, -0.999336, 0.0244287
5.42487, 5.84686, 0.416724, -0.0134801, -0.998672, 0.0252746
5.42337, 5.85525, 0.421509, 0.0235039, 0.9995, -0.0206037
5.42451, 5.84122, 0.421703, 0.0191024, 0.998185, -0.0482747
5.42178, 5.84767, 0.423672, 0.019795, 0.999331, -0.0233123
5.42373, 5.84571, 0.423732, -0.0280988, -0.998534, 0.0402283
5.42187, 5.84213, 0.420944, 0.0240928, 0.999108, -0.0283351
5.42201, 5.85361, 0.423037, 0.0226882, 0.998342, -0.0481551
5.42056, 5.83734, 0.417948, 0.0214612, 0.999358, -0.00159199
5.4216, 5.82943, 0.425003, 0.0257274, 0.999424, -0.0139513
5.42422, 5.83883, 0.421434, 0.015856, 0.999477, -0.0245968
5.4231, 5.8381, 0.427372, 0.0244883, 0.998649, -0.0382899
5.41983, 5.85702, 0.426199, 0.02445, 0.998705, -0.0377872
5.42129, 5.8394, 0.423145, 0.0213349, 0.999554, -0.0180627
5.42368, 5.84211, 0.419156, -0.0179522, -0.999418, 0.0279409
5.42211, 5.84898, 0.422301, -0.0215628, -0.998746, 0.0418143
5.42444, 5.84115, 0.420821, 0.0253789, 0.99916, -0.0301348
5.42455, 5.85483, 0.418653, -0.0156813, -0.998711, 0.039217
5.41988, 5.84279, 0.424131, -0.0283201, -0.998824, 0.0327417
5.42391, 5.83705, 0.426239, -0.0305356, -0.997797, 0.0411336
5.42141, 5.84494, 0.421483, -0.0377497, -0.998282, 0.0408174
5.42478, 5.86579, 0.424182, 0.0246992, 0.998861, -0.0309193
5.42398, 5.83829, 0.420916, -0.0262429, -0.999054, 0.0280738
5.42196, 5.84912, 0.421433, 0.0246165, 0.999409, -0.0222705
5.42117, 5.84101, 0.422941, -0.0260608, -0.999096, 0.0288175
5.42195, 5.84954, 0.424041, 0.0237244, 0.999273, -0.0282536
5.423, 5.84003, 0.418688, 0.0242182, 0.998789, -0.030528
5.42251, 5.84726, 0.422517, 0.0164648, 0.998443, -0.0441055
5.4211, 5.84084, 0.425503, 0.0277335, 0.999262, -0.026444
5.42445, 5.85357, 0.42607, 0.016136, 0.998729, -0.0418927
5.42286, 5.84208, 0.418853, 0.0175374, 0.999299, -0.0283546
5.42227, 5.85427, 0.421985, -0.0235203, -0.999151, 0.0317937
5.42196, 5.84588, 0.422707, 0.027112, 0.998782, -0.0361774
5.4248, 5.85324, 0.415899, 0.03623, 0.998382, -0.034508
5.42076, 5.83749, 0.429198, -0.0275427, -0.999128, 0.0259085
5.42664, 5.8491, 0.422175, 0.0301428, 0.999169, -0.0159905
5.42193, 5.8473, 0.424434, -0.017375, -0.999406, 0.0284604
5.42442, 5.83898, 0.41749, 0.0224368, 0.999494, -0.0191208
5.42308, 5.84632, 0.421821, 0.0304636, 0.997868, -0.0471198
5.4242, 5.85354, 0.426971, -0.0163176, -0.99749, 0.0571083
5.42312, 5.84125, 0.422046, 0.0295073, 0.997896, -0.0481984
5.42294, 5.84484, 0.42144, 0.0251516, 0.999193, -0.0287987
5.42111, 5.82663, 0.416682, 0.0304645, 0.998553, -0.00278213
5.42378, 5.84053, 0.426591, 0.0309936, 0.999169, -0.0252157
5.41871, 5.83714, 0.426897, 0.0242138, 0.999482, -0.0113818
5.42354, 5.8399, 0.423264, -0.0230943, -0.999414, 0.0231988
5.42144, 5.83749, 0.416304, -0.0303734, -0.999398, 0.0162293
5.42248, 5.84077, 0.425322, -0.017294, -0.999355, 0.0298808
5.42351, 5.83988, 0.42313, 0.0184442, 0.999334, -0.0167301
5.423, 5.84907, 0.423926, 0.0256759, 0.999319, -0.0244942
5.41985, 5.85202, 0.423501, 0.0327669, 0.998524, -0.0384131
5.42664, 5.85498, 0.4227, 0.0283732, 0.999027, -0.0299762
5.42251, 5.841, 0.42352, -0.0253182, -0.999395, 0.0229383
5.42167, 5.85276, 0.42688, 0.0228203, 0.998828, -0.0334951
5.42298, 5.83769, 0.420188, 0.0318002, 0.999407, -0.00866818
5.42177, 5.83681, 0.424329, 0.0251152, 0.998835, -0.0368156
5.42328, 5.86757, 0.420863, 0.028878, 0.997627, -0.0581162
5.42433, 5.85458, 0.419751, 0.0211509, 0.999136, -0.0304217
5.42325, 5.85664, 0.428741, 0.0255358, 0.998547, -0.045692
5.4244, 5.85684, 0.424957, 0.0243255, 0.998822, -0.0385289
5.42365, 5.84971, 0.421751, -0.0370387, -0.997732, 0.0523263
5.42128, 5.84565, 0.429225, 0.0235207, 0.999389, -0.0235618
5.42226, 5.84583, 0.416739, 0.0298323, 0.999453, -0.0119854
5.42176, 5.86015, 0.423696, -0.0384156, -0.998793, 0.0246493
5.42128, 5.83893, 0.417631, -0.0234357, -0.999394, 0.00568955
5.42101, 5.8414, 0.421489, -0.0308193, -0.999207, 0.0185243
5.42281, 5.84689, 0.4278, -0.0212036, -0.999037, 0.02882
5.42472, 5.84106, 0.421657, -0.0272112, -0.998276, 0.0441283
5.42617, 5.85461, 0.425624, -0.0225679, -0.998849, 0.0385523
5.42066, 5.84064, 0.425952, 0.0207469, 0.999421, -0.0258941
5.42069, 5.8549, 0.42367, -0.0281033, -0.99815, 0.0494981
5.41951, 5.83951, 0.423747, 0.0264807, 0.998653, -0.0358259
5.42217, 5.84015, 0.420583, -0.00978248, -0.998458, 0.0466439
5.42334, 5.85373, 0.426863, 0.034018, 0.998673, -0.0338493
5.41955, 5.86213, 0.428602, 0.0273149, 0.999016, -0.0319256
5.42145, 5.83828, 0.428552, 0.0257008, 0.999156, -0.0280399
5.42331, 5.84067, 0.423931, 0.021299, 0.999263, -0.0269657
5.42023, 5.838, 0.422104, -0.0234433, -0.999365, 0.0202738
5.42151, 5.85446, 0.423416, 0.0201238, 0.998736, -0.0408641
5.42097, 5.84444, 0.419222, -0.028626, -0.998943, 0.0326261
5.42448, 5.85162, 0.421232, -0.0145335, -0.998293, 0.0476189
5.42241, 5.83968, 0.423751, -0.0261165, -0.99937, 0.0222711
5.42327, 5.84163, 0.423176, -0.0285646, -0.999111, 0.025847
5.42255, 5.84583, 0.421782, -0.0204889, -0.999474, 0.0182932
5.4225, 5.84702, 0.423014, -0.0237319, -0.999506, 0.0132756
5.42373, 5.8463, 0.422845, 0.0206542, 0.999549, -0.0165336
5.42313, 5.85194, 0.424362, -0.0200479, -0.998761, 0.0380741
5.41928, 5.83882, 0.420047, -0.0320562, -0.999267, 0.0182964
5.4226, 5.84834, 0.420676, 0.0333768, 0.998261, -0.0440724
5.4247, 5.83793, 0.42412, 0.0255068, 0.999153, -0.0280785
5.42039, 5.84022, 0.422741, -0.0243761, -0.999412, 0.0238842
5.42133, 5.8383, 0.427943, 0.031628, 0.999244, -0.0201344
5.42252, 5.84094, 0.420265, -0.024842, -0.999448, 0.00544639
5.42389, 5.83939, 0.42229, 0.0242484, 0.999474, -0.0158881
5.42403, 5.84668, 0.42061, -0.0296852, -0.998663, 0.0395119
5.42308, 5.84191, 0.41724, -0.0265028, -0.999459, 0.00897464
5.42304, 5.83933, 0.420742, 0.0297169, 0.998721, -0.0358915
5.42243, 5.84028, 0.420489, -0.0233229, -0.998531, 0.0410892
5.42371, 5.83967, 0.42559, 0.020864, 0.999537, -0.0183055
5.42247, 5.84125, 0.425706, -0.029228, -0.999288, 0.0205926
5.42107, 5.82912, 0.422274, 0.0366363, 0.998706, -0.0317001
5.42419, 5.86148, 0.419935, 0.0176319, 0.999146, -0.0321908
5.4233, 5.84062, 0.42395, 0.0182821, 0.999264, -0.0257546
5.42112, 5.85414, 0.428784, 0.0146363, 0.99931, -0.0330081
5.42222, 5.8391, 0.423613, 0.0201543, 0.999735, -0.00670615
5.42253, 5.83184, 0.424266, -0.00926559, -0.999231, 0.0279812
5.42364, 5.85483, 0.421476, 0.0283196, 0.998888, -0.0295479
5.42207, 5.85531, 0.425991, -0.0330352, -0.998737, 0.0360332
5.4217, 5.84575, 0.426617, 0.0251895, 0.999187, -0.0290171
5.42423, 5.83965, 0.425238, 0.0174202, 0.998877, -0.0324629
5.4232, 5.83794, 0.422075, -0.0256564, -0.998863, 0.0309299
5.42376, 5.84067, 0.426693, 0.0274477, 0.997883, -0.0504149
5.42531, 5.8412, 0.418726, -0.0198775, -0.998555, 0.0429054
5.42329, 5.84668, 0.419086, 0.0217919, 0.999244, -0.0270394
5.4221, 5.83454, 0.422011, -0.0289611, -0.999117, 0.0286459
5.42067, 5.83909, 0.419871, -0.0256398, -0.999236, 0.0258539
5.42279, 5.84867, 0.421119, -0.0204131, -0.9993, 0.0272808
5.42438, 5.84031, 0.416827, 0.0274092, 0.999473, -0.0134484
5.42441, 5.86023, 0.424306, -0.0141409, -0.999399, 0.0296236
5.42443, 5.84568, 0.422369, 0.0286111, 0.998925, -0.0243173
5.42154, 5.84578, 0.421254, -0.0279079, -0.998489, 0.0444229
5.42647, 5.83153, 0.42032, -0.0263841, -0.998946, 0.0279347
5.42229, 5.84524, 0.42316, -0.0255437, -0.999061, 0.0325424
5.42399, 5.85171, 0.427474, 0.0204615, 0.998926, -0.0376499
5.41937, 5.83798, 0.425584, 0.0263424, 0.999348, -0.0217639
5.42327, 5.8432, 0.418348, 0.0226912, 0.998811, -0.0364218
5.42057, 5.8419, 0.420776, -0.0152819, -0.999037, 0.0193659
5.42155, 5.83262, 0.424614, -0.0277234, -0.998778, 0.0324285
5.42247, 5.85393, 0.423897, -0.0320244, -0.998279, 0.0462385
5.42762, 5.84819, 0.423473, 0.020825, 0.999362, -0.024692
5.42073, 5.84227, 0.41751, 0.0281096, 0.999232, -0.0226272
5.42196, 5.83688, 0.421481, 0.0289627, 0.999358, -0.0186333
5.42478, 5.84485, 0.42411, 0.0313923, 0.999299, -0.0107994
5.42307, 5.83944, 0.426476, 0.0185762, 0.999046, -0.0343067
5.42283, 5.84671, 0.421969, -0.0253869, -0.999132, 0.0194818
5.42225, 5.84659, 0.417898, -0.0288376, -0.998917, 0.0219835
5.42197, 5.86109, 0.424021, 0.0260779, 0.998911, -0.0325618
5.4226, 5.84074, 0.423789, 0.0347988, 0.999081, -0.0234821
5.42502, 5.84564, 0.419904, -0.0258763, -0.999225, 0.0287572
5.42609, 5.85746, 0.420765, -0.026944, -0.998149, 0.0500095
5.42174, 5.85379, 0.426137, -0.0307563, -0.998345, 0.0459954
5.42112, 5.84367, 0.422395, 0.0243122, 0.999043, -0.0274209
5.42138, 5.83885, 0.421068, -0.0248934, -0.999328, 0.0260134
5.4209, 5.85227, 0.432097, 0.0224055, 0.998485, -0.0374709
5.42307, 5.83752, 0.425325, -0.0231239, -0.999459, 0.0190564
5.42242, 5.84713, 0.425927, -0.0225252, -0.998917, 0.0359355
5.42196, 5.8374, 0.42139, 0.0322454, 0.999035, -0.028049
5.42617, 5.84136, 0.423081, 0.0289437, 0.999309, -0.020982
5.42618, 5.84745, 0.424334, 0.0271779, 0.999002, -0.032243
5.42341, 5.84656, 0.422031, 0.0201355, 0.998841, -0.0356551
5.42171, 5.84673, 0.423725, -0.0226179, -0.998824, 0.0385293
5.42621, 5.85538, 0.420272, 0.0250045, 0.999575, -0.00999039
5.42343, 5.84844, 0.429376, 0.0240655, 0.999588, -0.010727
5.423, 5.84209, 0.421444, -0.0216324, -0.998652, 0.0428657
5.42446, 5.84056, 0.41443, 0.0233508, 0.999356, -0.0245899
5.42148, 5.84705, 0.425732, -0.0436193, -0.998127, 0.0391932
5.42362, 5.84106, 0.420393, 0.0265144, 0.999514, -0.00998904
5.42391, 5.85518, 0.417841, 0.035925, 0.998667, -0.0318228
5.42322, 5.84784, 0.424812, -0.0396502, -0.998637, 0.0302549
5.42186, 5.83726, 0.420785, 0.0282499, 0.9993, -0.00614406
5.42353, 5.8546, 0.42196, -0.0198206, -0.999282, 0.0284021
5.42259, 5.84532, 0.426299, 0.0239942, 0.999038, -0.0316175
5.42298, 5.85348, 0.420128, 0.0191059, 0.998779, -0.0325679
5.42323, 5.86147, 0.420788, -0.0290717, -0.998873, 0.0303804
5.42476, 5.85352, 0.42334, -0.0277388, -0.998779, 0.0377809
5.42157, 5.84487, 0.426584, 0.0356676, 0.998556, -0.035833
5.42155, 5.85542, 0.41629, -0.0287294, -0.998831, 0.0319445
5.42153, 5.83899, 0.425209, 0.0195877, 0.999426, -0.0215982
5.42243, 5.83738, 0.417507, 0.0315685, 0.999357, -0.0153988
5.42663, 5.84269, 0.416718, 0.0243672, 0.998007, -0.0507613
5.42541, 5.84516, 0.422443, 0.0192063, 0.999469, -0.0239057
5.4231, 5.84033, 0.421376, -0.0264777, -0.999283, 0.0254361
5.42391, 5.84069, 0.424241, 0.0167297, 0.999348, -0.0288567
5.42445, 5.86358, 0.428041, 0.0224712, 0.997386, -0.0643317
5.42029, 5.84496, 0.421248, -0.0306849, -0.999021, 0.0229978
5.42476, 5.86166, 0.420313, 0.0151149, 0.998155, -0.054072
5.42002, 5.83686, 0.426156, -0.0204336, -0.999447, 0.025596
5.42433, 5.85338, 0.421463, 0.0255032, 0.998061, -0.0473766
5.42197, 5.86134, 0.419844, -0.026006, -0.999065, 0.026919
5.42324, 5.8558, 0.424288, -0.0239591, -0.998531, 0.0458026
5.42134, 5.85506, 0.419427, 0.0230659, 0.999231, -0.0294566
5.42212, 5.84028, 0.422631, -0.021299, -0.999339, 0.0154001
5.42457, 5.85356, 0.418935, 0.023136, 0.999044, -0.031692
5.42548, 5.85622, 0.42839, 0.018766, 0.998038, -0.0489826
5.42696, 5.85513, 0.414282, -0.0328303, -0.998261, 0.0416147
5.42483, 5.86118, 0.420492, -0.0424367, -0.997768, 0.0419836
5.42488, 5.85503, 0.418893, 0.0253349, 0.998881, -0.0297677
5.42227, 5.83651, 0.421515, -0.0201956, -0.999238, 0.0276346
5.42245, 5.84623, 0.425155, -0.0298942, -0.998995, 0.0298032
5.42385, 5.82351, 0.419151, -0.0210513, -0.998873, 0.00623243
5.42296, 5.84367, 0.422344, -0.0344793, -0.998306, 0.0424905
5.4231, 5.8554, 0.4286, -0.0293023, -0.997832, 0.0499261
5.42148, 5.84801, 0.420022, 0.0333742, 0.998093, -0.0329558
5.42346, 5.83735, 0.423612, 0.0207424, 0.99958, -0.0194554
5.42167, 5.84518, 0.421252, 0.0284551, 0.999444, -0.0159949
5.42696, 5.86001, 0.418596, 0.0220602, 0.998144, -0.0518271
5.42277, 5.83748, 0.425535, -0.0267661, -0.999505, 0.0158443
5.42243, 5.83724, 0.42678, -0.0169179, -0.998518, 0.0472491
5.42052, 5.84445, 0.425416, -0.0196735, -0.998621, 0.0402773
5.42295, 5.84323, 0.423468, 0.026004, 0.998532, -0.0414622
5.42277, 5.83511, 0.424001, -0.0260209, -0.998415, 0.0484394
5.42222, 5.83617, 0.421812, 0.0234876, 0.998847, -0.0354119
5.42489, 5.83155, 0.421126, 0.0276468, 0.999133, -0.0223678
5.42492, 5.85124, 0.425801, -0.0245656, -0.998968, 0.0273753
5.42519, 5.83801, 0.423533, 0.0246583, 0.999234, -0.0247641
5.4255, 5.85347, 0.426182, 0.0244804, 0.999306, -0.0233629
5.4222, 5.83873, 0.430284, -0.0339567, -0.998333, 0.0420865
5.42045, 5.83846, 0.422089, -0.0248525, -0.999458, 0.0190414
5.42426, 5.85426, 0.422013, 0.0255858, 0.998561, -0.0362429
5.42408, 5.83853, 0.425958, -0.0310159, -0.999305, 0.0184962
5.425, 5.84198, 0.423014, -0.0232249, -0.998757, 0.033335
5.42245, 5.84737, 0.42077, 0.0195141, 0.999109, -0.0265177
5.42467, 5.84754, 0.425745, -0.0179996, -0.999373, 0.0270732
5.42285, 5.84685, 0.417901, -0.028761, -0.999351, 0.0141212
5.42559, 5.8686, 0.431593, 0.0309851, 0.998765, -0.03653
5.42413, 5.84313, 0.424586, -0.0235212, -0.998908, 0.0370231
5.42314, 5.84858, 0.428907, -0.0261952, -0.99883, 0.0377837
5.42263, 5.8496, 0.426247, -0.0237448, -0.998807, 0.0388837
5.42377, 5.84044, 0.429589, 0.0277206, 0.99885, -0.034319
5.42468, 5.84135, 0.418493, 0.0193842, 0.999564, -0.0208269
5.42346, 5.86202, 0.42366, -0.0270073, -0.998288, 0.0443745
5.42298, 5.85376, 0.428281, -0.0304028, -0.998007, 0.0439651
5.42145, 5.85326, 0.424479, 0.0337804, 0.999236, -0.0183337
5.42407, 5.85403, 0.421653, 0.021582, 0.999466, -0.0231808
5.42368, 5.83976, 0.424244, -0.0300617, -0.999461, 0.0122746
5.42182, 5.82956, 0.425732, 0.0229812, 0.999373, -0.0182852
5.42045, 5.86089, 0.42724, -0.0292145, -0.998661, 0.0342005
5.42275, 5.8491, 0.426809, -0.0354648, -0.998326, 0.0433584
5.42179, 5.86244, 0.422009, 0.0246597, 0.998583, -0.0429025
5.42301, 5.84878, 0.424654, 0.030656, 0.998774, -0.0357939
5.42302, 5.84162, 0.420991, -0.030034, -0.999165, 0.00678542
5.42275, 5.83907, 0.420589, 0.0262737, 0.99843, -0.0380997
5.41764, 5.84989, 0.422273, 0.0242126, 0.998845, -0.0346045
5.42024, 5.84611, 0.427287, -0.0218892, -0.99895, 0.0299467
5.42004, 5.85242, 0.429351, -0.0335126, -0.998527, 0.0383118
5.42546, 5.84892, 0.422994, -0.0245677, -0.999075, 0.0259928
5.42608, 5.8606, 0.418768, 0.0230757, 0.999257, -0.0290603
5.42339, 5.87225, 0.423751, -0.0283403, -0.997463, 0.0596606
5.42405, 5.84073, 0.41745, -0.0297232, -0.998963, 0.0276651
5.42566, 5.8387, 0.422459, 0.0194623, 0.998805, -0.0413521
5.42225, 5.84571, 0.422404, -0.024432, -0.998794, 0.0391421
5.42077, 5.85451, 0.421764, 0.0284847, 0.998968, -0.0314241
5.42402, 5.86477, 0.423984, 0.0242478, 0.99894, -0.0356838
5.42564, 5.84058, 0.422947, -0.0187956, -0.999311, 0.0293719
5.42319, 5.84142, 0.418774, -0.0252189, -0.999605, 0.00604878
5.42329, 5.83932, 0.420356, -0.0213949, -0.999588, 0.0176897
5.42086, 5.84631, 0.418474, -0.0321081, -0.999209, 0.0180309
5.42171, 5.8603, 0.42546, -0.0214317, -0.998351, 0.0464597
5.41896, 5.84059, 0.426603, -0.0289519, -0.998894, 0.0312106
5.41967, 5.8374, 0.423335, 0.0211274, 0.999424, -0.019665
5.42305, 5.83904, 0.424148, 0.0269558, 0.999044, -0.0277837
5.42323, 5.84083, 0.425701, 0.0400255, 0.99856, -0.0330648
5.42406, 5.84103, 0.421831, 0.0227531, 0.998957, -0.0341748
5.42042, 5.85524, 0.426995, 0.0120247, 0.998202, -0.0533262
5.42324, 5.849, 0.418089, 0.0260384, 0.999053, -0.0246906
5.42459, 5.84102, 0.41675, 0.0277866, 0.999219, -0.0197655
5.42185, 5.85235, 0.428187, -0.0280323, -0.998898, 0.0353255
5.42335, 5.83827, 0.420254, -0.0261667, -0.999404, 0.0190656
5.42126, 5.84689, 0.422432, -0.0236657, -0.999251, 0.0272723
5.4216, 5.85183, 0.427059, -0.0327771, -0.997973, 0.0491068
5.42219, 5.84809, 0.420949, -0.0254035, -0.999392, 0.0215409
5.42296, 5.84923, 0.420398, -0.022293, -0.999168, 0.0304175
5.42303, 5.84039, 0.420897, 0.0252603, 0.99901, -0.0327894
5.4243, 5.84025, 0.420654, -0.0211935, -0.99959, 0.0124789
5.41977, 5.83843, 0.428391, -0.0231247, -0.999292, 0.0269507
5.42594, 5.83943, 0.422692, -0.0142811, -0.997272, 0.0678063
5.42172, 5.83803, 0.421638, -0.016653, -0.999509, 0.0225883
5.42496, 5.83818, 0.418653, 0.0213682, 0.999313, -0.0240351
5.42282, 5.83492, 0.423135, -0.0248708, -0.999223, 0.017753
5.42311, 5.84051, 0.42542, -0.0241173, -0.998681, 0.0370325
5.4238, 5.84835, 0.422606, 0.0337682, 0.998571, -0.0331088
5.42229, 5.84015, 0.422569, 0.0217741, 0.999502, -0.0198395
5.42384, 5.85586, 0.41772, 0.0299066, 0.998833, -0.0337048
5.42228, 5.83993, 0.425147, 0.0276937, 0.999134, -0.0255212
5.42223, 5.83916, 0.42065, -0.0258662, -0.9995, 0.0145746
5.42118, 5.84789, 0.41866, 0.0307807, 0.999237, -0.0183921
5.42459, 5.84039, 0.422844, 0.0272944, 0.999207, -0.0261872
5.42279, 5.83863, 0.41637, -0.0295204, -0.999103, 0.0259829
5.42578, 5.86096, 0.422615, -0.0253949, -0.997729, 0.0573011
5.42288, 5.85436, 0.417849, -0.0239171, -0.998775, 0.0324956
5.41879, 5.84299, 0.423564, -0.0176889, -0.99952, 0.0238498
5.42527, 5.85971, 0.420482, -0.0250915, -0.998657, 0.0426105
5.42329, 5.8403, 0.421683, -0.0268743, -0.999326, 0.0208441
5.41971, 5.84178, 0.422958, 0.0351067, 0.998401, -0.0415419
5.42527, 5.83767, 0.417262, 0.0199564, 0.999519, -0.0208622
5.42269, 5.84597, 0.421817, 0.0338532, 0.998584, -0.0353012
5.42317, 5.84206, 0.421034, 0.0246079, 0.999514, -0.00143221
5.4216, 5.82916, 0.423479, 0.0339923, 0.998644, -0.0359653
5.42206, 5.85569, 0.421187, -0.0249417, -0.998532, 0.0408145
5.42284, 5.84892, 0.420829, -0.0258519, -0.999218, 0.022353
5.4227, 5.83752, 0.422895, -0.0273549, -0.998254, 0.051727
5.42292, 5.84569, 0.425951, 0.0252021, 0.999208, -0.0290157
5.42702, 5.8467, 0.416365, -0.0216651, -0.998766, 0.0395079
5.42475, 5.8621, 0.418139, 0.0286727, 0.998751, -0.029821
5.42263, 5.85353, 0.423457, -0.0131728, -0.998592, 0.033048
5.42496, 5.85384, 0.426555, -0.0217408, -0.998643, 0.037672
5.42494, 5.8394, 0.425457, -0.0293898, -0.998824, 0.0256988
5.42346, 5.84957, 0.420534, -0.0321055, -0.998991, 0.0243284
5.42178, 5.8561, 0.422029, -0.0250396, -0.998327, 0.0439779
5.4226, 5.83949, 0.422111, 0.0182461, 0.999441, -0.0247655
5.42233, 5.85512, 0.425612, -0.0227065, -0.998984, 0.0363962
5.42175, 5.83808, 0.425147, 0.026615, 0.999453, -0.0166421
5.42497, 5.83987, 0.420836, -0.0203558, -0.999081, 0.0367644
5.42459, 5.8473, 0.418956, 0.0176751, 0.999008, -0.0221982
5.42662, 5.84009, 0.422767, -0.0304702, -0.999061, 0.0261213
5.42108, 5.83722, 0.425113, -0.0237628, -0.999272, 0.0296914
5.4226, 5.84058, 0.418458, -0.0262257, -0.999379, 0.0218955
5.42192, 5.8356, 0.418694, -0.0227114, -0.999581, 0.0160554
5.42325, 5.84613, 0.421362, 0.022743, 0.998756, -0.0402682
5.42107, 5.84578, 0.422612, 0.0303539, 0.999035, -0.0304862
5.42357, 5.84569, 0.423192, 0.0253173, 0.99896, -0.0318875
5.42142, 5.83141, 0.426601, 0.0239938, 0.999496, -0.0184102
5.4255, 5.84031, 0.420839, 0.0209658, 0.999269, -0.0269694
5.42073, 5.84154, 0.424099, -0.0207078, -0.998946, 0.0315511
5.42389, 5.83716, 0.424308, -0.0248618, -0.997691, 0.0563625
5.42553, 5.83915, 0.417397, 0.0346508, 0.998406, -0.0385957
5.42346, 5.84811, 0.419004, -0.0208518, -0.999405, 0.0257909
5.42316, 5.84751, 0.422234, -0.0221869, -0.9988, 0.042707
5.42204, 5.84197, 0.424747, -0.0280667, -0.999242, 0.0204453
5.42316, 5.83742, 0.423535, 0.0320903, 0.999224, -0.0152723
5.42405, 5.84391, 0.419962, 0.0199007, 0.998995, -0.0242536
5.42248, 5.82564, 0.424101, 0.0214755, 0.998738, 0.00363495
5.42009, 5.84519, 0.418468, 0.0243092, 0.999132, -0.0218246
5.41926, 5.8383, 0.423379, 0.021665, 0.999568, -0.0169172
5.42152, 5.83845, 0.432031, -0.030458, -0.999356, 0.0166948
5.42331, 5.83917, 0.418301, 0.0295999, 0.998665, -0.0399677
5.42407, 5.83997, 0.421907, 0.02127, 0.998798, -0.0385577
5.4228, 5.83918, 0.424953, 0.0273265, 0.998741, -0.032177
5.422, 5.84071, 0.422515, -0.0123424, -0.999057, 0.0323611
5.42215, 5.83966, 0.416781, 0.0254495, 0.999458, -0.00967693
5.42447, 5.84636, 0.430223, -0.0286319, -0.999461, 0.0152062
5.42017, 5.84652, 0.42441, 0.0250761, 0.999555, -0.0147694
5.42227, 5.84094, 0.426367, -0.0275998, -0.998554, 0.0359811
5.42208, 5.84518, 0.422574, 0.0342472, 0.9981, -0.0310876
5.42117, 5.84887, 0.420931, 0.0211976, 0.999546, -0.0172644
5.42452, 5.83817, 0.427391, 0.0193636, 0.999343, -0.0283004
5.42151, 5.84067, 0.421452, 0.0297382, 0.999209, -0.0241179
5.42169, 5.85321, 0.424623, 0.0270063, 0.999334, -0.0199046
5.42356, 5.85123, 0.42197, 0.0276057, 0.998968, -0.0345595
5.4206, 5.83527, 0.422941, 0.0174611, 0.999557, -0.00925691
5.41986, 5.84043, 0.423367, -0.0202612, -0.999527, 0.0196167
5.42371, 5.8404, 0.419669, 0.0240514, 0.998956, -0.0325542
5.41984, 5.85358, 0.421139, 0.025491, 0.998417, -0.0433469
5.42273, 5.82402, 0.419907, 0.0239786, 0.999003, -0.0314993
5.42185, 5.83922, 0.425795, 0.0310445, 0.99919, -0.0216112
5.42445, 5.842, 0.423002, -0.029038, -0.99872, 0.0369952
5.42013, 5.8418, 0.420964, 0.0230133, 0.999184, -0.0299145
5.4204, 5.85585, 0.422969, -0.0226465, -0.998462, 0.0399661
5.42296, 5.83736, 0.425894, -0.0282876, -0.999272, 0.0198066
5.42216, 5.84736, 0.424125, 0.0252244, 0.999395, -0.019744
5.42107, 5.8382, 0.422685, 0.0209793, 0.999421, -0.0201411
5.41997, 5.84667, 0.427672, 0.0253028, 0.998944, -0.0322144
5.42569, 5.84787, 0.422448, 0.0267401, 0.999226, -0.0260249
5.42388, 5.84377, 0.421763, 0.0259741, 0.999601, -0.010108
5.42264, 5.85224, 0.420026, 0.013549, 0.999008, -0.0398923
5.42265, 5.83877, 0.427669, -0.0206254, -0.999417, 0.0217488
5.42582, 5.84692, 0.421247, 0.0311645, 0.997748, -0.0555942
5.41904, 5.82038, 0.423005, 0.0210104, 0.999694, -0.00942852
5.42479, 5.83888, 0.422211, -0.0253145, -0.999347, 0.0228387
5.4226, 5.85393, 0.423794, -0.0301202, -0.998912, 0.0316049
5.4232, 5.84056, 0.422541, 0.0298233, 0.999271, -0.0230742
5.42091, 5.84605, 0.42054, -0.0341577, -0.998839, 0.00889936
5.4206, 5.84944, 0.425035, 0.0148264, 0.998097, -0.0531
5.42027, 5.8417, 0.422648, 0.0327547, 0.999201, -0.020987
5.42189, 5.83146, 0.424055, 0.0230794, 0.998776, -0.0224016
5.4228, 5.87036, 0.422345, 0.0253797, 0.999066, -0.0316731
5.42328, 5.84003, 0.423822, 0.0161677, 0.999476, -0.0245379
5.42141, 5.83847, 0.423578, -0.0233076, -0.999575, 0.00620259
5.42232, 5.83999, 0.422082, 0.0266745, 0.998908, -0.0319571
5.42514, 5.84208, 0.420541, 0.020295, 0.999457, -0.0211928
5.41991, 5.84941, 0.42695, 0.023496, 0.998737, -0.0335919
5.41735, 5.82915, 0.430069, 0.0262043, 0.999449, -0.0170326
5.42218, 5.86126, 0.424023, 0.0231579, 0.998773, -0.0375141
5.4226, 5.84015, 0.416726, 0.0180301, 0.999515, -0.017266
5.42205, 5.84699, 0.425667, -0.0323122, -0.998999, 0.0288719
5.41912, 5.82358, 0.423893, -0.0197811, -0.999348, -0.00246469
5.42324, 5.84683, 0.422321, -0.0195022, -0.999384, 0.0250085
5.42092, 5.83804, 0.425195, -0.0200704, -0.999615, 0.0163378
5.42544, 5.85487, 0.418119, 0.0255958, 0.998148, -0.0480902
5.42147, 5.83793, 0.428684, 0.0196451, 0.999471, -0.0249346
5.42439, 5.85399, 0.422476, 0.0199992, 0.999523, -0.0210951
5.42319, 5.84721, 0.423396, 0.0204413, 0.999249, -0.0291652
5.41973, 5.84177, 0.422663, -0.0188934, -0.999623, 0.0186863
5.42697, 5.84814, 0.419461, 0.0233034, 0.998652, -0.0393439
5.42335, 5.86206, 0.424027, -0.0204785, -0.999069, 0.0359885
5.42365, 5.84804, 0.417224, -0.0257785, -0.999007, 0.0277529
5.42296, 5.84037, 0.423086, -0.0202797, -0.999586, 0.0197217
5.4202, 5.84018, 0.425157, -0.0289026, -0.998936, 0.0289134
5.42556, 5.84019, 0.422397, -0.0130843, -0.999287, 0.0311927
5.42351, 5.85402, 0.42535, 0.0263616, 0.999314, -0.0198745
5.42307, 5.83899, 0.418008, 0.0177395, 0.999581, -0.00643034
5.42136, 5.84012, 0.423437, 0.025566, 0.998877, -0.0275974
5.42232, 5.84448, 0.424637, 0.0306113, 0.998944, -0.0326685
5.42424, 5.85579, 0.420345, -0.0194817, -0.999136, 0.0319117
5.42351, 5.84177, 0.423574, -0.020825, -0.999408, 0.023838
5.42156, 5.84591, 0.425588, -0.0262174, -0.999149, 0.0287128
5.42098, 5.84559, 0.421466, 0.0315457, 0.999224, -0.0138473
5.42017, 5.84644, 0.424273, -0.0285605, -0.999153, 0.0228092
5.42305, 5.83744, 0.426449, -0.0228121, -0.999498, 0.0166825
5.42285, 5.82997, 0.421377, -0.0263254, -0.999582, 0.0018425
5.42251, 5.84444, 0.4228, 0.0234022, 0.999193, -0.0323421
5.42225, 5.84097, 0.421773, -0.0226341, -0.999047, 0.0310791
5.42207, 5.83932, 0.422638, -0.0293846, -0.998597, 0.0389354
5.42054, 5.84901, 0.42424, -0.0343764, -0.9991, 0.0198604
5.42615, 5.83904, 0.417141, -0.0178677, -0.998876, 0.0141805
5.42559, 5.84644, 0.426653, 0.02558, 0.998884, -0.0341635
5.42397, 5.84078, 0.421616, 0.0141478, 0.998277, -0.0474526
5.4248, 5.86066, 0.425479, -0.0292931, -0.998415, 0.035309
5.42009, 5.84006, 0.42492, 0.0278945, 0.999259, -0.0254834
5.41924, 5.85802, 0.424068, 0.0381054, 0.9979, -0.0474115
5.41969, 5.84305, 0.423894, 0.0349977, 0.998572, -0.0342303
5.42064, 5.84606, 0.425594, 0.0304449, 0.998484, -0.038224
5.42544, 5.84887, 0.421026, -0.0280958, -0.998501, 0.0390025
5.42363, 5.83875, 0.426775, -0.0287462, -0.999216, 0.0216851
5.42261, 5.84231, 0.422604, -0.0248842, -0.999065, 0.0342971
5.42219, 5.83829, 0.425505, 0.0213614, 0.999266, -0.0245497
5.42357, 5.84012, 0.428694, 0.0263434, 0.998795, -0.0366542
5.42258, 5.86114, 0.420758, -0.0131005, -0.998285, 0.052172
5.42852, 5.85481, 0.420835, -0.0231696, -0.998608, 0.0391889
5.42294, 5.85407, 0.422393, -0.0217289, -0.999555, 0.017227
5.42229, 5.84611, 0.425665, 0.0257289, 0.99896, -0.0278586
5.42155, 5.83959, 0.421718, -0.0228927, -0.999517, 0.0177334
5.42129, 5.83014, 0.422909, -0.0204998, -0.999532, 0.00860735
5.42463, 5.84322, 0.415462, 0.0302558, 0.998861, -0.0283384
5.42144, 5.83672, 0.422429, -0.0311026, -0.999081, 0.027483
5.42156, 5.83612, 0.423082, 0.0282941, 0.99942, -0.0158356
5.42131, 5.84475, 0.418305, -0.0305351, -0.99921, 0.0203986
5.42151, 5.85386, 0.421836, 0.0241698, 0.999349, -0.0241723
5.42141, 5.84611, 0.426669, -0.0222897, -0.99889, 0.0402615
5.4243, 5.84529, 0.426448, 0.0269943, 0.999438, -0.0153432
5.42119, 5.83524, 0.425007, 0.026208, 0.999317, -0.0208544
5.42185, 5.84142, 0.424011, -0.0198685, -0.999587, 0.0169263
5.42111, 5.84476, 0.423876, -0.0283777, -0.998958, 0.0319515
5.4249, 5.84698, 0.425421, -0.022657, -0.998699, 0.0412328
5.41947, 5.85497, 0.423138, -0.0239909, -0.999133, 0.0335064
5.42075, 5.85666, 0.423823, -0.0278119, -0.998938, 0.0322621
5.42424, 5.86963, 0.423025, -0.0323335, -0.998553, 0.0373412
5.42295, 5.84039, 0.424593, -0.0209426, -0.999295, 0.0277821
5.42336, 5.84695, 0.423843, 0.0268899, 0.998758, -0.032564
5.42148, 5.82882, 0.418785, 0.0245596, 0.999278, -0.0255013
5.42099, 5.83974, 0.42601, 0.0279464, 0.999077, -0.0308253
5.42107, 5.84054, 0.422645, -0.0185054, -0.999263, 0.0147937
5.41985, 5.83865, 0.421114, 0.0304534, 0.999327, -0.0117373
5.4224, 5.8421, 0.421969, 0.0296156, 0.999364, -0.0185396
5.42283, 5.84591, 0.423146, -0.0309112, -0.999156, 0.0221574
5.42093, 5.83959, 0.417497, -0.0237699, -0.999524, 0.00945772
5.42307, 5.83941, 0.422972, -0.0250944, -0.998246, 0.0439241
5.42379, 5.85012, 0.420866, 0.0214767, 0.998893, -0.0304447
5.4265, 5.83941, 0.419163, 0.0206323, 0.99969, -0.0126916
5.42319, 5.84705, 0.416106, -0.0311064, -0.997977, 0.0514739
5.42161, 5.83563, 0.426169, 0.0333185, 0.999182, -0.0211029
5.42085, 5.86164, 0.424698, 0.0299666, 0.998809, -0.0318555
5.4219, 5.84603, 0.423769, -0.0250966, -0.999056, 0.0309375
5.4258, 5.84728, 0.422783, 0.021343, 0.999246, -0.019906
5.42331, 5.84456, 0.426744, -0.0343919, -0.998879, 0.0291926
5.42331, 5.85309, 0.418841, 0.0308341, 0.999223, -0.0208728
5.42294, 5.84868, 0.421497, 0.0272458, 0.99919, -0.0261761
5.42672, 5.83949, 0.41897, -0.0216992, -0.999098, 0.0339213
5.42191, 5.84091, 0.414692, -0.0304745, -0.999415, 0.00762326
5.42305, 5.84493, 0.420145, 0.0387305, 0.99868, -0.0239022
5.42014, 5.8383, 0.422467, 0.0259422, 0.999224, -0.0272967
5.42293, 5.83807, 0.428202, -0.0324537, -0.998857, 0.0309554
5.42476, 5.84781, 0.419058, -0.0215853, -0.998181, 0.0519006
5.42558, 5.86196, 0.419587, 0.0242901, 0.999211, -0.0282157
5.4239, 5.84586, 0.42671, -0.0273421, -0.99919, 0.0241806
5.4249, 5.86792, 0.41885, 0.0203517, 0.998431, -0.0401652
5.42015, 5.84594, 0.425353, 0.0299201, 0.998713, -0.0375421
5.42187, 5.84055, 0.418104, 0.0290736, 0.999339, -0.0186841
5.42116, 5.83706, 0.420885, -0.0267682, -0.999345, 0.0226901
5.42263, 5.83674, 0.427807, 0.0266626, 0.999077, -0.030902
5.42327, 5.85403, 0.418901, -0.0244787, -0.999504, 0.0171526
5.42078, 5.83955, 0.424066, -0.0189042, -0.999742, 0.0102036
5.42011, 5.86598, 0.426608, 0.0411216, 0.99754, -0.0520971
5.42451, 5.86474, 0.423385, 0.022376, 0.998693, -0.0432095
5.42328, 5.84457, 0.425841, -0.0310438, -0.99879, 0.0361503
5.42325, 5.8437, 0.426326, 0.0251594, 0.999337, -0.0246506
5.42306, 5.8481, 0.421806, -0.0245339, -0.99926, 0.0263804
5.42548, 5.84674, 0.429654, -0.0312864, -0.998736, 0.0352259
5.42314, 5.84005, 0.426908, 0.0328953, 0.997727, -0.0514188
5.41892, 5.84653, 0.4232, -0.0305506, -0.999259, 0.014268
5.42309, 5.84879, 0.41897, 0.0267581, 0.999416, -0.0143983
5.425, 5.85607, 0.420274, -0.0187255, -0.998647, 0.0359174
5.42321, 5.83878, 0.422344, 0.0208262, 0.998534, -0.0434258
5.42365, 5.85309, 0.419313, 0.0161378, 0.998901, -0.0366532
5.41686, 5.84354, 0.428387, 0.0181418, 0.998991, -0.038809
5.42311, 5.8411, 0.422292, 0.0361556, 0.998765, -0.0291106
5.42214, 5.83995, 0.420769, 0.0259492, 0.999352, -0.0197519
5.41748, 5.83697, 0.427196, -0.019958, -0.999231, 0.0305023
5.4223, 5.84779, 0.424705, -0.0349738, -0.998501, 0.0325729
5.42071, 5.83999, 0.422131, -0.0254114, -0.999272, 0.0251286
5.42362, 5.84746, 0.427563, -0.0359708, -0.998605, 0.0362283
5.42101, 5.84109, 0.424764, 0.0246938, 0.999283, -0.0260571
5.42245, 5.86346, 0.42096, -0.0251043, -0.99958, 0.0130042
5.42153, 5.84839, 0.421841, 0.0282333, 0.999346, -0.0185671
5.42199, 5.83931, 0.423721, -0.0249112, -0.999536, 0.012951
5.42372, 5.83907, 0.422776, -0.02392, -0.999185, 0.0304106
5.4197, 5.8436, 0.425591, -0.025287, -0.99938, 0.0235285
5.42379, 5.83883, 0.425263, -0.0265168, -0.999152, 0.0262953
5.42033, 5.84616, 0.420715, 0.0309728, 0.999159, -0.0210591
5.42289, 5.86933, 0.423749, -0.0260757, -0.998031, 0.0520379
5.42168, 5.85904, 0.422899, -0.0389183, -0.998164, 0.0376651
5.42161, 5.8473, 0.42789, 0.029597, 0.99867, -0.0393358
5.42089, 5.84818, 0.421486, 0.0246489, 0.999477, -0.016801
5.42313, 5.84861, 0.423124, -0.0211807, -0.998619, 0.0389407
5.42291, 5.83987, 0.424754, -0.0307391, -0.998847, 0.0354031
5.42031, 5.83829, 0.418813, -0.0338413, -0.999076, 0.0236215
5.42559, 5.84739, 0.419405, 0.0216537, 0.999089, -0.0281735
5.42368, 5.83802, 0.429387, -0.0296052, -0.999079, 0.0278855
5.42419, 5.83898, 0.416445, 0.0297135, 0.999182, -0.0247373
5.42106, 5.83817, 0.419775, 0.032013, 0.999209, -0.0193006
5.42409, 5.8407, 0.420029, 0.0231938, 0.999241, -0.0267389
5.42721, 5.86277, 0.4256, 0.0296616, 0.999009, -0.0288142
5.41845, 5.85446, 0.416051, 0.0330724, 0.998233, -0.0186196
