5.42026, 5.83622, 0.425274, -0.0331179, -0.999337, 0.0151095
5.42078, 5.8746, 0.429864, 0.0264241, 0.999246, -0.0284531
5.41463, 5.83594, 0.428401, -0.0244092, -0.99962, 0.0128274
5.42321, 5.84193, 0.417483, 0.0231147, 0.999701, -0.00803362
5.41684, 5.83581, 0.426915, 0.0363832, 0.997843, -0.0546436
5.42356, 5.87205, 0.427977, 0.0331549, 0.998255, -0.0488697
5.42139, 5.83943, 0.429133, -0.0349373, -0.998722, 0.0365235
5.42612, 5.84143, 0.427671, -0.019237, -0.998851, 0.0438898
5.4218, 5.84194, 0.42278, -0.0124781, -0.999621, 0.0245483
5.42054, 5.80124, 0.434932, -0.0276035, -0.999332, 0.023931
5.42085, 5.84311, 0.429865, -0.0177927, -0.998323, 0.0550917
5.41888, 5.83534, 0.424686, -0.0337908, -0.999394, 0.00829493
5.42018, 5.83446, 0.416232, -0.0264945, -0.999556, 0.0136378
5.42334, 5.87673, 0.425535, -0.021547, -0.997894, 0.0611823
5.43174, 5.83968, 0.417242, 0.00692381, 0.997807, -0.0658316
5.42188, 5.84203, 0.418583, 0.00663124, 0.999014, -0.0439059
5.42287, 5.83603, 0.415042, -0.0436987, -0.998975, 0.011828
5.42463, 5.84402, 0.423186, 0.0416565, 0.998981, -0.0173856
5.41893, 5.83553, 0.422052, -0.0176052, -0.999822, -0.00679892
5.42171, 5.83444, 0.431477, 0.035237, 0.998735, -0.0358834
5.42369, 5.83663, 0.420826, -0.0179942, -0.999093, 0.0385855
5.42326, 5.84411, 0.424086, -0.020658, -0.998326, 0.0540203
5.42131, 5.84205, 0.42095, 0.0220196, 0.999678, -0.0125689
5.42024, 5.83593, 0.418385, -0.0227439, -0.999741, 0.000476573
5.42148, 5.84165, 0.418745, -0.0108358, -0.999879, 0.0111645
5.41395, 5.84462, 0.431263, 0.0339935, 0.999146, -0.0234927
5.42493, 5.87771, 0.42243, 0.0559582, 0.996465, -0.0626601
5.4259, 5.84105, 0.420239, -0.0119858, -0.999638, 0.0240903
5.42383, 5.83575, 0.415254, 0.0042806, 0.999272, -0.0379076
5.41843, 5.83572, 0.426714, 0.0329219, 0.998454, -0.0447924
5.42439, 5.83734, 0.425582, -0.0236365, -0.999453, 0.0231214
5.41368, 5.8762, 0.425276, -0.0223816, -0.99935, 0.028277
5.43012, 5.79594, 0.406575, -0.0168798, -0.999708, 0.0173036
5.4235, 5.83965, 0.432185, -0.0117971, -0.999923, -0.00387885
5.42422, 5.87504, 0.422151, -0.0245314, -0.999648, 0.010141
5.42224, 5.83663, 0.428479, 0.0312886, 0.999233, -0.0235664
5.42167, 5.84246, 0.419177, 0.0177954, 0.999523, -0.0252367
5.4275, 5.84094, 0.420516, 0.0189027, 0.999624, -0.0198499
5.42431, 5.83632, 0.41835, 0.028065, 0.998793, -0.0403163
5.42444, 5.84134, 0.416871, 0.0328257, 0.999446, 0.005422
5.42128, 5.84193, 0.41294, -0.0210931, -0.999707, -0.0119077
5.4287, 5.87471, 0.414773, 0.0190101, 0.997754, -0.0642378
5.4238, 5.84143, 0.420426, -0.0204796, -0.998814, 0.0441752
5.42213, 5.84222, 0.417781, 0.0347157, 0.999386, -0.00477084
5.42644, 5.84034, 0.418213, 0.0278576, 0.999469, -0.0169249
5.42211, 5.83803, 0.43945, 0.0353005, 0.998971, -0.0284706
5.42247, 5.84143, 0.421055, 0.0273287, 0.998835, -0.03978
5.42256, 5.87653, 0.419165, 0.0107867, 0.99981, -0.0162416
5.42673, 5.84074, 0.417732, -0.0294396, -0.999167, 0.0282577
5.42554, 5.83663, 0.418634, 0.0155771, 0.99912, -0.0389459
5.42267, 5.84239, 0.42208, 0.0467789, 0.997999, -0.0425389
5.42427, 5.83763, 0.423679, -0.0309044, -0.999236, 0.0239271
5.42685, 5.83403, 0.438083, -0.0348643, -0.998969, 0.0290708
5.42614, 5.84134, 0.420035, 0.031802, 0.999445, -0.00991859
5.42412, 5.84103, 0.41998, -0.0228719, -0.999003, 0.038326
5.41842, 5.83806, 0.422925, 0.0128397, 0.999661, -0.0226499
5.42147, 5.83765, 0.424664, 0.0131819, 0.999879, -0.00822154
5.41839, 5.83906, 0.436068, 0.0208631, 0.999652, -0.0161424
5.42592, 5.83705, 0.421164, -0.0170049, -0.999754, 0.0142123
5.42671, 5.84074, 0.426368, -0.0347435, -0.999153, 0.0220628
5.42349, 5.84194, 0.41891, 0.0230589, 0.999595, -0.0166795
5.4178, 5.83663, 0.426319, 0.0239108, 0.999262, -0.0300479
5.42274, 5.83806, 0.422464, -0.0201989, -0.999676, 0.0154979
5.41866, 5.86927, 0.429475, 0.0333825, 0.998664, -0.039432
5.42366, 5.87511, 0.421164, -0.0321469, -0.999076, 0.0285214
5.42638, 5.88098, 0.4224, 0.0148181, 0.997504, -0.0690366
5.41501, 5.83675, 0.424416, 0.031788, 0.999159, -0.0258837
5.42138, 5.83646, 0.423755, 0.0264573, 0.999516, -0.0163309
5.41994, 5.83575, 0.423292, -0.0198637, -0.999276, 0.0324605
5.4246, 5.87572, 0.424637, -0.030052, -0.999316, 0.0215588
5.42494, 5.87792, 0.430494, 0.027459, 0.998168, -0.053908
5.42353, 5.83572, 0.427425, 0.0331927, 0.998502, -0.0434951
5.42489, 5.8408, 0.422626, 0.0169651, 0.997865, -0.0630745
5.42327, 5.8356, 0.427008, -0.0287502, -0.998407, 0.0485568
5.41606, 5.83594, 0.432379, -0.0224131, -0.999621, 0.0159863
5.42301, 5.87591, 0.415459, 0.0744563, 0.996713, -0.0319146
5.42716, 5.83712, 0.421408, 0.00809936, 0.99832, -0.0573693
5.42354, 5.84165, 0.420874, 0.00667774, 0.999868, -0.0148029
5.42699, 5.84074, 0.415473, 0.0329113, 0.999331, -0.0159517
5.42895, 5.87395, 0.424601, 0.0356428, 0.998273, -0.0467049
5.4152, 5.83634, 0.436791, -0.0165378, -0.999437, 0.0291989
5.42443, 5.84393, 0.421971, 0.0263786, 0.999576, -0.0123252
5.42035, 5.83794, 0.420067, -0.0264049, -0.999596, 0.0104819
5.41835, 5.83993, 0.431307, -0.0234799, -0.999707, 0.00586526
5.41837, 5.83645, 0.413635, -0.0545424, -0.996544, 0.0626549
5.42702, 5.83505, 0.420772, -0.0176164, -0.999759, 0.0131031
5.41894, 5.8463, 0.435562, -0.0314617, -0.998619, 0.0420633
5.42241, 5.83931, 0.428737, -0.0420287, -0.998777, 0.0260385
5.4255, 5.87639, 0.426654, 0.0279493, 0.998824, -0.0396116
5.42506, 5.87759, 0.427918, 0.0300159, 0.999129, -0.0289809
5.42504, 5.83434, 0.431962, 0.0318188, 0.999403, -0.0134452
5.42618, 5.84068, 0.415573, 0.0208848, 0.997838, -0.0623195
5.42256, 5.83603, 0.422919, 0.0322257, 0.999, -0.030991
5.4222, 5.87526, 0.424421, 0.0255962, 0.997227, -0.069885
5.42047, 5.83546, 0.417694, 0.0240217, 0.999569, -0.0168896
5.42048, 5.84334, 0.429376, 0.0280751, 0.999416, -0.0194562
5.41988, 5.83693, 0.420117, 0.0237949, 0.999703, 0.00533035
5.42727, 5.84411, 0.423953, -0.00973065, -0.998341, 0.0567536
5.41889, 5.84534, 0.423787, -0.0270579, -0.999468, 0.0182272
5.427, 5.83763, 0.422538, 0.0337555, 0.999221, -0.0204595
5.42028, 5.83743, 0.434482, 0.0225129, 0.998827, -0.0428735
5.42183, 5.83963, 0.433626, 0.0224999, 0.999119, -0.0354264
5.4273, 5.83806, 0.425156, -0.0179641, -0.999675, 0.0180841
5.42063, 5.83922, 0.43348, -0.035915, -0.999335, 0.0063256
5.41812, 5.83553, 0.422578, -0.0145397, -0.999863, 0.00796672
5.42521, 5.83731, 0.428675, -0.0274987, -0.998778, 0.0410708
5.42272, 5.84222, 0.423574, -0.0327541, -0.999375, 0.0133286
5.42218, 5.84274, 0.43468, -0.0209736, -0.999291, 0.0312615
5.42061, 5.8752, 0.421776, -0.0239268, -0.999374, 0.026059
5.42046, 5.84234, 0.415627, -0.0288875, -0.999432, 0.0173596
5.43123, 5.84275, 0.416213, -0.0222017, -0.997024, 0.0738315
5.42071, 5.83606, 0.416099, 0.0251104, 0.999672, -0.00494168
5.42195, 5.83481, 0.424296, -0.055795, -0.997726, 0.0378095
5.42447, 5.84174, 0.426855, -0.0243873, -0.999293, 0.0286237
5.42244, 5.83394, 0.419351, -0.0168127, -0.999621, 0.0218109
5.42042, 5.83494, 0.423154, 0.0250244, 0.999581, -0.014541
5.42259, 5.83791, 0.433446, -0.0213403, -0.998876, 0.0423144
5.42149, 5.83774, 0.421859, -0.0131953, -0.999295, 0.0351558
5.42056, 5.87759, 0.422734, -0.0306858, -0.99912, 0.0286053
5.4252, 5.84143, 0.425655, -0.0369758, -0.998829, 0.0312057
5.42068, 5.83846, 0.418021, -0.0299732, -0.999536, 0.00544979
5.41871, 5.87533, 0.432312, 0.00737856, 0.998021, -0.062454
5.41568, 5.87632, 0.421663, 0.0249649, 0.999474, -0.020682
5.41882, 5.83575, 0.42371, 0.0244759, 0.999187, -0.0320368
5.41893, 5.83593, 0.415133, 0.0230874, 0.999729, -0.00286358
5.41942, 5.84006, 0.426387, 0.0159925, 0.999669, -0.0201717
5.42163, 5.84194, 0.420893, 0.029061, 0.999577, -0.000764571
5.42056, 5.83934, 0.421819, -0.0320451, -0.999447, 0.00886732
5.42954, 5.84008, 0.421382, -0.0509669, -0.997564, 0.0476202
5.42369, 5.84311, 0.433771, -0.0353084, -0.998206, 0.0483566
5.42174, 5.84274, 0.428337, -0.0303337, -0.999207, 0.0258124
5.42342, 5.84134, 0.419772, 0.0302014, 0.999483, -0.0110538
5.42481, 5.87432, 0.419825, -0.0253175, -0.999462, 0.02085
5.41729, 5.87299, 0.42817, -0.0289588, -0.998989, 0.034374
5.41988, 5.80194, 0.422685, 0.02025, 0.999748, -0.00964231
5.4247, 5.83394, 0.426637, 0.0288567, 0.999574, 0.00431581
5.41812, 5.83563, 0.421515, -0.022618, -0.999252, 0.0313615
5.4222, 5.84222, 0.422276, 0.0334531, 0.999365, -0.0122825
5.42461, 5.84162, 0.416724, 0.0293273, 0.999107, -0.0304299
5.4219, 5.87432, 0.427038, -0.0192009, -0.996542, 0.0808414
5.42864, 5.83463, 0.413567, 0.0157018, 0.999103, -0.0393286
5.41931, 5.84322, 0.427125, 0.0249402, 0.99938, -0.0248546
5.4242, 5.84351, 0.429116, 0.0231897, 0.998116, -0.0567965
5.42042, 5.83846, 0.438175, -0.0271054, -0.999541, 0.0134958
5.42429, 5.83634, 0.427285, 0.0199227, 0.999474, -0.0256029
5.42594, 5.84294, 0.419652, -0.0222116, -0.999588, 0.0181798
5.42132, 5.84205, 0.419851, 0.0130142, 0.999798, -0.015282
5.4229, 5.80007, 0.411723, 0.0115486, 0.998952, 0.0442844
5.42774, 5.87505, 0.42009, 0.0395215, 0.998228, -0.0444794
5.42421, 5.80076, 0.429406, 0.0375453, 0.999295, 6.62559e-05
5.41917, 5.83903, 0.434246, 0.0246962, 0.999009, -0.0370313
5.4233, 5.84194, 0.423405, -0.0210781, -0.999592, 0.0192515
5.42244, 5.87939, 0.42683, -0.0423614, -0.998853, 0.0223319
5.42247, 5.80065, 0.428262, -0.0120733, -0.999915, 0.00488514
5.42274, 5.84134, 0.420859, 0.0250014, 0.999427, -0.022817
5.4268, 5.84094, 0.411711, 0.0252186, 0.999596, -0.0131317
5.42501, 5.84094, 0.42371, 0.0248115, 0.999595, -0.0138995
5.41939, 5.84303, 0.428862, 0.0291969, 0.998997, -0.0339341
5.42378, 5.84108, 0.411881, 0.0464388, 0.997543, -0.0524464
5.41884, 5.83593, 0.422817, -0.0200109, -0.999739, 0.0109856
5.42192, 5.84234, 0.412021, 0.0308742, 0.999494, -0.00765863
5.42632, 5.87904, 0.414691, 0.0337901, 0.998241, -0.0487177
5.42389, 5.84162, 0.422128, 0.0341467, 0.999216, -0.0200513
5.42204, 5.84234, 0.422959, -0.0238577, -0.999454, 0.0228734
5.42312, 5.83563, 0.415401, 0.0392788, 0.999222, -0.00360956
5.424, 5.84229, 0.405989, 0.0122607, -0.998206, 0.058607
5.42569, 5.84122, 0.414907, -0.0100424, -0.999368, 0.0340885
5.41951, 5.84627, 0.413124, 0.0412691, 0.997919, -0.0495393
5.42706, 5.84322, 0.420712, 0.0189256, 0.999339, -0.0310248
5.41616, 5.83606, 0.422223, -0.0179441, -0.999688, 0.0173524
5.42068, 5.83746, 0.422806, 0.0252915, 0.999563, -0.0153134
5.42129, 5.84271, 0.420659, -0.0352599, -0.998556, 0.0405364
5.42251, 5.83634, 0.421686, -0.0253406, -0.999433, 0.0221599
5.41767, 5.84334, 0.417853, -0.0326738, -0.999439, 0.00728894
5.42214, 5.83603, 0.428747, -0.0293142, -0.998932, 0.0357169
5.424, 5.83731, 0.425127, 0.0271929, 0.998757, -0.0417783
5.41947, 5.84143, 0.422942, -0.0178395, -0.996588, 0.080588
5.42045, 5.84194, 0.424418, 0.0206784, 0.999622, -0.0181276
5.41911, 5.87539, 0.422893, 0.0319476, 0.998832, -0.0362549
5.42684, 5.84193, 0.420291, 0.0178266, 0.999694, -0.0171732
5.41855, 5.83534, 0.436121, 0.0289962, 0.999456, -0.0157045
5.42245, 5.83403, 0.430841, -0.0285101, -0.999026, 0.033669
5.42163, 5.83691, 0.42513, -0.0383203, -0.998893, 0.0272882
5.42152, 5.84205, 0.416558, 0.0131217, 0.999799, -0.015163
5.42274, 5.83506, 0.422114, -0.0247154, -0.999647, 0.00975892
5.42043, 5.83765, 0.423193, 0.00629827, 0.99991, -0.0118609
5.41792, 5.83494, 0.434003, 0.0235434, 0.999628, -0.013735
5.42295, 5.83734, 0.42521, 0.0297244, 0.999463, -0.0137537
5.42539, 5.84134, 0.416196, -0.0296765, -0.99946, 0.0141376
5.41896, 5.84334, 0.414605, -0.0311798, -0.999481, 0.00805798
5.42016, 5.84262, 0.422028, 0.0293416, 0.99926, -0.0248831
5.42563, 5.88038, 0.425901, -0.0209785, -0.997376, 0.0692841
5.42579, 5.84199, 0.417143, 0.0393341, 0.998281, -0.0434583
5.41783, 5.84434, 0.414175, 0.0347067, 0.999393, -0.00285682
5.42134, 5.84234, 0.422819, -0.0215785, -0.999444, 0.0254052
5.41947, 5.83663, 0.427881, -0.0184745, -0.999261, 0.0337017
5.42198, 5.8356, 0.412673, -0.0395007, -0.998419, 0.039994
5.42265, 5.84234, 0.405191, -0.0300063, -0.999473, 0.0124156
5.42541, 5.87444, 0.416384, -0.0266502, -0.999529, 0.0152218
5.4226, 5.84174, 0.417887, 0.0332958, 0.999327, -0.0154033
5.41707, 5.84454, 0.431012, -0.0406795, -0.996706, 0.0701539
5.42717, 5.8736, 0.424426, -0.0442179, -0.996388, 0.0724962
5.42289, 5.83575, 0.414762, 0.0182801, 0.999189, -0.0358748
5.42146, 5.83634, 0.42893, -0.0278188, -0.999411, 0.0201092
5.42323, 5.83746, 0.423368, 0.0278191, 0.999531, -0.0127701
5.42573, 5.84091, 0.4193, 0.0446306, 0.998867, -0.0165013
5.42435, 5.83503, 0.427875, 0.0338147, 0.998984, -0.0297975
5.42713, 5.84122, 0.428461, 0.0302386, 0.999367, -0.0187569
5.42237, 5.83594, 0.421437, 0.0250239, 0.999602, -0.0129876
5.42608, 5.83541, 0.417053, 0.0208072, 0.997999, -0.0597004
5.42249, 5.84193, 0.420336, -0.0197529, -0.999728, 0.0123934
5.41974, 5.87554, 0.412669, 0.0362681, 0.996969, -0.068824
5.42276, 5.84193, 0.422018, -0.0185661, -0.99973, 0.0140064
5.42386, 5.84162, 0.4204, 0.0305928, 0.999245, -0.0239616
5.42498, 5.84105, 0.425999, -0.0201358, -0.999631, 0.018221
5.42381, 5.87559, 0.422229, -0.0386538, -0.997695, 0.0557667
5.42662, 5.88032, 0.41804, -0.0160584, -0.997974, 0.0615643
5.42351, 5.8812, 0.418356, -0.0284228, -0.999367, 0.0214067
5.42054, 5.83734, 0.41694, -0.0282657, -0.999445, 0.0176169
5.42847, 5.84031, 0.422808, -0.0417378, -0.998787, 0.0261107
5.42816, 5.83494, 0.412638, -0.024797, -0.999617, 0.0123012
5.4218, 5.83722, 0.42594, -0.0252973, -0.99939, 0.0240599
5.42481, 5.83875, 0.434034, 0.0268241, 0.999169, -0.0306756
5.43262, 5.88113, 0.421577, -0.00964187, 0.997804, -0.0655342
5.42499, 5.84128, 0.428396, 0.0265079, 0.997914, -0.0588593
5.42365, 5.8414, 0.424698, -0.0489203, -0.997963, 0.0409518
5.42625, 5.83534, 0.430189, -0.0226902, -0.999464, 0.0235897
5.43049, 5.84022, 0.422963, 0.0121807, 0.999373, -0.0332579
5.42736, 5.83612, 0.425525, 0.0432776, 0.998358, -0.0375417
5.42716, 5.87461, 0.413192, 0.0291914, 0.997819, -0.0591955
5.42256, 5.83603, 0.428267, -0.0313415, -0.998942, 0.0336538
5.42456, 5.84164, 0.426389, -0.0243884, -0.996952, 0.0741081
5.42139, 5.83874, 0.436407, -0.0302484, -0.999313, 0.0213993
5.42364, 5.83646, 0.424363, -0.0195825, -0.999513, 0.0242791
5.42159, 5.83553, 0.421739, 0.0155727, 0.999855, -0.0069762
5.42582, 5.83441, 0.425199, 0.0385055, 0.998005, -0.050037
5.41816, 5.84299, 0.417964, 0.0373539, 0.99814, -0.0481682
5.42553, 5.84094, 0.41871, -0.0222985, -0.999597, 0.0175414
5.42137, 5.83593, 0.411171, 0.00976577, 0.999737, -0.020741
5.42157, 5.83763, 0.424677, 0.0324009, 0.999095, -0.0275464
5.40284, 5.82899, 0.435152, 0.0271154, 0.997439, -0.0661899
5.42556, 5.83693, 0.419857, -0.0207605, -0.999748, 0.00859093
5.42777, 5.84236, 0.413112, -0.00900576, -0.997327, 0.0725065
5.4199, 5.8756, 0.421165, -0.0288395, -0.999239, 0.026246
5.4222, 5.83691, 0.425589, 0.0306941, 0.998861, -0.0365294
5.42368, 5.84074, 0.436177, 0.0336758, 0.999162, -0.0232666
5.42403, 5.83546, 0.418526, -0.0200711, -0.999559, 0.0218867
5.42213, 5.84193, 0.42182, -0.0127322, -0.999715, 0.0202085
5.42755, 5.84074, 0.423907, 0.0270026, 0.999317, -0.0252164
5.42475, 5.84322, 0.414556, -0.0298036, -0.999342, 0.0206852
5.42169, 5.83853, 0.418741, 0.0140156, 0.999822, -0.0126424
5.42362, 5.84134, 0.417017, 0.0286685, 0.999497, -0.0135322
5.42074, 5.86967, 0.429316, -0.029763, -0.997111, 0.0698864
5.42239, 5.83565, 0.419993, 0.00910229, 0.999874, -0.0129763
5.42628, 5.88132, 0.419661, 0.0242662, 0.999442, -0.022956
5.41609, 5.79679, 0.434575, -0.00324635, -0.999178, 0.0403951
5.42352, 5.86934, 0.416144, -0.0274825, -0.996582, 0.0779005
5.42336, 5.8418, 0.418458, 0.0175776, 0.997892, -0.0624729
5.42506, 5.84203, 0.429687, 0.0353965, 0.998974, -0.0282606
5.42301, 5.84222, 0.423151, -0.0301179, -0.999374, 0.0185501
5.42042, 5.84293, 0.420615, -0.0139189, -0.999712, 0.0195582
5.4199, 5.83763, 0.437025, -0.0261938, -0.999221, 0.0295298
5.42505, 5.87177, 0.42933, -0.0384767, -0.995733, 0.0838752
5.41945, 5.83743, 0.423646, 0.0280861, 0.998815, -0.0397346
5.41873, 5.83593, 0.418871, -0.0225354, -0.999735, 0.00463472
5.42392, 5.84099, 0.41775, -0.0317538, -0.998188, 0.0511195
5.41601, 5.84334, 0.422876, 0.0250299, 0.999431, -0.0226116
5.42207, 5.84291, 0.427465, 0.0284673, 0.998899, -0.037283
5.42238, 5.84234, 0.423873, 0.0273424, 0.999427, -0.0199338
5.41817, 5.83532, 0.435608, 0.0333543, 0.998783, -0.0363401
5.42647, 5.84153, 0.416268, 0.0141053, 0.999829, -0.0119686
5.42726, 5.87361, 0.42591, -0.0302906, -0.999253, 0.0240156
5.42331, 5.83463, 0.422773, 0.0270913, 0.999237, -0.0281489
5.42314, 5.84205, 0.421306, 0.0162542, 0.999689, -0.0189053
5.42754, 5.84093, 0.421534, -0.0205802, -0.999691, 0.0139299
5.42039, 5.84205, 0.419083, -0.022169, -0.999684, 0.0118335
5.41891, 5.83575, 0.426799, 0.0316449, 0.999198, -0.0245462
5.42632, 5.87336, 0.432078, -0.0313727, -0.995851, 0.0854165
5.42604, 5.83605, 0.414321, 0.0181049, 0.999795, -0.00901583
5.42439, 5.83916, 0.420396, -0.0194071, -0.996803, 0.0775076
5.42732, 5.88105, 0.426686, 0.012046, 0.998328, -0.0565376
5.4241, 5.84203, 0.415916, -0.0444436, -0.996721, 0.0676163
5.41748, 5.83846, 0.440727, -0.0241839, -0.999568, 0.0167227
5.42981, 5.84093, 0.421991, 0.0213608, 0.999717, -0.0104591
5.42523, 5.84134, 0.424936, -0.029275, -0.999407, 0.018133
5.42216, 5.83943, 0.431082, 0.0219306, 0.998699, -0.0460386
5.41877, 5.87526, 0.433873, -0.0304593, -0.998633, 0.0424809
5.42237, 5.83934, 0.430527, 0.0314112, 0.999415, -0.0135237
5.42624, 5.83634, 0.417245, 0.018735, 0.999428, -0.0281517
5.41776, 5.83365, 0.423649, 0.0120505, 0.999889, 0.00876114
5.41588, 5.83763, 0.425742, -0.0317696, -0.999258, 0.0217896
5.42159, 5.84434, 0.426184, 0.0251967, 0.999496, -0.0193059
5.42272, 5.84134, 0.420235, -0.0256451, -0.99945, 0.0209999
5.42391, 5.84134, 0.417187, -0.0283353, -0.999476, 0.0156255
5.42641, 5.83744, 0.427858, -0.02327, -0.998725, 0.0447882
5.42837, 5.83905, 0.420134, 0.0152822, 0.999793, -0.0134701
5.4218, 5.84462, 0.425452, 0.0234518, 0.999251, -0.0307807
5.42934, 5.84062, 0.42218, 0.0301317, 0.999272, -0.0234095
5.42393, 5.84194, 0.412029, 0.0246659, 0.999599, -0.0139256
5.42744, 5.87516, 0.415814, -0.00717977, 0.997309, -0.0729566
5.42512, 5.84134, 0.418873, 0.0222545, 0.999475, -0.0235387
5.42212, 5.83581, 0.429225, 0.0359816, 0.997876, -0.054299
5.42621, 5.84122, 0.425495, 0.021778, 0.999341, -0.0290382
5.42065, 5.84193, 0.421098, 0.0215668, 0.999703, -0.011315
5.42409, 5.83581, 0.415336, -0.0435191, -0.997897, 0.0480403
5.42382, 5.84134, 0.414455, -0.0148252, -0.999398, 0.0313618
5.42519, 5.83734, 0.424865, -0.0275242, -0.999395, 0.0212743
5.42088, 5.84174, 0.422869, -0.028805, -0.999199, 0.0277937
5.42453, 5.84193, 0.413044, 0.0205119, 0.999732, -0.0107308
5.42315, 5.83594, 0.413582, -0.0260754, -0.999601, 0.0109039
5.42515, 5.84371, 0.421774, -0.0232739, -0.998484, 0.0498797
5.42683, 5.84122, 0.425087, -0.0245728, -0.999372, 0.0255341
5.41945, 5.83634, 0.424237, -0.0270121, -0.999504, 0.0161839
5.42289, 5.84234, 0.421296, 0.0250928, 0.999399, -0.0239132
5.42545, 5.83522, 0.418948, 0.0156485, 0.999373, -0.0317442
5.42021, 5.83675, 0.429295, 0.0293193, 0.999173, -0.0281897
5.42355, 5.83494, 0.417683, 0.0235407, 0.999629, -0.0136706
5.42267, 5.83834, 0.415075, 0.0300862, 0.999434, -0.0150435
5.42909, 5.88023, 0.424952, 0.0337604, 0.995922, -0.0836675
5.41929, 5.87905, 0.409478, -0.0215597, -0.999756, 0.0047449
5.42291, 5.83693, 0.422253, 0.013458, 0.99971, -0.0199771
5.42117, 5.83634, 0.414525, -0.0334128, -0.999431, -0.00468605
5.42292, 5.84146, 0.415518, -0.0246273, -0.999533, 0.018093
5.42525, 5.84174, 0.417119, 0.0364409, 0.999302, -0.00824893
5.42232, 5.84262, 0.426661, -0.0268233, -0.999152, 0.0312313
5.42337, 5.83663, 0.421977, 0.0191987, 0.999264, -0.0332103
5.42717, 5.83634, 0.426877, 0.0301679, 0.999458, -0.0132108
5.43191, 5.87272, 0.423977, -0.00448221, -0.997748, 0.0669256
5.42473, 5.87532, 0.418508, 0.0232126, 0.999393, -0.0259791
5.42502, 5.84234, 0.420295, -0.0231931, -0.999506, 0.0212052
5.4193, 5.83674, 0.427735, 0.0290455, 0.999275, -0.0246175
5.41918, 5.84234, 0.427328, -0.0211052, -0.999502, 0.0234707
5.42402, 5.83663, 0.427362, -0.0260061, -0.999148, 0.032045
5.42158, 5.84374, 0.422841, -0.0275782, -0.999168, 0.0300606
5.42324, 5.83703, 0.42698, 0.0289153, 0.998997, -0.0341814
5.42337, 5.83746, 0.424324, 0.0290212, 0.999529, -0.00996018
5.4234, 5.83712, 0.424137, -0.0436095, -0.998365, 0.036957
5.4265, 5.84059, 0.41651, 0.0305458, 0.998392, -0.047758
5.41896, 5.83672, 0.428015, -0.0308135, -0.998526, 0.044674
5.42299, 5.83774, 0.434706, 0.023094, 0.999304, -0.0293061
5.42372, 5.83446, 0.427611, -0.023317, -0.999516, 0.0205927
5.42164, 5.84294, 0.422955, 0.0223649, 0.999593, -0.0177353
5.42454, 5.83406, 0.428326, 0.0113255, 0.999686, -0.0223594
5.4184, 5.83575, 0.430361, -0.0273928, -0.999189, 0.0295091
5.42483, 5.84091, 0.422662, 0.0324289, 0.998883, -0.0343644
5.42234, 5.84183, 0.422507, -0.0315854, -0.998586, 0.0427691
5.41976, 5.83805, 0.42239, 0.0122818, 0.999771, -0.0175111
5.42198, 5.83706, 0.427519, -0.0188847, -0.99967, 0.0174356
5.42267, 5.83546, 0.419267, -0.0266937, -0.999559, 0.0129937
5.42234, 5.83709, 0.425037, 0.0092899, 0.997596, -0.0686792
5.42339, 5.84205, 0.40918, -0.0266571, -0.999643, -0.00177966
5.42238, 5.83515, 0.416103, -0.0274628, -0.999052, 0.0337746
5.42517, 5.84146, 0.417546, 0.0260781, 0.999558, -0.0143023
5.42319, 5.87665, 0.418203, -0.0286942, -0.997097, 0.0705293
5.42264, 5.83634, 0.417862, -0.0306442, -0.999433, 0.0139427
5.42878, 5.8744, 0.414106, -0.0471933, -0.998846, 0.0088894
5.42902, 5.87305, 0.425012, -0.0376539, -0.998228, 0.0460751
5.42635, 5.84334, 0.420624, -0.0298657, -0.999503, 0.0100471
5.42044, 5.84434, 0.427628, 0.0256822, 0.999426, -0.022093
5.42091, 5.84479, 0.420937, -0.0297257, -0.997855, 0.0583305
5.41978, 5.83993, 0.429502, -0.0209046, -0.999718, 0.0112744
5.42249, 5.836, 0.421347, -0.0374144, -0.998191, 0.0470656
5.4249, 5.83934, 0.426259, 0.0271981, 0.999453, -0.0188343
5.42186, 5.84222, 0.426069, 0.0291054, 0.999385, -0.0195426
5.42406, 5.83622, 0.412999, -0.0330157, -0.999384, -0.011857
5.42438, 5.83722, 0.425771, 0.0247409, 0.99935, -0.0262087
5.42361, 5.87699, 0.42884, -0.0339092, -0.99754, 0.061349
5.41949, 5.84234, 0.421519, -0.0219244, -0.999481, 0.0236168
5.42054, 5.84034, 0.426869, 0.024102, 0.999456, -0.0225162
5.4266, 5.83731, 0.423521, -0.00797008, -0.998749, 0.0493689
5.42802, 5.83822, 0.426903, 0.0335478, 0.999373, -0.0113478
5.42544, 5.84305, 0.418705, 0.0162985, 0.999756, -0.0149423
5.4222, 5.83494, 0.420665, -0.0287173, -0.999571, 0.00571318
5.4249, 5.87572, 0.414835, 0.0240226, 0.999289, -0.0290668
5.41995, 5.8422, 0.419705, -0.0368617, -0.997636, 0.0580034
5.42138, 5.83534, 0.428081, 0.0233135, 0.999401, -0.0255612
5.41869, 5.83806, 0.420853, -0.0149387, -0.999679, 0.0204605
5.42899, 5.88032, 0.425425, 0.0106821, 0.999484, -0.0302791
5.41868, 5.83563, 0.419827, 0.0350081, 0.999255, -0.0162232
5.42081, 5.87226, 0.42896, -0.034277, -0.997202, 0.0664279
5.41812, 5.79696, 0.427951, 0.0147802, 0.999609, -0.0237405
5.42013, 5.83646, 0.41582, 0.018439, 0.99955, 0.0236792
5.42467, 5.84205, 0.413537, 0.0254337, 0.999676, -0.000844094
5.42329, 5.83705, 0.424873, 0.0158104, 0.999798, -0.0123703
5.42225, 5.84034, 0.42295, -0.0216781, -0.999468, 0.0243574
5.42947, 5.83794, 0.425625, 0.0245811, 0.999605, -0.0135904
5.4245, 5.84171, 0.427964, 0.0296091, 0.998481, -0.0464573
5.4255, 5.84534, 0.42807, 0.042784, 0.997203, -0.0612837
5.42413, 5.84134, 0.419873, -0.0324149, -0.999453, 0.00657705
5.42261, 5.84222, 0.417609, -0.0328104, -0.999367, 0.0137676
5.42514, 5.88303, 0.425726, 0.025062, 0.998234, -0.0538545
5.4174, 5.83822, 0.44465, 0.0329215, 0.99939, -0.0116892
5.42418, 5.84111, 0.421559, -0.0203946, -0.998369, 0.0533201
5.44983, 5.83665, 0.396123, 0.00174496, 0.999963, -0.00842563
5.42238, 5.83534, 0.418034, -0.0247216, -0.999451, 0.0220556
5.42438, 5.84174, 0.414573, -0.0363598, -0.999153, -0.0192776
5.41596, 5.83775, 0.441031, -0.0225276, -0.99921, 0.032737
5.42149, 5.87538, 0.422078, 0.0322209, 0.998728, -0.0387954
5.42008, 5.84327, 0.427317, 0.0468777, 0.997932, -0.0439857
5.41523, 5.83577, 0.426705, 4.76861e-05, 0.999988, -0.00492271
5.42504, 5.83363, 0.426181, -0.0339156, -0.999271, 0.0175373
5.42338, 5.84174, 0.422328, -0.0272044, -0.999275, 0.0266314
5.4191, 5.83534, 0.424642, -0.0252013, -0.9994, 0.0237697
5.4222, 5.83903, 0.429669, 0.0355778, 0.998989, -0.0274747
5.42145, 5.84231, 0.421594, 0.0308591, 0.998776, -0.0386585
5.42425, 5.84174, 0.415822, -0.0231713, -0.99931, 0.0290162
5.42072, 5.83363, 0.440995, -0.0401087, -0.999137, 0.0108012
5.4186, 5.83794, 0.420775, 0.0286307, 0.999586, -0.00283224
5.424, 5.84199, 0.424895, -0.0181584, -0.998157, 0.0579123
5.42041, 5.83622, 0.422053, -0.0259262, -0.99937, 0.0242504
5.4235, 5.84203, 0.419156, -0.0215537, -0.998958, 0.04022
5.4221, 5.87632, 0.413163, -0.0300938, -0.999402, 0.0170338
5.41985, 5.84479, 0.423124, -0.0376186, -0.997848, 0.0537017
5.42455, 5.83522, 0.424221, 0.0286851, 0.999357, -0.0215146
5.42074, 5.8796, 0.434628, -0.0108756, -0.999218, 0.0380281
5.42021, 5.83774, 0.421642, 0.028746, 0.999294, -0.0242006
5.42637, 5.87539, 0.420958, -0.0219176, -0.998842, 0.0428182
5.4223, 5.8752, 0.425049, 0.0599572, 0.996482, -0.0585609
5.4262, 5.83594, 0.424812, 0.0102591, 0.999575, -0.0272942
5.42524, 5.84064, 0.410735, -0.0176559, -0.996988, 0.0755231
5.42255, 5.84122, 0.428902, -0.0296502, -0.999387, 0.0186141
5.42469, 5.83822, 0.431347, 0.0350776, 0.999385, 0.000334339
5.42486, 5.84168, 0.41814, 0.014956, 0.997818, -0.0643074
5.42145, 5.84174, 0.420933, 0.0266317, 0.999313, -0.0257817
5.41829, 5.79436, 0.43604, -0.02956, -0.999452, 0.0148875
5.43112, 5.83963, 0.419428, 0.0112627, 0.999149, -0.0396902
5.42601, 5.84122, 0.431196, 0.0278034, 0.99935, -0.022938
5.42492, 5.83634, 0.40915, -0.0225706, -0.99944, -0.0247089
5.41909, 5.84006, 0.427555, 0.0236099, 0.999687, -0.00823275
5.42796, 5.84034, 0.422603, -0.0232714, -0.999451, 0.0236022
5.42427, 5.84134, 0.420086, -0.0269096, -0.999494, 0.0169609
5.42501, 5.84115, 0.420254, 0.0324041, 0.999068, -0.0285162
5.42071, 5.83674, 0.421373, -0.0355316, -0.999317, 0.010124
5.42039, 5.84262, 0.429616, -0.0283581, -0.999256, 0.026134
5.42539, 5.83593, 0.424775, -0.0176045, -0.999705, 0.0167237
5.42354, 5.87538, 0.417222, -0.0187615, -0.998677, 0.0478675
5.42133, 5.83475, 0.427592, -0.0296803, -0.999282, 0.023544
5.42846, 5.84062, 0.414808, -0.0337211, -0.999226, 0.0202422
5.42305, 5.83615, 0.429134, -0.0368049, -0.999086, 0.0217343
5.42046, 5.84246, 0.415475, -0.0297421, -0.999551, 0.00359153
5.42457, 5.84103, 0.421443, -0.0354326, -0.999015, 0.0267057
5.42474, 5.84122, 0.427109, -0.0278279, -0.999374, 0.0218522
5.42281, 5.83703, 0.424561, -0.0262441, -0.999032, 0.0353089
5.42603, 5.87699, 0.423959, 0.0105281, 0.998991, -0.0436621
5.41796, 5.83603, 0.422821, 0.018238, 0.998955, -0.0419143
5.42646, 5.8742, 0.428373, 0.0456275, 0.996526, -0.0696665
5.42107, 5.83665, 0.421598, -0.012143, -0.99987, -0.0106473
5.42344, 5.83672, 0.411917, 0.0406246, 0.998494, -0.0368666
5.42093, 5.83906, 0.430554, 0.0262542, 0.999653, 0.00213845
5.42305, 5.84174, 0.420165, -0.0308097, -0.999311, 0.0207009
5.42545, 5.87472, 0.416972, 0.0239796, 0.999305, -0.0285279
5.42279, 5.84174, 0.425474, -0.0257227, -0.999153, 0.0321297
5.42032, 5.83465, 0.416876, -0.00982074, -0.999877, -0.0122405
5.42102, 5.84274, 0.425192, 0.0196401, 0.999192, -0.0350585
5.41918, 5.84299, 0.410977, 0.0187712, 0.998291, -0.0553365
5.42468, 5.84131, 0.415965, -0.0201179, -0.998738, 0.0460163
5.42522, 5.84065, 0.419341, -0.0126995, -0.999905, 0.00531357
5.42792, 5.83422, 0.417631, -0.0130665, -0.999351, 0.033577
5.42943, 5.84031, 0.418771, -0.0410153, -0.998662, 0.0314817
5.42422, 5.84262, 0.42462, -0.0212994, -0.999267, 0.0318002
5.42583, 5.84155, 0.427127, 0.0253085, 0.996688, -0.0772864
5.4194, 5.83432, 0.40885, 0.024631, 0.998635, -0.0460649
5.42254, 5.83515, 0.417708, 0.0271114, 0.999082, -0.0331666
5.42596, 5.84094, 0.422472, 0.0155109, 0.999618, -0.0228724
5.42166, 5.83675, 0.42636, 0.023904, 0.999169, -0.0329988
5.42302, 5.84103, 0.428801, -0.0446324, -0.998991, 0.00502296
5.42903, 5.84034, 0.42424, -0.0161613, -0.999393, 0.0308735
5.42301, 5.84174, 0.421157, 0.0255888, 0.999303, -0.0271973
5.42236, 5.83515, 0.424253, 0.0408655, 0.999086, -0.0125011
5.42319, 5.83622, 0.420112, 0.0239889, 0.999331, -0.027586
5.42321, 5.84595, 0.408866, -0.0323751, -0.99744, 0.0637639
5.42488, 5.83615, 0.417699, -0.0143104, -0.99906, 0.0409152
5.42277, 5.87407, 0.432038, 0.0407518, 0.998356, -0.040298
5.42278, 5.84193, 0.421678, 0.0226139, 0.999733, -0.0047846
5.42548, 5.83774, 0.433542, 0.0198143, 0.999279, -0.03239
5.41933, 5.83532, 0.42425, -0.0235782, -0.99865, 0.0462869
5.42612, 5.8806, 0.424673, 0.033475, 0.999267, -0.0185769
5.42217, 5.87803, 0.419789, 0.025028, 0.99965, -0.00852785
5.41794, 5.87832, 0.419375, -0.0185996, -0.998003, 0.0603723
5.42537, 5.83506, 0.416349, -0.0224608, -0.999675, 0.0120895
5.42114, 5.83434, 0.430108, 0.0289789, 0.999485, -0.0137987
5.42173, 5.84262, 0.428562, 0.0250054, 0.999254, -0.0294448
5.43156, 5.80079, 0.412218, 0.00848716, 0.99916, -0.0400954
5.42881, 5.84034, 0.424516, -0.0224868, -0.999501, 0.0221953
5.42824, 5.87332, 0.423623, -0.0117167, -0.996565, 0.081987
5.42895, 5.87693, 0.414375, -0.0219313, -0.99972, 0.00886075
5.42622, 5.84062, 0.415757, 0.03752, 0.999236, -0.0109324
5.42142, 5.84262, 0.420008, 0.0353997, 0.999267, -0.01458
5.42633, 5.87361, 0.429631, 0.0376277, 0.997822, -0.054172
5.42568, 5.84262, 0.431228, 0.0383935, 0.99913, -0.0162575
5.42332, 5.84203, 0.41146, -0.0257281, -0.998952, -0.0378604
5.42677, 5.87605, 0.424813, 0.0431479, 0.998241, -0.0406723
5.42583, 5.84126, 0.421592, -0.0101406, 0.998434, -0.055018
5.42351, 5.83694, 0.40806, -0.0292185, -0.999571, 0.00217958
5.42362, 5.87426, 0.422154, 0.0298877, 0.997222, -0.0682261
5.42706, 5.83434, 0.412626, 0.0300782, 0.999433, -0.0151113
5.42122, 5.83414, 0.434479, 0.027468, 0.996135, -0.083432
5.42026, 5.83591, 0.414709, 0.0328141, 0.998901, -0.0334813
5.42673, 5.83641, 0.423895, -0.0417337, -0.997984, 0.0478121
5.42023, 5.83646, 0.416775, -0.0292118, -0.999551, 0.00672686
5.42346, 5.84462, 0.425555, -0.0272022, -0.999231, 0.0282241
5.4252, 5.87697, 0.423335, -0.0459015, -0.99614, 0.0748219
5.4265, 5.84096, 0.412273, -0.0654659, -0.997456, -0.0282016
5.42497, 5.8414, 0.421199, 0.0182668, 0.998024, -0.0601183
5.41698, 5.83806, 0.407227, -0.0242648, -0.999658, 0.00972162
5.424, 5.83622, 0.419731, -0.025653, -0.999372, 0.0244292
5.41922, 5.84602, 0.43139, 0.0206081, 0.999017, -0.0392597
5.42498, 5.84359, 0.419849, 0.00805856, 0.99843, -0.0554262
5.42197, 5.84174, 0.425164, -0.0354154, -0.999208, 0.0181338
5.42368, 5.84134, 0.419043, 0.0268045, 0.999453, -0.0193583
5.42512, 5.87709, 0.430282, 0.0364333, 0.996213, -0.0789501
5.42152, 5.83734, 0.431148, 0.0253788, 0.999442, -0.0217137
5.42441, 5.87399, 0.426004, 0.0194915, 0.99896, -0.0412123
5.42095, 5.87352, 0.43816, -0.0459398, -0.995519, 0.0826522
5.42484, 5.84205, 0.418576, 0.0205566, 0.999765, -0.00689037
5.42671, 5.84259, 0.418175, 0.0391366, 0.998403, -0.0407319
5.42377, 5.87557, 0.414062, 0.0462698, 0.996232, -0.0733485
5.42492, 5.84193, 0.419693, 0.0124328, 0.999692, 0.0214961
5.42228, 5.84168, 0.422921, -0.0556689, -0.997692, 0.0388779
5.41849, 5.84103, 0.421029, 0.0271809, 0.998952, 0.0368301
5.42637, 5.83375, 0.422159, 0.0302389, 0.999156, -0.0277895
5.42364, 5.83763, 0.421301, -0.0202283, -0.99922, 0.0339124
5.42639, 5.84093, 0.417642, -0.0217806, -0.999728, 0.00832638
5.42351, 5.84153, 0.415592, -0.0138884, -0.999863, 0.00898887
5.42141, 5.84262, 0.421274, -0.0267961, -0.999239, 0.0283359
5.42384, 5.83475, 0.420519, 0.0264741, 0.999188, -0.0303877
5.43036, 5.83993, 0.415262, 0.0079084, 0.999727, -0.0219826
5.42308, 5.83834, 0.418455, 0.0320742, 0.999477, -0.00414192
5.4216, 5.84211, 0.421968, -0.0132802, -0.998219, 0.0581561
5.42131, 5.83706, 0.425723, -0.0199271, -0.99967, 0.0161942
5.42369, 5.84165, 0.40724, 0.0159566, 0.999869, -0.0026441
5.42835, 5.87432, 0.411422, -0.0293571, -0.999449, 0.0154576
5.41483, 5.83622, 0.42378, 0.0287229, 0.999387, -0.0200098
5.42265, 5.84146, 0.423562, -0.0229891, -0.999542, 0.0196602
5.42379, 5.83674, 0.419152, -0.0304311, -0.999286, 0.022394
5.42557, 5.87505, 0.414458, 0.0181038, 0.999756, -0.0126374
5.42187, 5.84193, 0.417862, -0.0222597, -0.999693, 0.0108773
5.42726, 5.87172, 0.42821, -0.0394048, -0.997739, 0.0544478
5.42381, 5.87699, 0.421548, 0.0177394, 0.997502, -0.0683781
5.41813, 5.84335, 0.421886, -0.0563821, -0.997204, 0.0490479
5.42148, 5.83644, 0.430004, 0.0234354, 0.998717, -0.0448831
5.42221, 5.87432, 0.4163, 0.0181505, 0.996595, -0.080433
5.41513, 5.83894, 0.412443, 0.0279962, 0.999608, 0.000133016
5.42318, 5.83522, 0.421636, 0.0325975, 0.999375, -0.0136595
5.42427, 5.83894, 0.426917, 0.0281354, 0.999583, -0.00642791
5.42276, 5.83715, 0.425343, 0.0282726, 0.999085, -0.0320866
5.42258, 5.83394, 0.421351, 0.0260872, 0.999599, -0.0109868
5.42676, 5.87392, 0.428242, 0.0527404, 0.996712, -0.0615153
5.42124, 5.83903, 0.423146, -0.0233205, -0.998975, 0.0388034
5.42834, 5.87637, 0.427567, -0.0399528, -0.997294, 0.0617188
5.41906, 5.87593, 0.432023, -0.0100148, -0.999712, 0.0218021
5.42293, 5.88199, 0.430716, -0.0102903, -0.998967, 0.0442705
5.42165, 5.87544, 0.411734, -0.0305448, -0.999527, 0.00349663
5.41985, 5.84339, 0.428476, -0.034751, -0.998008, 0.0526498
5.42696, 5.84374, 0.425859, -0.0134706, -0.999283, 0.0353924
5.42425, 5.84146, 0.417752, 0.0274756, 0.999549, -0.0120904
5.42468, 5.83465, 0.417551, -0.0140561, -0.999889, 0.00493429
5.42725, 5.84104, 0.409996, -0.0356307, -0.996832, 0.0711118
5.41802, 5.83575, 0.433589, 0.0333609, 0.999166, -0.0235341
5.41998, 5.87572, 0.416745, 0.0325674, 0.999315, -0.0175983
5.42839, 5.83132, 0.431111, 0.0278956, 0.998748, -0.0415239
5.4236, 5.83663, 0.42891, 0.0156431, 0.999094, -0.0395886
5.42071, 5.84222, 0.423598, 0.0244692, 0.999377, -0.0254382
5.42091, 5.83544, 0.421332, -0.0277001, -0.998837, 0.0394499
5.42201, 5.84434, 0.426417, 0.0320413, 0.999443, -0.00929131
5.42171, 5.87605, 0.418322, -0.0549035, -0.996913, 0.0561347
5.42196, 5.83494, 0.42071, 0.026525, 0.999572, -0.0123767
5.42304, 5.84434, 0.425387, -0.0295646, -0.999441, 0.0156233
5.42241, 5.83846, 0.431381, 0.028982, 0.99952, -0.0109834
5.40066, 5.78977, 0.43289, -0.0282552, -0.999299, 0.0245803
5.42641, 5.88065, 0.422151, -0.0188571, -0.998535, 0.0507193
5.42198, 5.84259, 0.427594, 0.0352548, 0.99843, -0.0435358
5.42455, 5.83646, 0.414641, 0.0294427, 0.999566, 2.79795e-09
5.42104, 5.84271, 0.426224, 0.0201425, 0.998454, -0.0518026
5.41959, 5.84305, 0.408172, 0.024414, 0.999672, -0.00777092
5.42406, 5.83453, 0.42781, 0.018206, 0.999831, -0.00245349
5.42575, 5.83094, 0.419327, 0.0243095, 0.999606, -0.0140143
5.41888, 5.83706, 0.410966, -0.0246164, -0.999673, 0.00700302
5.42358, 5.84174, 0.414606, -0.0376649, -0.999184, -0.0145826
5.42009, 5.83746, 0.416378, 0.0278568, 0.99954, -0.0120023
5.42154, 5.84479, 0.428216, 0.0356687, 0.99787, -0.0546191
5.42208, 5.83934, 0.428351, -0.0282456, -0.999451, 0.0173089
5.42754, 5.84103, 0.423079, -0.0414654, -0.998954, 0.0192813
5.42148, 5.83515, 0.429099, -0.037566, -0.999045, 0.0223225
5.42576, 5.84115, 0.424683, 0.023344, 0.999051, -0.0367855
5.42711, 5.83634, 0.426047, 0.0319594, 0.999441, -0.00976422
5.4244, 5.84074, 0.419981, -0.0303473, -0.999299, 0.0219128
5.41928, 5.87559, 0.421874, -0.0284128, -0.999111, 0.0311595
5.42581, 5.87699, 0.420878, -0.0283976, -0.998962, 0.0356087
5.42279, 5.87378, 0.432371, 0.0293632, 0.998573, -0.044605
5.42429, 5.84111, 0.425048, -0.0159063, -0.998221, 0.0574538
5.42113, 5.84305, 0.421134, 0.0154018, 0.999686, -0.0197844
5.42452, 5.84134, 0.416447, 0.0309493, 0.999486, -0.00838429
5.41944, 5.83784, 0.419397, 0.0246912, 0.998586, -0.0470819
5.42361, 5.84343, 0.430561, 0.0266322, 0.998851, -0.0398327
5.42591, 5.84134, 0.422369, 0.0204782, 0.999443, -0.0263354
5.42101, 5.83622, 0.425555, 0.0234765, 0.999357, -0.027115
5.42272, 5.84262, 0.423418, 0.0198044, 0.999232, -0.0337975
5.42204, 5.83463, 0.422184, 0.0325117, 0.999119, -0.0265378
5.42209, 5.83734, 0.425228, 0.0277638, 0.999502, -0.0149882
5.41928, 5.87433, 0.431104, 0.0425514, 0.998047, -0.0457271
5.42712, 5.83505, 0.419471, -0.0188729, -0.999772, 0.00994476
5.41744, 5.83534, 0.430369, -0.0233636, -0.999482, 0.0221331
5.42163, 5.83646, 0.422611, 0.0155507, 0.999547, -0.0257602
5.42226, 5.84174, 0.423656, 0.0195612, 0.999285, -0.0323488
5.42789, 5.84076, 0.422948, 0.0200295, 0.997073, -0.0737876
5.41879, 5.84262, 0.423625, 0.0297636, 0.999131, -0.0291752
5.42358, 5.83794, 0.422698, 0.0158823, 0.999613, -0.0228412
5.42649, 5.83039, 0.414076, -0.0388624, -0.997358, 0.0613771
5.42377, 5.84203, 0.430205, -0.0248997, -0.998996, 0.0372434
5.42371, 5.84162, 0.420353, 0.00712831, 0.999148, -0.040646
5.41698, 5.84343, 0.427271, 0.0457335, 0.996552, -0.0692288
5.42265, 5.83506, 0.445622, -0.0233081, -0.999662, 0.0114839
5.42369, 5.83694, 0.421987, 0.0248435, 0.999585, -0.0145825
5.41445, 5.83334, 0.430539, -0.012465, -0.999454, 0.0305854
5.4241, 5.83434, 0.423355, 0.0271133, 0.999462, -0.0184499
5.42146, 5.83572, 0.416266, -0.0306424, -0.998439, 0.046706
5.41422, 5.87632, 0.432903, 0.0209001, 0.999397, -0.0277174
5.41634, 5.83991, 0.428298, 0.0319208, 0.998892, -0.0345833
5.42466, 5.84134, 0.421702, -0.0196478, -0.999493, 0.0250588
5.42893, 5.84016, 0.423651, -0.0123439, -0.996811, 0.0788387
5.41965, 5.87321, 0.430529, 0.00393306, -0.998493, 0.05474
5.41962, 5.84274, 0.424538, -0.0231434, -0.999304, 0.0292709
5.42272, 5.83677, 0.420362, 0.00913575, 0.997053, -0.076164
5.42374, 5.83853, 0.430615, -0.0162783, -0.999815, 0.0102758
5.42349, 5.84153, 0.414006, 0.0146279, 0.999816, -0.0123697
5.42038, 5.8742, 0.418278, 0.0219823, 0.999389, -0.0271905
5.4211, 5.84274, 0.421256, -0.0347321, -0.999153, 0.0220665
5.42259, 5.83403, 0.429156, 0.027138, 0.999005, -0.0353953
5.42345, 5.83681, 0.420877, 0.0258382, 0.997887, -0.059613
5.42365, 5.87639, 0.418956, -0.0378589, -0.997387, 0.0615227
5.4213, 5.83634, 0.426843, 0.0227008, 0.9995, -0.0219885
5.42472, 5.83444, 0.418467, 0.045418, 0.998827, -0.0168098
5.4169, 5.83934, 0.434934, -0.028188, -0.999497, 0.0145024
5.42446, 5.87445, 0.428423, 0.0266823, 0.998099, -0.0555504
5.41847, 5.83553, 0.427556, 0.0157376, 0.999833, 0.00930935
5.42652, 5.84268, 0.426286, -0.0544528, -0.997821, 0.0372524
5.4225, 5.84174, 0.422561, -0.0358798, -0.999185, 0.0185007
5.42156, 5.84203, 0.428729, -0.0267629, -0.999009, 0.0355653
5.42421, 5.84194, 0.421098, -0.0251822, -0.999588, 0.0137684
5.42055, 5.83475, 0.427057, 0.0284635, 0.99921, -0.027745
5.42843, 5.87805, 0.429098, 0.0624182, 0.996928, -0.0473208
5.42341, 5.83734, 0.421899, -0.0195246, -0.999456, 0.0265906
5.42812, 5.84015, 0.419646, 0.026969, 0.999039, -0.0345457
5.41672, 5.83703, 0.414651, 0.0231404, 0.999032, -0.037408
5.4204, 5.84246, 0.423649, 0.0253252, 0.999535, -0.0170164
5.42326, 5.84222, 0.424761, 0.0250556, 0.999389, -0.0243759
5.41874, 5.83905, 0.435656, 0.0218765, 0.999758, -0.00243738
5.42627, 5.83715, 0.422309, 0.0109302, 0.999073, -0.0416293
5.42441, 5.84131, 0.424253, -0.0253677, -0.998774, 0.0425174
5.42019, 5.84034, 0.423613, 0.0204593, 0.999498, -0.0241889
5.41896, 5.83962, 0.425282, 0.00685625, 0.999237, -0.0384593
5.42222, 5.84162, 0.43183, 0.0369693, 0.999116, -0.0199958
5.42389, 5.83694, 0.423466, 0.024493, 0.999596, -0.0144415
5.42038, 5.83575, 0.424544, 0.0401419, 0.999194, 0.000386752
5.42603, 5.84134, 0.417862, 0.0264378, 0.999426, -0.0211774
5.42279, 5.83674, 0.426149, 0.00948224, 0.999311, -0.0358918
5.42822, 5.84003, 0.420491, 0.0290803, 0.999013, -0.0335823
5.42029, 5.83434, 0.428525, 0.0296137, 0.999481, -0.0126576
5.42108, 5.84231, 0.425988, 0.0181741, 0.998671, -0.0482213
5.42441, 5.83684, 0.425627, 0.0229355, 0.998608, -0.0475084
5.4214, 5.84146, 0.428849, -0.0215516, -0.99952, 0.0222636
5.42513, 5.84143, 0.424927, 0.0425544, 0.998803, -0.0241276
5.42023, 5.87987, 0.428409, 0.0345036, 0.998874, -0.0325642
5.42496, 5.84151, 0.432042, 0.0646985, 0.994439, -0.083098
5.42177, 5.84194, 0.422298, 0.0272239, 0.999596, -0.00817572
5.42369, 5.84131, 0.417236, 0.025072, 0.998672, -0.0450113
5.4282, 5.84034, 0.428495, 0.0295299, 0.999401, -0.018044
5.42417, 5.84103, 0.418858, -0.0162248, -0.998933, 0.0432475
5.41674, 5.83834, 0.42024, 0.0321424, 0.999439, -0.00935779
5.42736, 5.84091, 0.414324, 0.0413449, 0.998865, -0.0236657
5.4198, 5.84122, 0.419523, -0.0283123, -0.99937, -0.021409
5.42113, 5.84294, 0.412934, 0.0276775, 0.999612, -0.00313184
5.41825, 5.87538, 0.422741, 0.0429138, 0.997297, -0.0596364
5.42229, 5.83934, 0.427647, 0.0253484, 0.999499, -0.0189437
5.4217, 5.83563, 0.423706, 0.0258241, 0.99925, -0.0288667
5.42378, 5.83615, 0.428721, -0.0353171, -0.999078, 0.0244022
5.42584, 5.84105, 0.425178, 0.0193362, 0.999646, -0.0182541
5.42215, 5.83546, 0.42025, -0.00713127, -0.999541, -0.0294591
5.42295, 5.84199, 0.42772, 0.0262057, 0.998145, -0.0549626
5.41902, 5.79206, 0.436239, 0.0178075, 0.999784, -0.0107281
5.41847, 5.83863, 0.437349, -0.0310793, -0.999093, 0.0290899
5.42724, 5.83534, 0.432806, -0.0262191, -0.999398, 0.0227074
5.42255, 5.84174, 0.424603, -0.0284917, -0.999169, 0.0291395
5.42242, 5.87599, 0.415035, -0.030786, -0.998943, 0.0341429
5.42093, 5.84205, 0.420938, 0.0257281, 0.999667, 0.00174504
5.42709, 5.80106, 0.423947, 0.019489, 0.999771, -0.0088634
5.42101, 5.84294, 0.425932, -0.0204504, -0.999625, 0.018203
5.42194, 5.83715, 0.425376, 0.0276623, 0.999089, -0.0325019
5.42229, 5.84194, 0.417306, -0.0277597, -0.999571, 0.00931622
5.42497, 5.83834, 0.42856, 0.0245533, 0.999453, -0.0221358
5.41985, 5.83406, 0.432998, 0.0236858, 0.999639, -0.0126775
5.42082, 5.84479, 0.420064, -0.0446459, -0.997846, 0.0480707
5.42055, 5.83806, 0.420232, -0.0163667, -0.999645, 0.021037
5.42307, 5.84146, 0.421555, 0.0283322, 0.999534, -0.0113387
5.42522, 5.84159, 0.427307, -0.0366372, -0.998396, 0.0431704
5.42454, 5.84165, 0.422273, -0.0051085, -0.999987, -0.000839941
5.42149, 5.83594, 0.419669, 0.018884, 0.99962, -0.0200633
5.42387, 5.8418, 0.42593, 0.0275202, 0.997887, -0.058851
5.42159, 5.83706, 0.427654, 0.0166862, 0.999631, -0.0214197
5.41918, 5.83705, 0.420301, 0.0167139, 0.9998, 0.0109853
5.41973, 5.83715, 0.427566, -0.0299292, -0.999035, 0.032146
5.42345, 5.84183, 0.414412, 0.0155042, 0.998613, -0.0503207
5.42991, 5.87572, 0.42551, 0.0228459, 0.999294, -0.0298174
5.42247, 5.83731, 0.423773, -0.0318066, -0.998792, 0.0374428
5.42344, 5.84128, 0.419805, -0.056971, -0.997932, 0.0297511
5.42212, 5.87238, 0.428774, 0.0383142, 0.998728, -0.032789
5.42992, 5.88232, 0.425462, -0.0148575, -0.999461, 0.0292665
5.42168, 5.84343, 0.432911, 0.0397461, 0.998706, -0.0317305
5.42255, 5.84203, 0.424704, 0.021743, 0.998925, -0.0409508
5.42379, 5.83753, 0.421234, -0.0129242, -0.999859, 0.0106967
5.42894, 5.87999, 0.414989, -0.0246557, -0.999006, 0.0371333
5.42707, 5.84115, 0.422367, 0.0283915, 0.999057, -0.0328489
5.41892, 5.83706, 0.42716, 0.0157725, 0.999641, -0.0216459
5.42092, 5.83674, 0.428297, 0.0331592, 0.999284, -0.0182276
5.42352, 5.84134, 0.41831, -0.0261755, -0.999409, 0.0222653
5.42278, 5.83593, 0.419782, 0.020382, 0.999694, -0.0140338
5.42445, 5.83429, 0.420171, 0.0151571, 0.997931, -0.0624763
5.42374, 5.84234, 0.430594, -0.0183295, -0.999468, 0.0269888
5.41912, 5.87832, 0.422642, 0.0196385, 0.999418, -0.0278838
5.4231, 5.87632, 0.418202, -0.0178372, -0.999415, 0.0291779
5.42211, 5.84006, 0.423274, -0.0253457, -0.999672, 0.00374196
5.4223, 5.83615, 0.427245, 0.0312753, 0.999045, -0.0305259
5.42228, 5.84234, 0.416245, -0.0298216, -0.999479, 0.0123007
5.42805, 5.84094, 0.418083, -0.026984, -0.9996, 0.00848038
5.41737, 5.83674, 0.426232, 0.0252403, 0.999281, -0.0283015
5.42393, 5.83553, 0.417648, 0.0166489, 0.999857, -0.00296008
5.41837, 5.8366, 0.433534, 0.00878717, 0.998433, -0.0552584
5.4288, 5.83617, 0.407506, 0.051605, 0.996929, -0.0588973
5.42339, 5.87366, 0.431413, -0.0415142, -0.998438, 0.0373837
5.42462, 5.83694, 0.412655, -0.0210187, -0.999599, 0.0189923
5.4214, 5.83446, 0.431366, 0.0272641, 0.999564, -0.0113103
5.42029, 5.84262, 0.428011, -0.0338307, -0.999265, 0.0180478
5.42223, 5.83515, 0.422317, 0.0369326, 0.999084, -0.0215994
5.41992, 5.84274, 0.428541, -0.0224767, -0.999282, 0.030495
5.42323, 5.84203, 0.423629, 0.0283745, 0.999008, -0.0343133
5.4233, 5.84134, 0.419424, -0.0253193, -0.999408, 0.0232861
5.4249, 5.83734, 0.415608, 0.0293851, 0.99943, -0.0165957
5.42957, 5.84259, 0.41849, 0.0240859, 0.998409, -0.0509886
5.42317, 5.83446, 0.438821, 0.0222925, 0.999512, -0.0219038
5.42064, 5.83475, 0.423571, 0.0323098, 0.999181, -0.0243556
5.42008, 5.83934, 0.430622, 0.0240244, 0.99945, -0.0228697
5.42716, 5.83803, 0.428652, -0.0123244, -0.999011, 0.042722
5.42109, 5.84222, 0.422072, -0.015016, -0.999334, 0.0332609
5.42582, 5.84122, 0.421287, 0.0246483, 0.999341, -0.0266551
5.42662, 5.84074, 0.416946, -0.0248973, -0.999308, 0.0276466
5.41534, 5.84414, 0.428892, -0.0202143, -0.99909, 0.0375463
5.41872, 5.83693, 0.434107, 0.00650639, 0.999697, -0.0237456
5.41892, 5.84434, 0.417884, -0.0229045, -0.999464, 0.0233884
5.4269, 5.87666, 0.416385, 0.0436842, 0.998531, -0.0320512
5.42693, 5.84246, 0.417155, -0.0217862, -0.999563, 0.0199957
5.42481, 5.83794, 0.421331, 0.0246081, 0.999578, -0.0154339
5.4225, 5.83575, 0.417283, 0.0403932, 0.999182, -0.00194333
5.41784, 5.83563, 0.426813, 0.0161205, 0.999213, -0.0362448
5.4208, 5.84311, 0.428907, 0.0382834, 0.998228, -0.0455436
5.41787, 5.84294, 0.41512, 0.0282004, 0.999602, -0.000493794
5.42692, 5.87373, 0.429591, -0.0211338, -0.997851, 0.062017
5.42446, 5.84065, 0.412627, -0.0101248, -0.999904, 0.00943534
5.41983, 5.84243, 0.420417, -0.0335165, -0.998689, 0.0386788
5.4242, 5.84174, 0.419487, -0.0137277, -0.99931, 0.034527
5.43218, 5.83922, 0.420071, 0.0114797, 0.999381, -0.0332606
5.423, 5.87262, 0.427099, -0.00117867, -0.997802, 0.0662475
5.42124, 5.87693, 0.42696, 0.0524399, 0.99688, -0.0590003
5.41825, 5.83674, 0.416392, 0.0320942, 0.99929, -0.0197436
5.42371, 5.84194, 0.421573, 0.0195616, 0.999612, -0.0198076
5.42801, 5.84074, 0.41775, 0.0181731, 0.999309, -0.0324344
5.42412, 5.84215, 0.407473, -0.0278753, -0.999079, -0.0326327
5.42139, 5.83703, 0.431023, -0.0263335, -0.99901, 0.0358519
5.42042, 5.84274, 0.425832, 0.0345069, 0.999155, -0.0223077
5.42244, 5.87958, 0.426043, -0.0306717, -0.9991, 0.0292969
5.42152, 5.83575, 0.430621, -0.032658, -0.999184, 0.0237592
5.42435, 5.84093, 0.425156, 0.0229681, 0.999713, -0.00678845
5.42276, 5.83731, 0.425951, 0.034909, 0.998752, -0.035723
5.42286, 5.87759, 0.427515, -0.0302193, -0.999116, 0.0292348
5.42487, 5.87644, 0.411664, 0.0269508, 0.999548, -0.0132937
5.41782, 5.83975, 0.430879, -0.0296449, -0.999208, 0.0265433
5.4236, 5.8762, 0.419515, 0.0251919, 0.999374, -0.0248396
5.42661, 5.84094, 0.419138, -0.0210372, -0.999579, 0.0199876
5.42315, 5.83522, 0.424368, 0.0293942, 0.999367, -0.0200557
5.42381, 5.84314, 0.42746, 0.0407079, 0.999077, -0.0137302
5.41709, 5.8762, 0.422455, -0.0235485, -0.999389, 0.0258283
5.42338, 5.83753, 0.414516, -0.0143795, -0.999847, 0.00993774
5.42343, 5.83665, 0.420901, 0.0137526, 0.999883, -0.00672742
5.42694, 5.87545, 0.42059, 0.0191769, 0.998112, -0.0583517
5.42238, 5.84256, 0.428238, -0.0495037, -0.995229, 0.0840764
5.42067, 5.83769, 0.424252, -0.0409481, -0.997708, 0.0538607
5.42742, 5.84274, 0.428557, -0.0249493, -0.999164, 0.0324001
5.42608, 5.84093, 0.423206, 0.016127, 0.999723, 0.0171679
5.42783, 5.84034, 0.421344, -0.0244361, -0.999472, 0.0214183
5.41996, 5.83475, 0.428287, 0.0339715, 0.99933, -0.013591
5.41548, 5.83582, 0.432652, -0.0607953, -0.994232, 0.0883501
5.4228, 5.84162, 0.427449, -0.0261701, -0.999266, 0.0279782
5.4262, 5.84334, 0.424706, 0.0319084, 0.999396, -0.0137362
5.41912, 5.84222, 0.427551, 0.0247207, 0.999351, -0.0262099
5.42563, 5.84134, 0.422298, 0.0294583, 0.99946, -0.0145716
5.42083, 5.88224, 0.425125, -0.0220892, -0.997203, 0.0713964
5.42743, 5.83794, 0.424762, -0.0161095, -0.999617, 0.0224821
5.42053, 5.84246, 0.417064, -0.0283817, -0.999537, 0.0109766
5.4217, 5.83694, 0.424307, 0.0194394, 0.999606, -0.0202497
5.41964, 5.83674, 0.426864, 0.0225889, 0.999329, -0.0288211
5.42025, 5.84246, 0.414353, -0.029272, -0.999536, 0.00841744
5.41815, 5.84383, 0.430414, -0.0266666, -0.998573, 0.0462722
5.43171, 5.8792, 0.423125, 0.0425343, 0.997924, -0.0483592
5.42248, 5.84234, 0.423465, 0.0290051, 0.99943, -0.0172584
5.42208, 5.83653, 0.421436, -0.0170823, -0.999854, 0.000254784
5.42381, 5.87511, 0.420467, 0.0289944, 0.999074, -0.0317891
5.42588, 5.83634, 0.413857, -0.0315133, -0.999469, 0.00829983
5.42486, 5.84105, 0.413533, 0.0202882, 0.99976, -0.00829244
5.41464, 5.84431, 0.435015, 0.0136, 0.998739, -0.0483246
5.42683, 5.84234, 0.416646, 0.0198909, 0.999492, -0.0248928
5.42054, 5.84303, 0.408687, 0.0391502, 0.998948, 0.02386
5.42312, 5.84375, 0.423485, 0.0414175, 0.997094, -0.0639435
5.42015, 5.84053, 0.42248, 0.0169276, 0.999843, 0.0053064
5.42436, 5.83606, 0.411794, 0.0239906, 0.999652, -0.0109736
5.42228, 5.87487, 0.425875, -0.040301, -0.997466, 0.0586312
5.42315, 5.84335, 0.413782, -0.0434709, -0.997323, 0.0587968
5.42185, 5.87539, 0.417847, 0.0263095, 0.998851, -0.040066
5.42529, 5.84322, 0.423641, 0.000906363, 0.999381, -0.0351814
5.42777, 5.84046, 0.41891, -0.0258974, -0.999546, 0.0154198
5.42121, 5.84239, 0.427159, 0.0204667, 0.998058, -0.0588316
5.42303, 5.83575, 0.417421, 0.0188142, 0.999319, -0.0317343
5.42181, 5.87919, 0.42767, 0.00239658, -0.998837, 0.0481598
5.42398, 5.84134, 0.420453, 0.0245213, 0.999498, -0.0200829
5.42334, 5.83615, 0.416623, -0.0356677, -0.999081, 0.0237606
5.41757, 5.83646, 0.430702, -0.0262789, -0.999568, 0.0131903
5.42005, 5.84314, 0.428309, 0.0342555, 0.999081, -0.0257519
5.42432, 5.83862, 0.429998, -0.0336677, -0.99926, 0.0186085
5.41987, 5.83734, 0.424791, 0.0286817, 0.999418, -0.0184515
5.41429, 5.78865, 0.425088, -0.0157649, -0.99923, 0.0359368
5.43252, 5.83932, 0.416218, 0.0102644, -0.999039, 0.0426103
5.42161, 5.84222, 0.426753, -0.0223383, -0.999362, 0.0278588
5.42422, 5.83669, 0.424365, 0.0446486, 0.997788, -0.0492577
5.42163, 5.84243, 0.414785, -0.0299095, -0.998824, 0.0381524
5.42005, 5.87599, 0.427779, 0.0137634, 0.997536, -0.0688006
5.41745, 5.87544, 0.426927, 0.0262923, 0.999559, -0.013826
5.43015, 5.83946, 0.418655, -0.0255924, -0.999528, 0.0170118
5.42442, 5.88121, 0.428758, 0.020821, 0.995779, -0.0893908
5.42296, 5.80226, 0.422442, 0.00033856, -0.999707, -0.0242121
5.42114, 5.84262, 0.421133, 0.0369748, 0.999264, -0.0102353
5.41508, 5.869, 0.42731, -0.0535969, -0.99609, 0.0702229
5.42387, 5.84134, 0.424157, -0.0227302, -0.999495, 0.022219
5.42363, 5.83629, 0.410201, 0.0211838, 0.99793, -0.060726
5.42148, 5.87739, 0.429081, 0.022911, 0.997398, -0.0683589
5.42784, 5.84022, 0.423554, -0.020469, -0.999336, 0.0301268
5.42115, 5.84431, 0.429033, -0.0429924, -0.998782, 0.0242213
5.41795, 5.84371, 0.415273, -0.0556798, -0.998439, 0.00430181
5.42549, 5.83753, 0.423088, -0.0165503, -0.99983, 0.00817197
5.42394, 5.83593, 0.416725, -0.0161699, -0.999723, 0.0171036
5.42328, 5.84171, 0.416022, 0.0364741, 0.998503, -0.0407718
5.41933, 5.84343, 0.409491, 0.0538162, 0.996619, -0.0620837
5.42075, 5.83806, 0.42193, -0.0220601, -0.999647, 0.0148201
5.41952, 5.84305, 0.422266, 0.0107554, 0.999793, -0.0172858
5.4253, 5.83632, 0.427119, -0.0314078, -0.998774, 0.038256
5.42471, 5.84262, 0.419012, 0.026822, 0.999256, -0.02773
5.42151, 5.84234, 0.420055, 0.0282701, 0.999494, -0.014582
5.42026, 5.83946, 0.428104, 0.0290092, 0.999547, -0.0079582
5.41761, 5.83852, 0.421155, -0.0441602, -0.998115, 0.0426107
5.41657, 5.84371, 0.427189, -0.0393904, -0.998548, 0.0367546
5.43158, 5.84128, 0.411849, 0.00700091, 0.997948, -0.0636453
5.42312, 5.84153, 0.420013, 0.0146361, 0.999842, -0.0100937
5.42553, 5.84059, 0.419751, -0.0372836, -0.998413, 0.0421992
5.4178, 5.83694, 0.426525, 0.0269029, 0.999599, -0.00882687
5.42169, 5.83446, 0.432006, 0.0129481, 0.99952, -0.0281599
5.42406, 5.84405, 0.42251, 0.022864, 0.999634, -0.0144641
5.42488, 5.83803, 0.42962, -0.0336056, -0.999012, 0.0290711
5.42172, 5.84194, 0.420938, -0.00903558, -0.999591, 0.0271329
5.42233, 5.84222, 0.421204, 0.0225962, 0.999336, -0.0285958
5.42007, 5.83934, 0.433379, -0.0224009, -0.999464, 0.0238739
5.42397, 5.84194, 0.413998, 0.0292313, 0.999573, 0.000217349
5.42542, 5.83706, 0.426208, -0.017022, -0.999676, 0.0189405
5.41312, 5.83791, 0.417262, -0.0136168, -0.998893, 0.0450295
5.42313, 5.83922, 0.428967, -0.0283176, -0.999382, 0.0208106
5.41693, 5.79525, 0.429378, -0.0208255, -0.999389, 0.028081
5.41578, 5.84446, 0.413521, -0.0297689, -0.999548, 0.00409366
5.42328, 5.87404, 0.425661, 0.0249562, 0.999642, -0.00961499
5.42603, 5.88058, 0.431098, 0.0268679, 0.997721, -0.0618903
5.42008, 5.83706, 0.411317, -0.0254671, -0.999642, 0.0082057
5.42129, 5.83475, 0.434038, 0.0287815, 0.999168, -0.0288991
5.42532, 5.83603, 0.416719, -0.0324477, -0.998977, 0.031499
5.42642, 5.84122, 0.422519, -0.0269538, -0.999364, 0.0233306
5.4182, 5.83594, 0.429358, -0.0218947, -0.999616, 0.0169719
5.42256, 5.83675, 0.419889, -0.0360755, -0.999212, 0.0165693
5.41943, 5.83434, 0.432919, 0.0294201, 0.999408, -0.0178482
5.4299, 5.83234, 0.426593, 0.0336215, 0.999415, -0.00621753
5.42563, 5.841, 0.420201, -0.0248048, -0.998273, 0.0532419
5.42777, 5.84094, 0.421852, 0.0255105, 0.999596, -0.0125457
5.41961, 5.79694, 0.426217, 0.0117031, 0.999735, -0.0197996
5.41953, 5.83972, 0.428609, -0.0249158, -0.99844, 0.0499745
5.42917, 5.87994, 0.420637, 0.0462592, 0.998305, -0.0353234
5.42048, 5.83517, 0.421838, -0.0554724, -0.996912, 0.0555798
5.42416, 5.84299, 0.409717, 0.00305805, 0.998175, -0.0603054
5.42335, 5.84193, 0.42515, -0.0169613, -0.999719, 0.0165867
5.42082, 5.79924, 0.43267, 0.0350647, 0.999378, 0.00365709
5.4289, 5.84074, 0.426482, 0.0313104, 0.99931, -0.0199588
5.41967, 5.83506, 0.425407, -0.0162956, -0.999666, 0.0200598
5.42421, 5.84162, 0.427036, 0.0200831, 0.999235, -0.0335512
5.42771, 5.84034, 0.413006, 0.0330415, 0.999453, 0.001576
5.42498, 5.83415, 0.423889, 0.0334988, 0.999091, -0.0263753
5.42448, 5.87392, 0.42508, 0.0311812, 0.996764, -0.074095
5.4212, 5.83697, 0.429642, -0.0219217, -0.997443, 0.0680149
5.4234, 5.83715, 0.425305, -0.0384136, -0.99907, 0.0195942
5.42478, 5.84162, 0.42156, -0.0298143, -0.999267, 0.0240279
5.42456, 5.83522, 0.41961, 0.0191276, 0.999389, -0.0292483
5.42691, 5.83463, 0.421083, 0.0366344, 0.999264, -0.011397
5.41567, 5.83663, 0.436266, 0.0277523, 0.999216, -0.0282446
5.42402, 5.84334, 0.422294, -0.0173602, -0.999407, 0.0297442
5.42287, 5.88193, 0.424056, -0.0210983, -0.998313, 0.0540904
5.42178, 5.84205, 0.407573, -0.0112796, -0.999631, 0.0247212
5.42014, 5.83546, 0.425458, -0.0276835, -0.99952, 0.0138858
5.41808, 5.83634, 0.416341, 0.0335215, 0.999436, 0.00178614
5.42143, 5.84105, 0.418501, 0.0205569, 0.999788, -0.00111506
5.42154, 5.83453, 0.427509, -0.0130432, -0.999817, 0.0139645
5.42324, 5.8762, 0.417012, -0.0250586, -0.99939, 0.0243432
5.42393, 5.84134, 0.415866, 0.0168502, 0.999486, -0.0272765
5.41976, 5.84274, 0.425771, 0.0253777, 0.999164, -0.0320575
5.42123, 5.84222, 0.421696, -0.0360897, -0.99934, 0.00414147
5.42567, 5.84046, 0.423521, -0.0190728, -0.999551, 0.0231286
5.42681, 5.84105, 0.41616, 0.0177141, 0.999776, -0.0115536
5.42659, 5.87188, 0.427072, 0.0398057, 0.99744, -0.0593976
5.42153, 5.83469, 0.416836, -0.0117449, -0.997828, 0.0648202
5.42148, 5.87245, 0.41741, -0.0303597, -0.998098, 0.0536492
5.4207, 5.83874, 0.432792, 0.0337151, 0.99929, -0.0168468
5.42381, 5.84115, 0.422786, 0.0236941, 0.999053, -0.0364855
5.41999, 5.80306, 0.419359, 0.0173208, 0.999761, 0.0133256
5.41682, 5.83594, 0.428291, -0.020261, -0.999587, 0.020357
5.42106, 5.80124, 0.417371, -0.0148464, -0.999372, -0.0321693
5.41992, 5.83649, 0.427626, 0.036864, 0.997424, -0.0615384
5.4244, 5.80107, 0.416478, 0.0343505, 0.998941, 0.0306069
5.41573, 5.83843, 0.422959, -0.0304384, -0.998704, 0.0407849
5.42013, 5.87692, 0.422295, -0.0207882, -0.999587, 0.0198339
5.42455, 5.84183, 0.425648, -0.0314451, -0.998585, 0.0428913
5.42708, 5.83722, 0.422102, -0.030863, -0.999361, 0.0180131
5.41462, 5.8439, 0.419332, -0.0305566, -0.99888, 0.036136
5.42221, 5.8746, 0.422609, -0.037661, -0.996368, 0.0763668
5.42145, 5.87459, 0.425045, 0.023578, 0.999106, -0.0350898
5.42498, 5.88199, 0.41571, 0.0246276, 0.998955, -0.0385013
5.42786, 5.83993, 0.416792, 0.0222256, 0.999694, -0.010826
5.42, 5.83823, 0.422238, -5.20443e-05, 0.998837, -0.0482094
5.41799, 5.83963, 0.428702, -0.0287279, -0.999151, 0.0295315
5.41745, 5.8461, 0.422304, 0.0316791, 0.99823, -0.0503257
5.41917, 5.84402, 0.433134, -0.0401299, -0.998917, 0.0235333
5.42295, 5.84165, 0.417419, 0.0127567, 0.999915, 0.00257481
5.42028, 5.83943, 0.43256, -0.0391507, -0.998704, 0.0325293
5.42178, 5.83534, 0.426184, -0.0255408, -0.99947, 0.020188
5.42352, 5.87677, 0.422357, 0.0099219, 0.997128, -0.0750845
5.42795, 5.84283, 0.427448, -0.0406689, -0.998598, 0.033877
5.42766, 5.84234, 0.424529, 0.0257885, 0.999499, -0.0183722
5.42469, 5.87632, 0.417758, 0.024806, 0.999444, -0.0222761
5.42487, 5.84152, 0.420396, 0.0203847, 0.99808, -0.0584809
5.4215, 5.84305, 0.408126, -0.0215001, -0.999769, -0.000577271
5.42777, 5.88322, 0.423334, 0.0410185, 0.995888, -0.0807746
5.42386, 5.84043, 0.417057, -0.0368816, -0.998714, 0.0347927
5.42324, 5.87544, 0.412954, 0.0295992, 0.999527, -0.00837476
5.42118, 5.83962, 0.43082, 0.0303638, 0.999229, -0.0248807
5.42074, 5.83665, 0.411757, 0.0135823, 0.999906, 0.00197586
5.42057, 5.84205, 0.417956, -0.0190004, -0.999786, 0.00820661
5.42499, 5.83674, 0.423104, 0.0301433, 0.999327, -0.0209134
5.42333, 5.84262, 0.418232, -0.0264192, -0.999237, 0.0287486
5.41669, 5.83936, 0.435168, 0.018338, 0.997355, -0.0703299
5.41989, 5.79596, 0.429732, -0.0271823, -0.99961, 0.00636551
5.42253, 5.83868, 0.435005, -0.024869, -0.997686, 0.0632755
5.41788, 5.83737, 0.434229, -0.0392739, -0.997333, 0.0615102
5.42211, 5.83734, 0.420693, -0.0299975, -0.999475, 0.0122286
5.42574, 5.87473, 0.421868, 0.0153691, 0.9979, -0.0629309
5.42479, 5.84094, 0.419426, 0.0167374, 0.99958, -0.0236529
5.43106, 5.87506, 0.412666, -0.0096099, -0.99693, 0.0777074
5.42453, 5.84194, 0.414343, 0.0240405, 0.999627, -0.0129831
5.41895, 5.83793, 0.423717, 0.0187464, 0.999733, -0.0135346
5.42335, 5.83549, 0.414935, -0.0348777, -0.997369, 0.0635499
5.42116, 5.83703, 0.41272, -0.0327205, -0.999032, 0.0294052
5.42356, 5.83715, 0.419573, -0.0393986, -0.999063, 0.0179156
5.42126, 5.83503, 0.428714, 0.030155, 0.998971, -0.0338698
5.42544, 5.84234, 0.417616, 0.0274391, 0.999454, -0.0184048
5.41843, 5.79765, 0.425847, 0.0111945, 0.999912, -0.00713046
5.41642, 5.84291, 0.427634, -0.0338271, -0.998907, 0.0322535
5.42225, 5.83378, 0.431653, 0.0126335, 0.997016, -0.076154
5.42943, 5.84205, 0.418772, -0.02412, -0.999668, 0.00911341
5.42924, 5.84074, 0.414482, -0.0375518, -0.999206, 0.0133432
5.42177, 5.84174, 0.421001, 0.032153, 0.999305, -0.0188759
5.42022, 5.79794, 0.421406, -0.0224145, -0.999741, 0.0040429
5.40709, 5.83752, 0.430034, 0.0496717, 0.998132, -0.0355609
5.428, 5.84203, 0.436552, 0.0322907, 0.999019, -0.0302974
5.41913, 5.83872, 0.434594, 0.0493667, 0.998442, -0.026001
5.4206, 5.83975, 0.425843, -0.0314193, -0.999185, 0.025347
5.42015, 5.84294, 0.420621, 0.0282852, 0.999578, -0.00666985
5.42968, 5.87972, 0.416372, 0.0234002, 0.999305, -0.0290178
5.4231, 5.83334, 0.426001, 0.00653417, 0.996524, -0.0830456
5.41446, 5.84134, 0.426875, -0.0258108, -0.999475, 0.0195835
5.42341, 5.83734, 0.424447, 0.0301496, 0.999393, -0.0174747
5.41985, 5.84303, 0.417831, -0.039245, -0.999026, 0.0201883
5.42333, 5.83363, 0.432798, -0.0220905, -0.99922, 0.0327415
5.42114, 5.87744, 0.421965, -0.0177991, -0.999526, 0.0251385
5.42319, 5.84203, 0.424308, -0.0245293, -0.998973, 0.0380917
5.41637, 5.84346, 0.433547, -0.0163803, -0.999519, 0.0263383
5.42841, 5.87378, 0.417692, 0.0111709, 0.997139, -0.0747636
5.42403, 5.83737, 0.431665, 0.00986016, 0.997225, -0.0737977
5.41631, 5.84053, 0.42094, -0.013421, -0.999812, 0.0139849
5.42353, 5.84162, 0.426143, -0.0281742, -0.999105, 0.0315531
5.41964, 5.83534, 0.421436, 0.0229328, 0.999493, -0.0221037
5.41558, 5.83593, 0.433472, -0.0119792, -0.999713, 0.0207458
