5.41375, 5.28258, 0.420228, -0.00895146, -0.998876, 0.0381442
5.41282, 5.27842, 0.41988, 0.00972458, 0.999141, -0.0366209
5.41226, 5.27846, 0.421414, 0.0146766, 0.99908, -0.0353002
5.41166, 5.2815, 0.420328, 0.0165377, 0.9993, -0.0280214
5.41279, 5.28359, 0.422514, 0.0113994, 0.998889, -0.040785
5.41296, 5.2794, 0.420891, -0.0141672, -0.999066, 0.0356034
5.41254, 5.27987, 0.422791, -0.0120209, -0.998823, 0.040491
5.41311, 5.2803, 0.421699, -0.0121015, -0.999137, 0.0345191
5.41272, 5.27977, 0.419429, -0.013674, -0.998986, 0.0355623
5.41263, 5.27819, 0.419511, 0.0137317, 0.999195, -0.0302002
5.41301, 5.28083, 0.419059, -0.0139303, -0.999028, 0.033004
5.41377, 5.28085, 0.419968, -0.0102751, -0.999098, 0.0354724
5.4124, 5.28072, 0.421969, -0.0128523, -0.999114, 0.0335708
5.41249, 5.28046, 0.421476, -0.0104561, -0.99892, 0.0387816
5.41202, 5.28124, 0.422394, -0.0103798, -0.999213, 0.0326919
5.41196, 5.27897, 0.422433, 0.0129679, 0.999247, -0.0324746
5.41221, 5.27998, 0.423053, -0.0104788, -0.999182, 0.0344642
5.41226, 5.28009, 0.420605, 0.0113384, 0.999288, -0.0291859
5.41323, 5.28258, 0.419292, -0.0121171, -0.998918, 0.0400837
5.41274, 5.27943, 0.421664, 0.0141084, 0.998934, -0.0373938
5.41301, 5.27895, 0.421748, 0.0121287, 0.999051, -0.0358116
5.41274, 5.28154, 0.422872, -0.010942, -0.998821, 0.0391831
5.4123, 5.27987, 0.422357, -0.0139219, -0.998964, 0.0372775
5.41365, 5.2811, 0.420006, 0.0138038, 0.998895, -0.0398281
5.41306, 5.27987, 0.421563, 0.0119036, 0.998977, -0.0370329
5.41319, 5.28082, 0.422001, 0.0101178, 0.999059, -0.0374754
5.41388, 5.28071, 0.421699, -0.0084814, -0.998924, 0.0385639
5.41231, 5.28058, 0.421028, -0.0147642, -0.99882, 0.0394546
5.41239, 5.27808, 0.420626, -0.0120566, -0.999408, 0.0281788
5.41291, 5.27971, 0.423901, -0.00828987, -0.999182, 0.0341338
5.4126, 5.27913, 0.422653, 0.013616, 0.999099, -0.0339655
5.41273, 5.28351, 0.422705, -0.0114767, -0.999139, 0.0330198
5.41276, 5.28071, 0.422724, 0.0112223, 0.999109, -0.0339718
5.41206, 5.27832, 0.422379, -0.0108441, -0.998951, 0.0392186
5.41329, 5.28211, 0.420391, -0.00997764, -0.999058, 0.0368005
5.41215, 5.27956, 0.422438, 0.0129772, 0.999208, -0.0274836
5.41317, 5.2787, 0.420839, -0.0119257, -0.999211, 0.0303972
5.41209, 5.27844, 0.422421, -0.0105017, -0.999343, 0.0293006
5.41292, 5.28071, 0.421706, -0.0146115, -0.99889, 0.0392831
5.41229, 5.2811, 0.421974, 0.0129794, 0.998865, -0.0384356
5.41344, 5.27852, 0.421267, -0.0124323, -0.998901, 0.0381402
5.4123, 5.27786, 0.422414, -0.0131832, -0.999309, 0.0281521
5.41234, 5.27932, 0.423187, -0.0132717, -0.998897, 0.0401928
5.41278, 5.28138, 0.42245, -0.0115498, -0.998869, 0.0407718
5.4123, 5.27828, 0.420409, 0.0128745, 0.999133, -0.0337288
5.41327, 5.28072, 0.420522, 0.00975425, 0.999023, -0.0370063
5.41198, 5.27775, 0.423695, -0.0131524, -0.999116, 0.0340157
5.4127, 5.27863, 0.421486, 0.0121831, 0.999024, -0.0368898
5.4132, 5.28066, 0.421083, 0.0113531, 0.999404, -0.0272437
5.41316, 5.2793, 0.421202, 0.0141258, 0.999233, -0.0324543
5.4131, 5.28173, 0.423537, -0.00941416, -0.999121, 0.0339213
5.41217, 5.279, 0.420873, 0.0125207, 0.999038, -0.0341429
5.4126, 5.28167, 0.425185, 0.0119917, 0.999133, -0.0338468
5.41316, 5.28171, 0.421019, -0.0109207, -0.999065, 0.0370964
5.4117, 5.27929, 0.425315, -0.0122297, -0.999253, 0.0304659
5.41229, 5.28037, 0.420949, -0.0125776, -0.999206, 0.0313719
5.4126, 5.28225, 0.420125, -0.0135039, -0.998932, 0.0369362
5.41229, 5.28147, 0.422148, -0.0122724, -0.999, 0.0382963
5.41287, 5.27969, 0.422073, 0.00890079, 0.999113, -0.0356137
5.41221, 5.28102, 0.420051, 0.0122257, 0.998944, -0.038053
5.41225, 5.28187, 0.421387, 0.0138083, 0.99923, -0.0309153
5.41205, 5.28008, 0.422871, -0.0122097, -0.99915, 0.0329233
5.4126, 5.28063, 0.421333, 0.0127393, 0.999098, -0.031652
5.41245, 5.27839, 0.42253, 0.0130139, 0.999197, -0.0331139
5.41277, 5.28487, 0.424268, 0.0122426, 0.999185, -0.0330644
5.41319, 5.27786, 0.422049, 0.0129848, 0.999182, -0.0335345
5.41232, 5.28021, 0.419561, -0.0144405, -0.998959, 0.0357149
5.41327, 5.28038, 0.423185, -0.0102603, -0.99914, 0.034524
5.41323, 5.27947, 0.420649, 0.0129548, 0.99903, -0.0373036
5.41178, 5.28077, 0.423766, 0.0132693, 0.999037, -0.0346683
5.41288, 5.27974, 0.422133, -0.0135438, -0.998987, 0.0357749
5.41245, 5.28247, 0.420826, -0.0150887, -0.998802, 0.0381148
5.41218, 5.27864, 0.421147, 0.0152332, 0.999156, -0.0319863
5.41203, 5.27965, 0.421423, -0.0119486, -0.999159, 0.0315835
5.41289, 5.28047, 0.42139, -0.0100778, -0.998646, 0.0444577
5.41304, 5.27907, 0.421178, -0.0105128, -0.999206, 0.0308104
5.41249, 5.27834, 0.419178, -0.0140419, -0.99905, 0.0349592
5.4127, 5.27849, 0.420634, -0.0123145, -0.999007, 0.0380804
5.41263, 5.28085, 0.41917, 0.0107207, 0.998848, -0.0407261
5.41329, 5.28132, 0.419352, 0.0161036, 0.998784, -0.0397524
5.41151, 5.27998, 0.420382, 0.0155754, 0.998972, -0.0366368
5.41306, 5.28308, 0.421467, 0.0141283, 0.999054, -0.0337489
5.41201, 5.27978, 0.42019, -0.0120632, -0.999074, 0.0362469
5.41287, 5.2792, 0.4194, -0.0133204, -0.998923, 0.0370101
5.41304, 5.27803, 0.42086, 0.011709, 0.998978, -0.0352168
5.41347, 5.28233, 0.420916, -0.0116786, -0.999049, 0.0351007
5.41287, 5.28058, 0.421233, -0.0104681, -0.999068, 0.0353961
5.41232, 5.27798, 0.422346, 0.0156975, 0.999119, -0.0320029
5.4134, 5.28006, 0.420298, 0.0110631, 0.99905, -0.0370132
5.41243, 5.27992, 0.421925, 0.0121196, 0.999198, -0.0319993
5.41186, 5.27957, 0.424485, 0.0139567, 0.998876, -0.0371718
5.41342, 5.27836, 0.419266, -0.0114348, -0.998911, 0.0383388
5.41303, 5.27954, 0.420919, 0.0111161, 0.999214, -0.0328023
5.41289, 5.28003, 0.422074, 0.00931589, 0.999138, -0.0343542
5.41427, 5.28089, 0.418186, -0.00820585, -0.999178, 0.035552
5.41274, 5.27974, 0.421882, -0.0100779, -0.999183, 0.0337339
5.41251, 5.27928, 0.421139, -0.0123591, -0.999062, 0.036001
5.41234, 5.27848, 0.423725, -0.0115152, -0.999021, 0.0353941
5.41201, 5.27913, 0.417515, -0.0122076, -0.999263, 0.0308992
5.41299, 5.28109, 0.421225, -0.0097953, -0.999344, 0.02822
5.41296, 5.28075, 0.421851, -0.0107613, -0.999129, 0.0328316
5.41274, 5.28133, 0.42281, 0.0128468, 0.998931, -0.0395287
5.41309, 5.28057, 0.418531, 0.0137017, 0.999185, -0.0327052
5.41346, 5.28093, 0.420616, -0.0119269, -0.999108, 0.0353433
5.41253, 5.28063, 0.421257, 0.00988599, 0.998984, -0.038114
5.41302, 5.27993, 0.422777, -0.0106256, -0.99914, 0.0342259
5.41193, 5.27964, 0.422903, 0.0124405, 0.998934, -0.0380392
5.41208, 5.27994, 0.421135, -0.0139746, -0.998916, 0.0362286
5.41359, 5.2811, 0.422999, -0.0121603, -0.998772, 0.042713
5.41287, 5.27879, 0.422499, 0.0116125, 0.99916, -0.0320525
5.41344, 5.28047, 0.419722, -0.00916309, -0.999088, 0.0363559
5.41252, 5.28362, 0.420819, -0.0126721, -0.998965, 0.0366891
5.41262, 5.27923, 0.421494, 0.0134673, 0.999316, -0.0294794
5.41215, 5.27833, 0.422566, 0.0121704, 0.999108, -0.0344862
5.41233, 5.27935, 0.419475, 0.0112677, 0.999149, -0.0334515
5.41382, 5.28308, 0.421991, 0.0114153, 0.998651, -0.0446882
5.41245, 5.2793, 0.422391, 0.0118671, 0.999024, -0.0341199
5.41372, 5.27939, 0.419527, 0.0119313, 0.999216, -0.0318924
5.41222, 5.27924, 0.419869, -0.014683, -0.999039, 0.0340895
5.41293, 5.27866, 0.421607, -0.0115377, -0.999169, 0.0323808
5.41367, 5.27891, 0.420967, 0.0123418, 0.999146, -0.0317281
5.41229, 5.2793, 0.419792, -0.011617, -0.998838, 0.0392441
5.41268, 5.28304, 0.418288, 0.0110876, 0.998661, -0.0445565
5.41134, 5.28101, 0.420246, 0.0139567, 0.998702, -0.0427498
5.41016, 5.28697, 0.42117, -0.0169289, -0.998567, 0.0430018
5.41059, 5.28104, 0.422851, -0.0146544, -0.998789, 0.0418155
5.41075, 5.28049, 0.419085, 0.0200161, 0.998521, -0.0442894
5.41055, 5.28254, 0.42322, 0.0171321, 0.998664, -0.0406325
5.41124, 5.2834, 0.420966, -0.0166991, -0.998763, 0.0399344
5.41243, 5.28046, 0.420212, -0.0139711, -0.999018, 0.0365021
5.41287, 5.27945, 0.420054, -0.0124488, -0.999104, 0.0287405
5.41421, 5.28086, 0.419056, 0.0111673, 0.999193, -0.0324728
5.41254, 5.27963, 0.419921, -0.0144172, -0.998871, 0.0402946
5.41341, 5.27864, 0.418852, 0.0124461, 0.999163, -0.0330667
5.41352, 5.2796, 0.419569, -0.0114784, -0.999007, 0.0365465
5.41227, 5.27936, 0.419926, -0.0111529, -0.999235, 0.0304338
5.41424, 5.28196, 0.418842, 0.0104465, 0.999001, -0.0370168
5.41296, 5.27753, 0.423403, 0.0121325, 0.998865, -0.0388164
5.41209, 5.28186, 0.419472, 0.0130468, 0.999107, -0.0320268
5.41309, 5.28075, 0.419752, 0.0136514, 0.998711, -0.041759
5.41345, 5.27963, 0.420822, -0.0137183, -0.999079, 0.0352643
5.41326, 5.28162, 0.421647, -0.0131208, -0.998816, 0.039269
5.41356, 5.28055, 0.41972, -0.0095279, -0.99909, 0.0349564
5.41354, 5.2816, 0.418972, -0.0100238, -0.99908, 0.0363304
5.41237, 5.27956, 0.418648, 0.0161352, 0.998981, -0.0363698
5.41351, 5.27729, 0.419894, 0.0131922, 0.999189, -0.0324362
5.4126, 5.28072, 0.422102, 0.0140154, 0.998961, -0.036212
5.413, 5.27819, 0.420075, 0.013058, 0.998938, -0.03674
5.41334, 5.28189, 0.419697, -0.0114123, -0.998984, 0.037343
5.41318, 5.28145, 0.41992, -0.00980099, -0.999128, 0.0366346
5.41197, 5.27765, 0.422132, -0.0143156, -0.999068, 0.035187
5.41356, 5.27965, 0.418377, 0.0153824, 0.999022, -0.0334923
5.41315, 5.28112, 0.41913, 0.0144946, 0.999087, -0.03428
5.41314, 5.2799, 0.420782, -0.0136243, -0.998913, 0.0377486
5.41437, 5.27893, 0.41787, 0.0120681, 0.999046, -0.0369854
5.4128, 5.27834, 0.419895, 0.0143303, 0.999031, -0.0329278
5.41234, 5.27701, 0.418432, -0.016711, -0.999215, 0.0282714
5.41324, 5.28092, 0.419076, 0.0141463, 0.999057, -0.0352807
5.41291, 5.27909, 0.420628, 0.0146003, 0.998976, -0.0351545
5.41285, 5.28107, 0.420108, -0.014094, -0.998533, 0.0483872
5.41257, 5.27775, 0.421351, 0.0140954, 0.999277, -0.0274847
5.41345, 5.27978, 0.419261, 0.0129723, 0.9989, -0.0376358
5.41319, 5.28099, 0.418845, -0.0136443, -0.998808, 0.0380528
5.41285, 5.27952, 0.419586, -0.0132812, -0.999053, 0.0372389
5.41352, 5.27813, 0.420354, 0.0122166, 0.999105, -0.0336499
5.41181, 5.27948, 0.420856, -0.0163095, -0.998825, 0.0402524
5.41406, 5.27853, 0.420239, -0.014164, -0.998788, 0.0392413
5.41368, 5.2791, 0.418727, -0.0134441, -0.999015, 0.0347035
5.4137, 5.28143, 0.419613, 0.0109212, 0.999026, -0.0368415
5.41246, 5.28113, 0.420038, -0.0122213, -0.999016, 0.0368523
5.41289, 5.27767, 0.419027, -0.013824, -0.999294, 0.0294388
5.41397, 5.28217, 0.42086, -0.00994978, -0.99894, 0.0405268
5.41168, 5.28145, 0.418954, -0.0131033, -0.99895, 0.0366129
5.41291, 5.27696, 0.421887, -0.0137233, -0.998999, 0.034055
5.41226, 5.28221, 0.41783, -0.0156843, -0.998817, 0.0410114
5.41192, 5.27923, 0.420784, 0.018006, 0.998955, -0.0343669
5.41302, 5.27977, 0.419236, 0.0136394, 0.998949, -0.0350857
5.4139, 5.28032, 0.418692, -0.0148322, -0.998952, 0.0373176
5.41334, 5.28014, 0.419132, -0.0143185, -0.998863, 0.0396328
5.413, 5.28132, 0.421693, -0.0109114, -0.998909, 0.0384579
5.4128, 5.27824, 0.420801, -0.015444, -0.99906, 0.0329232
5.41226, 5.28009, 0.421779, 0.0131807, 0.999251, -0.0298161
5.41332, 5.28034, 0.421737, 0.0129316, 0.998919, -0.0365631
5.41335, 5.28166, 0.418875, -0.0142728, -0.99903, 0.0312117
5.41313, 5.28115, 0.420783, -0.0101444, -0.999111, 0.0349693
5.41306, 5.27941, 0.419944, -0.0121074, -0.999342, 0.0268697
5.4137, 5.28, 0.422187, -0.0110597, -0.999129, 0.0343888
5.41369, 5.2799, 0.42098, -0.0106888, -0.999226, 0.0319708
5.41319, 5.27905, 0.421267, -0.0152117, -0.99892, 0.0338469
5.41267, 5.28112, 0.421017, 0.0114691, 0.999216, -0.0327972
5.41266, 5.27924, 0.420551, -0.013425, -0.999146, 0.0323521
5.41293, 5.27959, 0.42003, -0.0132707, -0.999045, 0.0358786
5.41318, 5.27994, 0.420385, 0.011182, 0.999109, -0.0341755
5.41321, 5.281, 0.421882, -0.0125664, -0.999188, 0.0307209
5.41219, 5.28121, 0.420145, -0.0140241, -0.999122, 0.0328404
