5.29003, 5.30393, 0.799185, 0.0110727, -0.0334372, -0.999277
5.28829, 5.30328, 0.801873, -0.0122674, 0.0277367, 0.999342
5.28793, 5.30282, 0.797597, 0.013236, -0.037013, -0.999133
5.28798, 5.30307, 0.799312, -0.0103115, 0.0321206, 0.999245
5.28776, 5.30367, 0.797296, -0.00561724, 0.0290481, 0.999409
5.2904, 5.30328, 0.802166, 0.0137453, -0.0349017, -0.999115
5.28927, 5.30421, 0.802423, 0.0147877, -0.0322024, -0.999235
5.28737, 5.30391, 0.797189, -0.00725985, 0.0290334, 0.999414
5.28753, 5.30378, 0.805261, 0.00973076, -0.0354051, -0.999212
5.28853, 5.30213, 0.796731, -0.00397725, 0.0315612, 0.999314
5.29002, 5.30535, 0.799573, -0.00964192, 0.0330024, 0.999229
5.2882, 5.3035, 0.795882, 0.00879795, -0.0295672, -0.999368
5.2884, 5.30507, 0.804017, -0.0133443, 0.0342301, 0.999257
5.28916, 5.30279, 0.798208, 0.0123051, -0.0321078, -0.999286
5.2886, 5.30344, 0.79655, -0.00872333, 0.029454, 0.99939
5.28932, 5.30345, 0.800942, 0.0117886, -0.0285952, -0.999381
5.28867, 5.30467, 0.797992, -0.00973692, 0.0322072, 0.999336
5.28876, 5.3032, 0.796773, 0.00823877, -0.0305745, -0.999326
5.28705, 5.30332, 0.804072, 0.00901826, -0.0365771, -0.999182
5.28886, 5.30412, 0.802347, -0.00557112, 0.0343301, 0.999249
5.288, 5.30365, 0.798263, -0.0127279, 0.0371565, 0.999134
5.28814, 5.30421, 0.794452, -0.00385465, 0.0301143, 0.999424
5.28751, 5.30535, 0.797925, 0.00869187, -0.0333103, -0.999317
5.28886, 5.30591, 0.800029, -0.00407678, 0.0307573, 0.999381
5.28888, 5.30338, 0.798792, 0.0106094, -0.0313585, -0.999361
5.28867, 5.30487, 0.795835, -0.00674939, 0.0339565, 0.999313
5.28805, 5.30391, 0.798187, 0.00455398, -0.0281438, -0.999462
5.28887, 5.30444, 0.801055, -0.011134, 0.0322886, 0.999303
5.28979, 5.30355, 0.796636, 0.0108792, -0.0326076, -0.999338
5.28817, 5.3034, 0.801761, -0.00612703, 0.0393815, 0.999101
5.28543, 5.30375, 0.803893, 0.00711632, -0.030916, -0.999418
5.28761, 5.30527, 0.797475, -0.00648464, 0.0369784, 0.999118
5.29082, 5.30524, 0.802979, -0.0130036, 0.0339512, 0.999231
5.28837, 5.30352, 0.79708, -0.0108109, 0.0333052, 0.999258
5.2886, 5.30581, 0.797637, -0.00758763, 0.034254, 0.999285
5.28939, 5.30471, 0.798173, 0.0105887, -0.0315039, -0.999299
5.28844, 5.30495, 0.801541, -0.0116899, 0.0314134, 0.999311
5.28831, 5.30219, 0.794278, 0.0108956, -0.0289176, -0.999358
5.29015, 5.30351, 0.796224, 0.0100398, -0.0290326, -0.999398
5.28717, 5.30264, 0.798548, 0.00705381, -0.0297329, -0.999415
5.28957, 5.30362, 0.799784, -0.00992557, 0.0306522, 0.999363
5.28722, 5.30427, 0.806522, 0.010327, -0.0324851, -0.99929
5.289, 5.30393, 0.797554, -0.00559063, 0.0341604, 0.999287
5.28642, 5.3039, 0.803121, -0.00667267, 0.0311416, 0.99935
5.28837, 5.3043, 0.802353, -0.00861075, 0.0302959, 0.999419
5.28896, 5.30306, 0.797302, -0.0124962, 0.0344893, 0.999175
5.29043, 5.30412, 0.800552, 0.0151017, -0.0347008, -0.999183
5.28643, 5.30314, 0.801332, -0.00381486, 0.0336335, 0.999308
5.2891, 5.30351, 0.800681, -0.00914527, 0.0297871, 0.999347
5.28866, 5.30431, 0.799018, -0.010611, 0.0332317, 0.999196
5.28734, 5.30453, 0.794104, -0.00778208, 0.0324252, 0.999298
5.28993, 5.30352, 0.799507, -0.0137069, 0.0347409, 0.999149
5.28786, 5.30486, 0.795887, 0.00485488, -0.0313239, -0.999373
5.28835, 5.30531, 0.806722, -0.00868403, 0.0317684, 0.999311
5.28825, 5.3025, 0.797938, -0.00973596, 0.0334784, 0.99918
5.2874, 5.30405, 0.804074, -0.00626944, 0.0334497, 0.999277
5.28884, 5.30315, 0.797706, -0.0106543, 0.034604, 0.999189
5.29017, 5.30505, 0.80259, -0.00954277, 0.0322579, 0.999292
5.28914, 5.3027, 0.800532, -0.0114814, 0.0344449, 0.999203
5.28768, 5.30326, 0.803005, 0.0105518, -0.0336993, -0.999278
5.28955, 5.30368, 0.800946, 0.0113788, -0.0343305, -0.999117
5.29011, 5.30454, 0.799652, 0.00922879, -0.0330145, -0.999254
5.28956, 5.30346, 0.798005, 0.0107911, -0.0346566, -0.999245
5.28979, 5.3039, 0.801565, 0.00975164, -0.0363465, -0.999157
5.28801, 5.30442, 0.801181, 0.0129274, -0.0284276, -0.999374
5.28894, 5.30258, 0.801251, -0.0113127, 0.0281072, 0.999409
5.28726, 5.3052, 0.797076, -0.00635159, 0.0338455, 0.999328
5.28683, 5.3029, 0.799426, -0.00796584, 0.032413, 0.999328
5.28672, 5.30461, 0.796395, -0.00783567, 0.0302015, 0.999369
5.28845, 5.30451, 0.805076, 0.00902948, -0.0337823, -0.999259
5.28938, 5.30461, 0.797716, 0.0110815, -0.0325478, -0.999276
5.28842, 5.30293, 0.795989, 0.00741695, -0.0314025, -0.999289
5.28866, 5.30266, 0.802974, -0.00984193, 0.0347868, 0.99922
5.28775, 5.30333, 0.795088, 0.00887347, -0.0342104, -0.999183
5.28903, 5.30378, 0.793858, -0.0118479, 0.0305013, 0.999294
5.29135, 5.30587, 0.804506, 0.01245, -0.0323398, -0.999266
5.28636, 5.30468, 0.805359, -0.00601324, 0.0330783, 0.999349
5.28845, 5.30405, 0.802948, -0.00763164, 0.0298133, 0.999415
5.28905, 5.30281, 0.796499, -0.00795196, 0.0347365, 0.999219
5.28912, 5.30339, 0.798211, -0.0123542, 0.0327771, 0.999251
5.28849, 5.30467, 0.79658, 0.0109131, -0.0263462, -0.999447
5.28801, 5.30357, 0.802499, 0.00822262, -0.0315349, -0.999369
5.28682, 5.30383, 0.800346, -0.00766028, 0.0313146, 0.999354
5.28949, 5.30354, 0.795424, 0.00713185, -0.0306018, -0.999381
5.29141, 5.30447, 0.79906, 0.0142426, -0.0322275, -0.999229
5.28943, 5.30412, 0.801311, 0.0070368, -0.0320648, -0.999322
5.28846, 5.30312, 0.804962, 0.0117904, -0.0365321, -0.999188
5.28817, 5.30415, 0.797037, 0.010594, -0.0304114, -0.999374
5.2903, 5.30248, 0.794607, -0.0129581, 0.0362468, 0.999157
5.28914, 5.30373, 0.793908, -0.00949603, 0.030773, 0.99938
5.28834, 5.30421, 0.804212, 0.0107252, -0.0328528, -0.999299
5.28765, 5.30247, 0.795532, -0.0112838, 0.0354011, 0.999193
5.28988, 5.30354, 0.800266, 0.012753, -0.0347362, -0.999152
5.28904, 5.3036, 0.799927, -0.00903569, 0.0355348, 0.999185
5.2883, 5.30229, 0.799777, 0.0125531, -0.0381028, -0.99903
5.2887, 5.30446, 0.800504, -0.0113541, 0.0317353, 0.999295
5.28922, 5.30364, 0.800747, 0.00992502, -0.0346978, -0.999231
5.28812, 5.30401, 0.800591, -0.009735, 0.031125, 0.999324
5.28898, 5.30476, 0.79942, -0.00908459, 0.0352084, 0.999224
5.28999, 5.30396, 0.804224, 0.0101202, -0.0346544, -0.999224
