5.28906, 5.30476, 0.802171, 0.00610478, -0.0273766, -0.999584
5.28887, 5.30587, 0.801508, 0.0145763, -0.0232921, -0.999613
5.29227, 5.30422, 0.795806, 0.0155114, -0.0467162, -0.998777
5.28893, 5.30518, 0.793298, -0.00641817, 0.0393312, 0.999164
5.2827, 5.30157, 0.79514, -0.00649925, 0.0310411, 0.999414
5.29462, 5.29668, 0.791766, -0.0138298, 0.0380992, 0.999081
5.29005, 5.30499, 0.797784, 0.00127926, -0.0241654, -0.999676
5.28477, 5.30036, 0.793786, -0.0108245, 0.0305502, 0.999355
5.28915, 5.30047, 0.815603, -0.0129615, 0.0446293, 0.998899
5.29364, 5.30825, 0.80128, 0.0110899, -0.0113926, -0.999793
5.29152, 5.30668, 0.793667, -0.0146751, 0.0283616, 0.999454
5.28739, 5.30583, 0.816984, 0.00532992, -0.0401129, -0.999167
5.28459, 5.30482, 0.793052, -0.0089941, 0.031787, 0.99939
5.28929, 5.30281, 0.795197, -0.020819, 0.0212226, 0.9993
5.28994, 5.3069, 0.81313, 0.0114655, -0.0339178, -0.999321
5.28887, 5.30486, 0.787473, 0.0114828, -0.0325044, -0.999352
5.29356, 5.30056, 0.797003, -0.0228865, 0.056102, 0.998063
5.28344, 5.30435, 0.788245, -0.00683054, 0.0303994, 0.999502
5.2865, 5.30655, 0.819402, -0.00959323, 0.0326128, 0.9994
5.28552, 5.30205, 0.794132, -0.0106188, 0.0325839, 0.999296
5.28616, 5.30324, 0.801175, 0.00952157, -0.0264839, -0.999599
5.28928, 5.29975, 0.807981, 0.0173406, -0.0259392, -0.999457
5.28891, 5.30419, 0.796576, 0.0147655, -0.0360219, -0.999221
5.28875, 5.30443, 0.822224, 0.00956019, -0.0284889, -0.999524
5.2884, 5.30748, 0.796546, -0.0135319, 0.0239205, 0.999525
5.28621, 5.30445, 0.81294, -0.00681987, 0.0309968, 0.999485
5.28878, 5.30308, 0.818973, 0.00364606, -0.0398651, -0.999193
5.29414, 5.29962, 0.792633, 0.0176072, -0.0426623, -0.998895
5.29325, 5.30137, 0.806086, -0.0215837, 0.0252041, 0.999379
5.29086, 5.30647, 0.812462, 0.0104411, -0.0258753, -0.9996
5.28232, 5.30548, 0.797239, -0.00868122, 0.0368876, 0.999252
5.2851, 5.30374, 0.783135, -0.00204473, -0.0371717, -0.999283
5.28866, 5.30343, 0.789517, -0.00893939, 0.0233533, 0.999605
5.29241, 5.30116, 0.799333, 0.0251817, -0.034769, -0.998892
5.28627, 5.30438, 0.79332, 0.00893957, -0.0380391, -0.99921
5.28379, 5.30214, 0.808068, -0.00766578, 0.0449573, 0.998837
5.28959, 5.30446, 0.799464, 0.00507135, -0.0260161, -0.999609
5.28775, 5.30559, 0.808791, 0.00326131, -0.0256892, -0.99962
5.29189, 5.30022, 0.79661, 0.0215622, -0.0308318, -0.999217
5.29061, 5.30449, 0.820683, -0.021053, 0.0343257, 0.999171
5.28922, 5.30248, 0.816841, 0.0221811, -0.0392351, -0.998976
5.28673, 5.30415, 0.820348, 0.00152611, 0.0332102, 0.999442
5.2865, 5.30439, 0.803695, 0.0181212, -0.0239137, -0.999418
5.28742, 5.30582, 0.808027, 0.0085247, -0.0456014, -0.998888
5.28699, 5.30491, 0.809605, -0.0120581, 0.0292072, 0.999425
5.29006, 5.2999, 0.796087, 0.0201325, -0.0435358, -0.998843
5.28922, 5.30993, 0.80288, 0.000810323, 0.0314086, 0.999402
5.28301, 5.30821, 0.821938, -0.00544658, 0.0363202, 0.99929
5.29087, 5.31196, 0.816449, -0.0261051, 0.039861, 0.998763
5.28837, 5.30362, 0.807949, 0.0134911, -0.037733, -0.999164
5.28956, 5.30357, 0.781611, 0.0124524, -0.00532653, -0.999782
5.29603, 5.30379, 0.789764, 0.0199712, -0.0298258, -0.999333
5.28718, 5.30797, 0.804214, -0.00953604, -0.0332168, -0.999394
5.29024, 5.30062, 0.796055, -0.0271871, 0.0397142, 0.99883
5.2924, 5.3059, 0.792483, -0.0238822, 0.0282644, 0.999306
5.29439, 5.30395, 0.834391, 0.0244998, -0.0335274, -0.999085
5.28776, 5.30184, 0.799431, 0.0190399, -0.0371351, -0.999062
5.29076, 5.302, 0.790961, -0.0151739, 0.0374069, 0.999173
5.28846, 5.30415, 0.817324, 0.0106638, -0.0307593, -0.999451
5.29156, 5.30413, 0.819694, -0.0075248, 0.0219426, 0.999725
5.28415, 5.30597, 0.819365, 0.00957462, -0.0319439, -0.999388
5.29084, 5.30945, 0.790617, 0.000295494, -0.0382607, -0.999257
5.29008, 5.30265, 0.793409, -0.020382, 0.0306228, 0.999208
5.29112, 5.29735, 0.793664, 0.015296, -0.0260348, -0.999444
5.29009, 5.31494, 0.793955, 0.00885956, -0.0387564, -0.999192
5.29233, 5.30146, 0.829682, 0.0172237, -0.0419461, -0.998813
5.29074, 5.30408, 0.797946, -0.0190172, 0.0252188, 0.999494
5.28672, 5.30447, 0.806582, -0.010415, 0.0234201, 0.999574
5.29074, 5.298, 0.795847, -0.0163157, 0.0401272, 0.999029
5.28726, 5.30428, 0.782233, -0.00557361, 0.017507, 0.9998
5.29241, 5.3055, 0.797478, -0.0104646, 0.0404139, 0.999045
5.28389, 5.30594, 0.793792, -0.00460368, 0.0167772, 0.999801
5.28468, 5.3023, 0.794177, 0.01117, -0.033748, -0.999313
5.2879, 5.30782, 0.809156, -0.00280203, -0.0217485, -0.999536
5.28636, 5.30334, 0.795343, 0.020574, -0.0358424, -0.999131
5.28392, 5.30233, 0.795524, -0.00638107, 0.0363872, 0.999293
5.28924, 5.30747, 0.79323, -0.0166614, 0.0342716, 0.999251
5.2864, 5.30303, 0.825308, -0.0102469, 0.0447486, 0.998884
5.28801, 5.30805, 0.803691, -0.00849432, 0.0151642, 0.999734
5.28527, 5.30331, 0.805519, 0.00929378, -0.0322845, -0.999379
5.28922, 5.30033, 0.795373, 0.0101828, -0.0293659, -0.999422
5.28877, 5.30509, 0.792255, 0.0140689, -0.0360546, -0.999165
5.2907, 5.30622, 0.800513, -0.0188595, 0.0312284, 0.999317
5.28333, 5.30431, 0.793121, 0.00201675, -0.0240018, -0.999543
5.2815, 5.30202, 0.780844, -0.012045, 0.0347803, 0.999162
5.29138, 5.30643, 0.791986, -0.0113885, 0.0184283, 0.99976
5.29024, 5.30413, 0.817689, 0.0178694, -0.0269582, -0.999417
5.28978, 5.30508, 0.819702, 0.00298576, -0.0392772, -0.999204
5.28583, 5.3058, 0.817411, -0.00550499, 0.0231229, 0.999666
5.28519, 5.30983, 0.807313, 0.00259199, 0.033657, 0.999395
5.28552, 5.30526, 0.790322, 0.00758399, -0.0439611, -0.998917
5.2933, 5.30163, 0.79714, 0.0363106, -0.0324764, -0.998755
5.28342, 5.3064, 0.793816, -0.0111892, 0.0348359, 0.999283
5.28939, 5.30607, 0.798654, -0.0137267, 0.0354978, 0.999196
5.27929, 5.30759, 0.798518, 0.00492271, 0.0259417, 0.999546
5.28523, 5.30041, 0.80627, 0.0155361, 0.0273228, 0.999469
5.28591, 5.304, 0.803328, 0.0162564, -0.0294619, -0.999421
5.28459, 5.30113, 0.803809, 0.0104846, -0.0351067, -0.999301
5.28699, 5.30255, 0.795981, -0.0149916, 0.0133537, 0.999773
5.28619, 5.30159, 0.797256, 0.0181322, -0.0310666, -0.999089
5.29056, 5.3016, 0.806607, 0.0103922, -0.0300403, -0.999482
5.28573, 5.30511, 0.817224, 0.00319353, -0.0396007, -0.999209
5.29952, 5.2948, 0.819788, 0.0385721, -0.0580176, -0.997351
5.28592, 5.30751, 0.793369, -0.00350976, 0.0327296, 0.999453
5.28897, 5.30211, 0.808224, -0.0145473, 0.0334522, 0.999219
5.29574, 5.30717, 0.78916, 0.0287911, -0.0294574, -0.999019
5.28982, 5.30695, 0.798891, 0.0201236, -0.0295961, -0.999272
5.28909, 5.30471, 0.791571, 0.00409597, -0.0363053, -0.999243
5.28538, 5.30714, 0.798562, -0.0079662, 0.0373823, 0.999206
5.28546, 5.30303, 0.801897, -0.0059919, 0.0293274, 0.999489
5.28442, 5.30584, 0.795943, 0.00129855, -0.0261018, -0.999512
5.29031, 5.29993, 0.799227, -0.013615, 0.0269417, 0.99954
5.29489, 5.30649, 0.809116, 0.0138152, -0.0225535, -0.999401
5.28544, 5.30284, 0.798266, -0.000711365, 0.0273001, 0.999602
5.29511, 5.30388, 0.804886, -0.0164193, 0.0422072, 0.998799
5.28249, 5.30513, 0.812041, -0.00513998, 0.0352224, 0.999362
5.29068, 5.30486, 0.815648, -0.00737922, 0.0465217, 0.998733
5.29241, 5.30568, 0.793513, 0.00960175, -0.0106157, -0.999861
5.28646, 5.30187, 0.785476, 0.00249348, 0.0251999, 0.999568
5.29016, 5.3043, 0.789757, 0.00451057, -0.0251582, -0.999593
5.29116, 5.30151, 0.793889, 0.0206002, -0.018898, -0.999568
5.28784, 5.30868, 0.798068, -0.00846928, 0.00745645, 0.999802
5.2932, 5.301, 0.821712, 0.0328091, -0.030849, -0.998858
5.28786, 5.30314, 0.79128, -0.00841202, 0.0177758, 0.999777
5.29012, 5.3002, 0.796705, -0.014911, 0.043593, 0.998853
5.29383, 5.30855, 0.80493, 0.025982, -0.0280387, -0.999269
5.29489, 5.3035, 0.802608, 0.00859708, -0.0428219, -0.998973
5.2893, 5.30455, 0.79111, 0.0122442, -0.0417634, -0.999049
5.29271, 5.30216, 0.786697, -0.00128076, 0.0282434, 0.999572
5.2956, 5.30376, 0.80984, 0.024954, -0.0358694, -0.998991
5.29084, 5.3054, 0.827133, -0.0237594, 0.0401599, 0.998746
5.28534, 5.30155, 0.79077, 0.00990637, -0.0333553, -0.99933
5.28673, 5.3049, 0.80745, 0.00192724, 0.0248615, 0.999667
5.28541, 5.30423, 0.811369, 0.00877633, -0.0327739, -0.99941
5.29379, 5.3102, 0.815039, 0.0200004, -0.0277117, -0.999361
5.29068, 5.30306, 0.781057, -0.00181946, 0.0352671, 0.999343
5.29163, 5.30075, 0.803618, -0.0117849, 0.0386867, 0.999178
5.28434, 5.30775, 0.819797, -0.00318014, -0.0250573, -0.999614
5.29733, 5.30483, 0.798287, -0.0145778, 0.0360964, 0.999211
5.28983, 5.30077, 0.791434, -0.0264237, 0.046655, 0.998548
5.29082, 5.3067, 0.810152, -0.00322462, 0.0376947, 0.999208
5.29039, 5.3013, 0.810434, -0.0136418, 0.0321576, 0.999245
5.28767, 5.30276, 0.799573, 0.00574656, -0.0382594, -0.999227
5.28686, 5.30132, 0.822778, 0.00637335, -0.0339256, -0.999354
5.28866, 5.30027, 0.784099, 0.0091183, -0.0333892, -0.999394
5.2828, 5.30604, 0.79779, 0.00183075, 0.0294855, 0.999405
5.29038, 5.30373, 0.795751, 0.0203041, -0.0347577, -0.999135
5.29214, 5.30156, 0.785657, -0.0184064, 0.0280197, 0.999197
5.29146, 5.30675, 0.816021, 0.0125994, -0.0291486, -0.999442
5.28381, 5.29995, 0.778475, -0.00953357, 0.0329426, 0.999362
5.28303, 5.30552, 0.782989, 0.00380913, -0.0283211, -0.999338
5.29013, 5.30486, 0.816887, 0.0219013, -0.0382869, -0.998963
5.29049, 5.31016, 0.799509, 0.0145851, -0.0334654, -0.999318
5.28811, 5.30791, 0.810936, 0.005738, -0.0459284, -0.998868
5.2834, 5.30344, 0.797565, -0.00591207, 0.0391599, 0.999132
5.28995, 5.30332, 0.799553, 0.017388, -0.0331885, -0.999294
5.28976, 5.30129, 0.799812, 0.00477872, -0.0271947, -0.999581
5.29153, 5.30364, 0.818548, 0.0259306, -0.0441914, -0.998666
5.29048, 5.30416, 0.79833, -0.0130619, 0.0176022, 0.99971
5.28841, 5.30293, 0.809505, 0.0138013, -0.0399402, -0.99903
5.28365, 5.30321, 0.828257, 0.00640325, -0.0383372, -0.999231
5.29225, 5.30773, 0.792419, -0.00385978, 0.0384182, 0.999128
5.29206, 5.30147, 0.796378, 0.0119193, -0.0401444, -0.999116
5.28284, 5.30455, 0.815196, 0.00282903, 0.0402733, 0.999076
5.28047, 5.30521, 0.799776, -0.00232656, 0.034485, 0.999354
5.29428, 5.30436, 0.813453, 0.0215555, -0.0421466, -0.998778
5.28503, 5.30979, 0.826848, -0.00306368, 0.0304292, 0.99952
5.28812, 5.30708, 0.801559, 0.00173326, -0.018133, -0.999833
5.28975, 5.30448, 0.800364, -0.00222707, 0.0180449, 0.999724
5.29515, 5.30438, 0.790804, -0.0148648, 0.0258609, 0.999465
5.28979, 5.30827, 0.817642, -0.0180483, 0.0421886, 0.998894
5.28752, 5.30334, 0.828717, -0.018062, 0.0494003, 0.998491
5.28824, 5.30017, 0.790907, 0.000498901, -0.0371952, -0.999302
5.29194, 5.30732, 0.784239, 0.020966, -0.0205244, -0.999545
5.28963, 5.30187, 0.79143, 0.00907757, -0.0403915, -0.999083
5.29293, 5.30199, 0.809935, 0.0149001, -0.0363828, -0.999226
5.2903, 5.30395, 0.816695, -0.00634102, 0.0326062, 0.999409
5.29053, 5.30416, 0.783048, -0.0205501, 0.0147598, 0.999653
5.28829, 5.30041, 0.773336, -0.00209059, 0.0445237, 0.998948
5.28292, 5.30702, 0.820049, -0.00351982, 0.0281193, 0.999521
5.29014, 5.30438, 0.826921, 0.0188632, -0.0345149, -0.99921
5.28611, 5.3028, 0.780269, 0.000631858, -0.0420453, -0.999114
5.28276, 5.30491, 0.785141, -0.00698902, -0.0316868, -0.99941
5.28747, 5.30149, 0.819166, -0.0144341, 0.0415139, 0.999005
5.29253, 5.29831, 0.788001, -0.0120237, 0.0408618, 0.99895
5.28693, 5.30397, 0.80324, -0.0111783, 0.028515, 0.999509
5.29167, 5.30017, 0.795109, -0.0199806, 0.0449368, 0.99878
5.29247, 5.305, 0.796431, 0.0235158, -0.0101321, -0.999618
5.2876, 5.30323, 0.796864, 0.00742522, -0.0435723, -0.999012
5.28873, 5.30197, 0.783155, 0.0114342, -0.0389798, -0.999084
5.28548, 5.30426, 0.801322, -0.00690847, 0.0395259, 0.999177
5.28924, 5.30432, 0.809076, 0.0144712, -0.0390784, -0.999121
5.29154, 5.306, 0.797404, 0.000374581, -0.0444766, -0.998963
5.29204, 5.30444, 0.826672, -0.0333475, 0.0298255, 0.99888
5.29107, 5.30149, 0.794949, -0.0155899, 0.034947, 0.999226
5.28542, 5.30359, 0.781514, -0.00373939, 0.0356749, 0.999314
5.29126, 5.30724, 0.830957, 0.0198415, -0.0489144, -0.998606
5.28548, 5.30244, 0.799898, -0.00741699, 0.0367134, 0.999271
5.29104, 5.29938, 0.791475, 0.0101922, -0.0295517, -0.999454
5.29167, 5.30018, 0.829841, 0.0319335, -0.0513074, -0.998161
5.29403, 5.29887, 0.821226, -0.00950127, 0.0293582, 0.999512
5.28454, 5.30287, 0.817609, -0.00775537, 0.031458, 0.999457
5.29367, 5.30191, 0.818444, -0.0161543, 0.0347465, 0.999109
5.28856, 5.30285, 0.780284, -0.00696502, 0.0374409, 0.999244
5.28847, 5.30917, 0.813321, 0.00370073, -0.0309717, -0.999442
5.2937, 5.30256, 0.798136, 0.0186693, -0.0281681, -0.999311
5.28811, 5.3014, 0.800703, 0.0041233, -0.0328376, -0.999434
5.29041, 5.30307, 0.799568, 0.00398566, -0.0306609, -0.999515
5.28688, 5.30309, 0.78429, 0.00361998, -0.0343655, -0.999381
5.2878, 5.30143, 0.808661, 0.0164576, -0.0375837, -0.999135
5.29102, 5.30691, 0.794234, -0.0192095, 0.0322889, 0.999258
5.28673, 5.30447, 0.784659, 0.00557576, -0.031888, -0.999473
5.28587, 5.30403, 0.807405, -0.00859826, 0.0323475, 0.999407
5.28782, 5.30413, 0.796234, -0.00759455, 0.0372878, 0.999255
5.28452, 5.3055, 0.799275, -0.00876812, -0.0305529, -0.999487
5.2903, 5.30614, 0.8018, -0.0137264, 0.0193328, 0.999628
5.29304, 5.30381, 0.79013, 0.0210758, -0.0263543, -0.999372
5.28314, 5.3044, 0.808906, -0.000335451, 0.026811, 0.999429
5.2916, 5.29865, 0.784464, 0.00520466, -0.0258973, -0.999594
5.28719, 5.30337, 0.798938, -0.00976567, 0.0287616, 0.999508
5.28398, 5.29896, 0.79609, -0.00706942, 0.02337, 0.99966
5.27878, 5.30677, 0.785188, 0.0106858, 0.0269585, 0.999488
5.29277, 5.30393, 0.819376, 0.0151498, -0.0342618, -0.999187
5.28928, 5.30898, 0.812072, -0.00567251, 0.0221799, 0.999691
5.28168, 5.30349, 0.798871, -0.00399636, 0.0166637, 0.999772
5.2868, 5.30827, 0.815503, 0.0171312, -0.0528782, -0.998413
5.28859, 5.30585, 0.792659, 0.00878596, -0.0292311, -0.999483
5.28649, 5.30428, 0.790998, -0.00685991, 0.0169189, 0.99975
5.28536, 5.30543, 0.799456, 0.00274223, -0.0212315, -0.99969
5.28829, 5.30014, 0.791578, 0.0063924, 0.0157377, 0.999831
5.28573, 5.3033, 0.817313, 0.0123664, -0.0297373, -0.999447
5.28768, 5.30329, 0.812112, 0.00751492, -0.0368215, -0.999209
5.28523, 5.30095, 0.817737, 0.00776371, -0.0329541, -0.999384
5.29408, 5.30361, 0.798705, 0.0202568, -0.0323835, -0.999162
5.29646, 5.30665, 0.778028, 0.00233269, 0.0442096, 0.998915
5.28625, 5.30549, 0.795473, -0.0102986, 0.0350401, 0.99932
5.28975, 5.30393, 0.82936, 0.0128584, -0.0399558, -0.999086
5.28375, 5.30397, 0.7983, -0.00708385, 0.0373243, 0.999227
5.28952, 5.30101, 0.793568, 0.00747263, -0.0273117, -0.999557
5.28743, 5.30429, 0.800279, 0.0138204, -0.0436327, -0.998933
5.29031, 5.30152, 0.796518, -0.0181282, 0.0401593, 0.999021
5.28641, 5.30056, 0.791002, -0.0142817, 0.0265978, 0.999443
5.28505, 5.30125, 0.791857, -0.00598367, 0.037371, 0.999277
5.28735, 5.30249, 0.820026, 0.00644325, -0.0213846, -0.999725
5.29068, 5.30019, 0.797941, -0.0201153, 0.0329309, 0.999238
5.29158, 5.30008, 0.793096, -0.0128166, 0.0323474, 0.99937
5.28566, 5.30398, 0.789778, 0.00291883, 0.0361658, 0.999254
5.28875, 5.3045, 0.794243, -0.00772571, 0.0161614, 0.99977
5.28984, 5.30086, 0.815892, -0.00652201, 0.0308047, 0.999496
5.29133, 5.30705, 0.819223, 0.0140527, -0.0269452, -0.999537
5.28621, 5.30707, 0.783822, 0.00789729, -0.0260564, -0.999609
5.28912, 5.30721, 0.809027, 0.005119, -0.0219428, -0.99972
5.28984, 5.3063, 0.789421, 0.0168867, -0.0269038, -0.999373
5.29159, 5.30444, 0.789915, 0.0178014, -0.0259409, -0.999484
5.28615, 5.30001, 0.780839, 0.00479772, 0.0170888, 0.999785
5.28518, 5.30638, 0.798656, -0.00558624, 0.0296201, 0.999451
5.2885, 5.30699, 0.785421, -0.0106049, 0.0316277, 0.999407
5.292, 5.30054, 0.793666, 0.0242227, -0.0137089, -0.99944
5.28789, 5.30265, 0.793546, 0.00287496, 0.013627, 0.999846
5.28832, 5.30292, 0.79347, 0.0131319, -0.0221471, -0.999618
5.27881, 5.30495, 0.777376, 0.00906236, 0.026612, 0.99957
5.29158, 5.3073, 0.793512, 0.0083169, -0.00952283, -0.999858
5.28936, 5.30786, 0.81065, 0.000313333, -0.0363082, -0.99928
5.29144, 5.30926, 0.808117, -0.0169225, 0.0307618, 0.999372
5.28898, 5.3028, 0.798367, -0.00703583, 0.0299429, 0.999455
5.28642, 5.30453, 0.79815, 0.00494686, -0.0370377, -0.99929
5.29125, 5.30832, 0.799991, -0.0212367, 0.0336096, 0.999152
5.28543, 5.30452, 0.818536, -0.0125633, 0.0420488, 0.999029
5.29405, 5.30558, 0.807165, -0.0250368, 0.0354498, 0.999037
5.29291, 5.30377, 0.810706, 0.022267, -0.0259447, -0.999387
5.29806, 5.30858, 0.801604, -0.0228893, 0.0382378, 0.998964
5.28877, 5.30264, 0.798613, -0.0101229, 0.0303639, 0.999477
5.29198, 5.30051, 0.82025, -0.0137367, 0.048837, 0.998648
5.29108, 5.30555, 0.829457, 0.0110182, -0.034799, -0.999294
5.28904, 5.30581, 0.829966, -0.0185327, 0.0345477, 0.999194
5.29577, 5.30233, 0.820112, -0.0321977, 0.0370439, 0.998777
5.29073, 5.30375, 0.791693, 0.00231898, -0.0313236, -0.999495
5.27701, 5.30707, 0.798015, -0.00297666, -0.0279616, -0.99955
5.29308, 5.30218, 0.800227, -0.00185356, -0.0330306, -0.999415
5.29382, 5.29998, 0.796338, 0.0200853, -0.0156584, -0.999672
5.28954, 5.30752, 0.808241, 0.0130108, -0.0429754, -0.998934
5.29293, 5.30596, 0.801315, 0.00425101, -0.0402124, -0.999107
5.28791, 5.30374, 0.798451, 0.00518941, -0.0307224, -0.99948
5.28865, 5.3017, 0.795379, 0.0147803, -0.0388108, -0.999126
5.2904, 5.30293, 0.798131, -0.000834596, -0.0371407, -0.999276
5.28763, 5.3067, 0.805733, 0.00373128, -0.0372632, -0.999245
5.29115, 5.30375, 0.825105, -0.0154661, 0.0496316, 0.998498
5.29332, 5.30186, 0.793434, 0.0125892, -0.0386181, -0.999085
5.29631, 5.30114, 0.792341, 0.0234015, -0.0399546, -0.998886
5.28706, 5.3049, 0.800577, 0.0134336, 0.0293399, 0.999438
5.28853, 5.30458, 0.790676, -0.000116465, 0.0397251, 0.999123
5.28939, 5.30319, 0.791487, 0.0171517, -0.039046, -0.999033
5.29358, 5.31131, 0.811027, -0.0156324, 0.0408532, 0.998661
5.28971, 5.29844, 0.793297, -0.00530263, 0.00304204, 0.999782
5.29226, 5.30311, 0.824371, 0.02125, -0.021007, -0.999409
5.28742, 5.30145, 0.786769, -0.0119212, 0.0298219, 0.999447
5.28806, 5.30309, 0.811317, 0.0107517, -0.0392565, -0.999168
5.28729, 5.3031, 0.810793, -0.00739757, 0.0265872, 0.99961
5.2886, 5.30453, 0.795376, -0.0104266, 0.0323567, 0.999416
5.29331, 5.30405, 0.795439, 0.0236737, -0.0364662, -0.999048
5.29032, 5.30316, 0.803419, 0.0215865, -0.00923851, -0.999663
5.28693, 5.30104, 0.807033, -0.0122773, -0.0180324, -0.999689
5.29304, 5.30012, 0.786673, 0.0165553, -0.03698, -0.999172
5.28756, 5.30044, 0.79164, 0.00645386, -0.0317903, -0.999456
5.29099, 5.3048, 0.828626, 0.00612183, -0.0356103, -0.999295
5.28961, 5.30764, 0.811837, -0.0190814, 0.031354, 0.999309
5.28651, 5.30152, 0.805752, 0.00578934, -0.0420732, -0.999001
5.28812, 5.30777, 0.81255, 0.00472697, -0.0367843, -0.999287
5.28865, 5.30266, 0.780593, -0.00979549, 0.0379216, 0.999219
5.29088, 5.30105, 0.814572, -0.0274452, 0.0383358, 0.998696
5.29013, 5.30499, 0.81031, 0.0202413, -0.0473653, -0.998613
5.29185, 5.30299, 0.815171, -0.0180252, 0.0316973, 0.999311
5.29573, 5.30476, 0.815547, -0.0214036, 0.0520869, 0.998399
5.28817, 5.30486, 0.823735, 0.00514871, -0.0174017, -0.999815
5.28802, 5.30636, 0.781988, 0.00487685, 0.0188071, 0.999794
5.28703, 5.30145, 0.802317, 0.0170342, -0.0227574, -0.999468
5.28116, 5.30177, 0.783158, 0.00237574, -0.0337437, -0.999406
5.28874, 5.30279, 0.802749, -0.0171227, 0.029143, 0.999386
5.29261, 5.30572, 0.79901, -0.0222843, 0.0476496, 0.998573
5.2901, 5.30498, 0.796905, 0.0111359, -0.0127074, -0.99978
5.29059, 5.30532, 0.810163, 0.0228352, -0.0162087, -0.999317
5.29089, 5.30915, 0.79128, -0.00263926, 0.0207819, 0.999747
5.29067, 5.30121, 0.795661, -0.00952076, 0.0159973, 0.999743
5.28766, 5.30685, 0.808694, -0.00774948, 0.0317135, 0.999437
5.28433, 5.31189, 0.808345, -0.00229689, 0.032872, 0.99944
5.29115, 5.30182, 0.801417, 0.029323, -0.0482157, -0.99826
5.28323, 5.30495, 0.822497, 0.00605551, -0.0364251, -0.999305
5.29294, 5.30516, 0.78634, 0.00291267, -0.0312472, -0.999401
5.29105, 5.30298, 0.812082, 0.0212807, -0.0372534, -0.999048
5.28496, 5.30418, 0.780451, -0.00250482, 0.0280434, 0.999561
5.28811, 5.30318, 0.815796, 0.00583768, -0.0365279, -0.999316
5.28835, 5.30316, 0.798339, 0.00702718, -0.0332174, -0.999405
5.29089, 5.30046, 0.800188, 0.0131892, -0.0347894, -0.999268
5.28849, 5.30612, 0.805583, 0.00257478, 0.0394101, 0.999205
5.28792, 5.30634, 0.818024, -0.0239916, 0.0417218, 0.998811
5.29203, 5.29925, 0.799366, -0.0141665, 0.0297522, 0.99943
5.28994, 5.2991, 0.796789, 0.00997931, -0.0443452, -0.99885
5.28615, 5.30206, 0.7911, -0.00731946, 0.0410235, 0.999072
5.29016, 5.30646, 0.796, -0.019225, 0.0242493, 0.999447
5.29207, 5.30499, 0.798288, -0.00569087, 0.0313824, 0.99946
5.2912, 5.30478, 0.83391, 0.0149279, -0.0341621, -0.999261
5.28908, 5.29993, 0.789997, 0.0229355, -0.0433245, -0.998674
5.29066, 5.30248, 0.810007, -0.0127675, 0.0305451, 0.999331
5.29142, 5.30322, 0.781751, -0.00971697, 0.037249, 0.99917
5.29163, 5.31078, 0.797519, -0.0100607, 0.0265789, 0.999576
5.2898, 5.30415, 0.804136, -0.0145869, 0.0242993, 0.999595
5.29039, 5.30454, 0.798608, -0.00820795, 0.0292663, 0.999493
5.29319, 5.30318, 0.789673, 0.0108872, -0.0392334, -0.999148
5.29215, 5.30433, 0.799467, -0.0144484, 0.0382857, 0.999075
5.2903, 5.30364, 0.78452, 7.40066e-05, 0.0291543, 0.999543
5.28744, 5.30197, 0.799572, -0.00855696, 0.0303083, 0.999493
5.29097, 5.2999, 0.822763, -0.0168266, 0.0509762, 0.998551
5.28613, 5.30268, 0.7987, 0.00101617, -0.0334914, -0.999434
5.29718, 5.30443, 0.792718, 0.021511, -0.0342705, -0.999121
5.29398, 5.30039, 0.796149, 0.00576925, -0.0261311, -0.999522
5.28491, 5.30481, 0.800598, 0.000165304, -0.0306986, -0.999519
5.29379, 5.30098, 0.804532, -0.0258509, 0.043677, 0.99868
5.29069, 5.30011, 0.800424, 0.0214706, -0.0372201, -0.999066
5.29207, 5.30307, 0.808365, 0.0179405, -0.0148029, -0.999694
5.29113, 5.29675, 0.792926, -0.0165128, 0.0314992, 0.999204
5.29527, 5.30179, 0.800664, -0.017075, 0.0360817, 0.999151
5.29206, 5.30172, 0.811362, 0.0111853, -0.0305326, -0.99941
5.28877, 5.30006, 0.79306, 0.0126196, -0.0402043, -0.999088
5.29136, 5.30083, 0.785233, 0.028857, -0.0246843, -0.999271
5.29245, 5.30088, 0.793801, 0.00953788, -0.034125, -0.999357
5.29323, 5.30795, 0.799187, 0.0216485, -0.0194567, -0.999562
5.28628, 5.30631, 0.809172, -0.0100198, 0.0352423, 0.999304
5.29358, 5.30595, 0.794905, -0.0199312, 0.0312263, 0.999244
5.29097, 5.30216, 0.773696, 0.00347326, 0.0410593, 0.999117
5.29551, 5.30088, 0.790335, -0.029707, 0.0355685, 0.998909
5.28721, 5.3039, 0.798559, -0.00059971, -0.0334297, -0.999365
5.28986, 5.30695, 0.796755, -0.0157785, 0.0384386, 0.999103
5.29478, 5.30349, 0.810568, -0.0173961, 0.0345627, 0.999224
5.29263, 5.30169, 0.785386, -0.0155403, 0.0312913, 0.999387
5.29359, 5.30617, 0.813796, 0.020852, -0.0279868, -0.99931
5.28771, 5.30618, 0.807111, 0.00218984, -0.0333336, -0.999371
5.29525, 5.29875, 0.796049, -0.00916917, 0.046131, 0.998865
5.2874, 5.29922, 0.791535, 0.0132942, -0.0429687, -0.998985
5.28187, 5.3031, 0.809742, 0.00119649, 0.0360226, 0.999317
5.29277, 5.30227, 0.792315, -0.010935, 0.046165, 0.998829
5.28856, 5.3069, 0.795289, -0.00545279, 0.0290605, 0.999486
5.29403, 5.30836, 0.791698, -0.019115, 0.023818, 0.999365
5.28294, 5.30419, 0.780723, -0.00108233, 0.0341527, 0.999402
5.28423, 5.30425, 0.790047, 0.00648857, -0.0266719, -0.999532
5.2901, 5.29835, 0.798938, 0.0243764, -0.0189563, -0.99952
5.28117, 5.30694, 0.795124, 0.0147255, 0.0343485, 0.999264
5.28433, 5.30419, 0.79876, 0.0130329, -0.0329286, -0.999339
5.29, 5.30042, 0.792005, 0.00991483, -0.0391772, -0.999177
5.29335, 5.30142, 0.784062, -0.0125582, 0.0436092, 0.998887
5.29227, 5.30415, 0.79062, -0.0161942, 0.0314508, 0.999219
5.29005, 5.30248, 0.809935, -0.0231901, 0.0156331, 0.999499
5.28551, 5.30441, 0.79921, -0.00226204, 0.0410728, 0.99915
5.29276, 5.3023, 0.789533, -0.0143981, 0.0347992, 0.999258
5.27748, 5.31989, 0.811238, 0.00744838, -0.0184012, -0.999771
5.28727, 5.30448, 0.775368, -0.00871702, -0.0200267, -0.999589
5.28947, 5.30547, 0.793791, 0.000989859, 0.0398902, 0.999038
5.28176, 5.30231, 0.795632, 0.00838516, 0.0259293, 0.999396
5.2907, 5.30539, 0.801996, 0.0160427, -0.0285507, -0.999448
5.28848, 5.30285, 0.790082, -0.00617234, -0.0374904, -0.999215
5.28919, 5.30724, 0.834779, -0.0178411, 0.0391928, 0.999039
5.29122, 5.30321, 0.808665, 0.0102833, -0.0320255, -0.999244
5.28647, 5.30464, 0.807326, 0.00310383, -0.0330878, -0.999447
5.28989, 5.30481, 0.79654, 0.00374503, -0.0353118, -0.99935
5.28962, 5.3023, 0.79324, -0.00394689, 0.0207569, 0.999776
5.29182, 5.31047, 0.791049, -0.0191654, 0.0375935, 0.999106
5.28443, 5.30186, 0.811555, -0.00696853, 0.0379572, 0.999242
5.287, 5.30143, 0.801033, -0.0141743, 0.0365119, 0.999166
5.29143, 5.3017, 0.792626, 0.0182961, -0.0481686, -0.998646
5.28781, 5.30587, 0.810605, 0.00303721, -0.0315246, -0.999496
5.28847, 5.30885, 0.821033, 0.00830021, -0.0226001, -0.999708
5.29351, 5.30178, 0.79272, 0.0132327, -0.0323656, -0.999381
5.2924, 5.304, 0.808978, -0.0154253, 0.0355722, 0.999166
5.28732, 5.30572, 0.791103, 0.0126617, -0.0342917, -0.999325
5.27955, 5.30526, 0.794231, 0.00297597, 0.0313978, 0.99946
5.29248, 5.30209, 0.81783, -0.0169002, 0.0323555, 0.999301
5.28573, 5.30171, 0.802727, -0.00391593, 0.0313557, 0.99906
5.28716, 5.30356, 0.819693, -0.00567816, 0.0340051, 0.999405
5.28803, 5.30183, 0.789931, 0.00441209, -0.0291827, -0.999552
5.28626, 5.30185, 0.778714, 0.00234172, -0.0312979, -0.999495
5.28583, 5.30182, 0.791614, -0.0155229, 0.0267933, 0.999493
5.29026, 5.30235, 0.803195, 0.0159482, -0.0467864, -0.998714
5.28767, 5.302, 0.805418, 0.0166308, -0.0389058, -0.99908
5.28446, 5.30415, 0.805517, 0.00538077, 0.0261002, 0.999628
5.28763, 5.29717, 0.796989, 0.00684675, -0.00418135, -0.999817
5.28939, 5.30735, 0.784099, 0.0144943, -0.0318913, -0.999359
5.29131, 5.30258, 0.793292, 0.0176176, -0.0360566, -0.999188
5.28857, 5.30268, 0.79065, 0.00604999, -0.0324237, -0.999428
5.29513, 5.30999, 0.795153, 0.0135689, -0.0420317, -0.999
5.29262, 5.29948, 0.823746, -0.0177237, 0.0535963, 0.997952
5.29038, 5.29977, 0.804558, 0.0110856, -0.0282102, -0.999519
5.28777, 5.30315, 0.781536, -0.016386, 0.0325985, 0.999272
5.28032, 5.30398, 0.789463, -0.00726288, -0.0218999, -0.999733
5.28683, 5.306, 0.795912, 0.00313868, -0.0282021, -0.999546
5.28804, 5.3026, 0.785238, 0.00940708, -0.0284933, -0.999543
5.29333, 5.305, 0.795854, -0.0230115, 0.0478428, 0.99846
5.29078, 5.29972, 0.778106, -0.00919119, -0.0213886, -0.999685
5.28736, 5.30597, 0.819783, 0.00605616, -0.0255696, -0.999652
5.29568, 5.30927, 0.809128, 0.0165447, -0.0309707, -0.999309
5.28117, 5.30357, 0.797577, -0.00576239, -0.0328592, -0.99944
5.2851, 5.3044, 0.781867, -0.00275133, -0.0216298, -0.999707
5.28758, 5.30741, 0.792191, 0.0120307, -0.048043, -0.998756
5.28774, 5.30186, 0.78456, 0.00337787, -0.0187608, -0.999725
5.287, 5.3042, 0.818928, -0.00666389, 0.0307179, 0.999402
5.28908, 5.30127, 0.793992, 0.0110264, -0.0300518, -0.999469
5.28598, 5.30278, 0.798846, 0.00402186, -0.0280063, -0.999563
5.28664, 5.30356, 0.831968, -0.0166912, 0.0361389, 0.999163
5.28882, 5.30296, 0.792603, 0.010983, -0.0256445, -0.999528
5.29446, 5.30653, 0.800506, -0.0235413, 0.0357782, 0.999058
5.28787, 5.30589, 0.798804, 0.00475455, -0.0364968, -0.999322
5.29014, 5.30571, 0.818833, 0.0119359, -0.0348465, -0.999315
5.2922, 5.30685, 0.807783, 0.0161742, -0.0452314, -0.998811
5.28857, 5.30304, 0.803905, -0.00758159, 0.0447446, 0.998958
5.2919, 5.30527, 0.813785, -0.00713494, 0.042865, 0.999032
5.29021, 5.3018, 0.787095, 0.00309921, 0.0378419, 0.999211
5.29007, 5.30948, 0.817353, 0.0123928, -0.0378416, -0.999141
5.29303, 5.30289, 0.795957, 0.0173173, -0.0472938, -0.998653
5.29202, 5.30481, 0.818694, 0.0264092, -0.0318869, -0.999138
5.29279, 5.30711, 0.828171, -0.0202646, 0.0300982, 0.999254
5.29007, 5.30277, 0.802087, -0.020529, 0.0462516, 0.998565
5.29142, 5.30539, 0.785766, -0.00847607, 0.0239924, 0.999625
5.29497, 5.30427, 0.794311, -0.0145771, 0.0366118, 0.999058
5.29319, 5.30572, 0.779557, 0.0038366, -0.023412, -0.999593
5.28445, 5.30454, 0.78063, 0.00192156, -0.0318586, -0.999465
5.29366, 5.30381, 0.782251, 0.00155452, -0.0242655, -0.999546
5.28112, 5.3047, 0.821261, 0.0101858, 0.0355313, 0.999233
5.29051, 5.29928, 0.804497, -0.00577773, 0.0299448, 0.999474
5.29192, 5.30255, 0.81968, 0.0215444, -0.0328606, -0.999157
5.2942, 5.30494, 0.804571, 0.026786, -0.0416796, -0.998663
5.28926, 5.30481, 0.802492, 0.00337437, -0.036221, -0.999287
5.2908, 5.30795, 0.795856, 0.000736723, 0.0199424, 0.999747
5.28917, 5.30331, 0.808747, 0.00263667, -0.0344126, -0.999399
5.28892, 5.30855, 0.792833, -0.000577351, 0.0256195, 0.999639
5.28951, 5.3045, 0.794757, -0.0151557, 0.0147973, 0.99965
5.29256, 5.30389, 0.791528, -0.0136621, 0.0261638, 0.999522
5.28582, 5.30541, 0.797916, 0.00125037, 0.0342496, 0.999402
5.29142, 5.3039, 0.794614, 0.0116109, -0.0287704, -0.999475
5.28657, 5.30465, 0.800697, 0.00689075, -0.0264034, -0.999535
5.29245, 5.30796, 0.8038, -0.0155917, 0.0210573, 0.999616
5.28883, 5.30547, 0.811444, -0.0195572, 0.0369359, 0.99909
5.28514, 5.29848, 0.784709, -0.00157564, 0.0253003, 0.99952
5.29134, 5.30515, 0.7957, -0.00941355, 0.0178017, 0.999732
5.2919, 5.30301, 0.817594, -0.0186905, 0.0417621, 0.998917
5.29391, 5.29972, 0.79377, 0.0138988, -0.0404459, -0.999057
5.29389, 5.30154, 0.79191, -0.0209789, 0.0316984, 0.999235
5.28785, 5.30471, 0.774607, -0.00422639, -0.0121669, -0.999913
5.28773, 5.30335, 0.798421, 0.0102182, -0.0214953, -0.999674
5.29017, 5.30459, 0.808567, 0.0105809, -0.0295922, -0.999486
5.29366, 5.30159, 0.809183, -0.0181027, 0.022172, 0.999531
5.29535, 5.30283, 0.830617, -0.023278, 0.0454238, 0.998625
5.29286, 5.30149, 0.79172, 0.0169131, -0.0298582, -0.999386
5.28934, 5.30262, 0.793698, -0.00863577, 0.0301493, 0.999445
5.2815, 5.30663, 0.818179, 0.00569974, -0.0375058, -0.999263
5.2882, 5.30506, 0.795709, -0.0129179, 0.0299342, 0.999418
5.28552, 5.3059, 0.828207, -0.0117094, 0.0245719, 0.999576
5.2941, 5.31065, 0.804942, 0.0270761, -0.017229, -0.999473
5.28689, 5.30434, 0.813067, 0.000557301, 0.0395457, 0.999208
5.28826, 5.30224, 0.781832, -0.0108579, 0.0290496, 0.99929
5.29142, 5.30435, 0.796747, 0.00872307, -0.0342867, -0.999341
5.28812, 5.30771, 0.814016, -0.0169004, 0.0353337, 0.99917
5.28925, 5.30267, 0.790997, -0.015074, 0.0372779, 0.999182
5.28823, 5.31001, 0.805462, 0.00506519, -0.0267604, -0.999617
5.28678, 5.30547, 0.797381, -0.00610707, 0.0339764, 0.999394
5.29018, 5.30238, 0.782199, -0.0125524, 0.03352, 0.999265
5.28268, 5.30403, 0.79312, -0.000773934, 0.0401212, 0.999181
5.28605, 5.30528, 0.798854, -0.00576452, 0.0287848, 0.999565
5.28894, 5.30252, 0.781444, -0.00259561, 0.0353134, 0.999343
5.28694, 5.3033, 0.797704, 0.00622624, -0.0416832, -0.999036
5.29882, 5.29995, 0.818438, 0.0276111, -0.0390526, -0.998762
5.28487, 5.30706, 0.794916, 0.00370428, -0.0366283, -0.999306
5.28827, 5.30694, 0.817256, -0.00218268, -0.0346108, -0.999372
5.28516, 5.30382, 0.791638, -0.00188784, 0.0344699, 0.999399
5.28298, 5.30315, 0.80804, -0.00420605, 0.0346216, 0.999389
5.29061, 5.30321, 0.797987, -0.0097669, 0.0380601, 0.999207
5.28752, 5.30376, 0.795367, 0.0119144, -0.0385261, -0.999176
5.28497, 5.30591, 0.819361, 0.00681872, -0.0332359, -0.999414
5.28553, 5.3043, 0.774466, -0.0033263, -0.0231789, -0.999722
5.28476, 5.29994, 0.777624, -0.00302174, 0.0198432, 0.999695
5.29186, 5.3034, 0.782572, 0.0118338, -0.0280276, -0.999523
5.28638, 5.30423, 0.802894, -0.000870466, -0.0308913, -0.99952
5.28839, 5.30653, 0.802701, 0.00680474, -0.0230831, -0.99969
5.288, 5.30831, 0.810397, -0.00533092, 0.0311578, 0.999415
5.29041, 5.30488, 0.798092, -0.0110176, 0.0243434, 0.999624
5.27769, 5.30726, 0.78433, -0.0133008, -0.0265096, -0.999543
5.28782, 5.30551, 0.808713, -0.00662763, 0.0296825, 0.99948
5.29394, 5.30673, 0.807128, -0.0204297, 0.0273832, 0.999353
5.29132, 5.30206, 0.809078, 0.0146768, -0.0394591, -0.999108
5.28822, 5.30355, 0.784447, 0.000822179, 0.0319145, 0.99943
5.29873, 5.30798, 0.825313, -0.042499, 0.0384324, 0.998057
5.29582, 5.30332, 0.802704, -0.0189323, 0.0326625, 0.999155
5.28851, 5.30464, 0.796188, 0.012144, -0.043022, -0.998999
5.29132, 5.30334, 0.797317, 0.0196306, -0.0401716, -0.99894
5.2871, 5.30745, 0.806607, -0.0143335, 0.036387, 0.999232
5.28137, 5.30571, 0.798387, 0.0228033, 0.0328515, 0.999173
5.2887, 5.30245, 0.798098, -0.00541065, 0.0191921, 0.999755
5.28397, 5.30303, 0.823785, -0.00308909, 0.0388779, 0.999218
5.28876, 5.30539, 0.798697, -0.00788407, 0.0396331, 0.999129
5.29376, 5.29793, 0.797818, -0.0252457, 0.0488636, 0.998456
5.28939, 5.30428, 0.795655, -0.00554357, 0.0240681, 0.999606
5.28476, 5.30379, 0.79356, 0.00828527, -0.0280812, -0.999557
5.29328, 5.30509, 0.79924, -0.019933, 0.0338879, 0.999221
5.28495, 5.30569, 0.809468, 0.0115956, -0.0481946, -0.998754
5.29272, 5.30403, 0.819822, 0.0122679, -0.0414434, -0.999052
5.28715, 5.30488, 0.796811, -0.0173153, 0.0301916, 0.999304
5.28994, 5.29872, 0.786736, -0.00953862, 0.0403361, 0.999086
5.28083, 5.30487, 0.796697, 0.00987838, 0.0265527, 0.999594
5.28468, 5.30652, 0.810984, -0.00760549, -0.0287659, -0.999547
5.28846, 5.30807, 0.789435, -0.00101402, 0.0430889, 0.999023
5.29171, 5.30049, 0.798098, -0.0145599, 0.0320513, 0.999333
5.29182, 5.30164, 0.793141, -0.00832473, 0.0348965, 0.999307
5.28724, 5.30567, 0.7994, -0.000640959, -0.0341015, -0.999375
5.29194, 5.30277, 0.797889, -0.0152229, 0.0411342, 0.999018
5.29371, 5.30607, 0.815799, 0.0129554, -0.0331187, -0.999327
5.28998, 5.30484, 0.800615, -0.0167039, 0.0270304, 0.999487
5.28949, 5.30136, 0.801049, -0.0142445, 0.0311576, 0.999382
5.29144, 5.30214, 0.797894, -0.0063248, 0.029038, 0.999552
5.29233, 5.30226, 0.794957, 0.0199587, -0.0515909, -0.998379
5.28691, 5.30648, 0.791002, -0.0116877, 0.0300005, 0.999443
5.29018, 5.30337, 0.817446, -0.0173049, 0.0343596, 0.999054
5.28587, 5.30531, 0.785198, 0.00884601, -0.0290488, -0.999538
5.28909, 5.30905, 0.802794, -0.0138032, 0.0400433, 0.999095
5.28742, 5.30571, 0.806643, 0.00600021, -0.030816, -0.999474
5.2885, 5.30503, 0.802939, -0.00740574, 0.0379711, 0.99923
5.28265, 5.30643, 0.783603, -0.00410515, -0.0328066, -0.99941
5.28779, 5.3049, 0.828934, 0.00932306, -0.0304213, -0.999456
5.28978, 5.30812, 0.809657, -0.00921589, 0.0318163, 0.999413
5.28549, 5.30847, 0.823638, 0.00706668, -0.0289874, -0.999478
5.28739, 5.3051, 0.798751, -0.0116647, 0.0204614, 0.99967
5.28233, 5.30574, 0.792877, 0.00143007, 0.0302726, 0.999535
5.2917, 5.30855, 0.794035, -0.00745297, 0.0321603, 0.999445
5.28948, 5.30273, 0.796248, -0.00265558, 0.0310234, 0.999453
5.28499, 5.30141, 0.808426, 0.00461599, -0.0361645, -0.999331
5.28891, 5.30354, 0.817458, -0.0124509, 0.0343033, 0.999329
5.29143, 5.3038, 0.816596, -0.0164165, 0.0352171, 0.99921
5.28929, 5.30272, 0.808131, 0.013473, -0.0337842, -0.999336
5.29353, 5.30314, 0.804397, 0.0201436, -0.0310305, -0.999159
5.28417, 5.30349, 0.80265, -0.00308605, -0.0298497, -0.99954
5.29074, 5.30242, 0.798365, -0.00500284, 0.0263695, 0.999469
5.2906, 5.3018, 0.794055, -0.0124872, 0.0399624, 0.999114
5.29105, 5.30444, 0.811586, -0.00647074, 0.0501915, 0.998707
5.28817, 5.30918, 0.828304, 0.0068213, -0.0391581, -0.999183
5.29557, 5.31455, 0.800476, 0.0150885, -0.0328519, -0.999288
5.29087, 5.30034, 0.808892, -0.00746288, 0.0367752, 0.99924
5.28417, 5.30498, 0.796745, 0.00152194, -0.0334427, -0.999388
5.28959, 5.30131, 0.80055, 0.00149772, 0.0294154, 0.999504
5.29302, 5.30766, 0.804064, 0.00530796, -0.0207039, -0.999477
5.28942, 5.30306, 0.801088, -0.0152931, 0.0311873, 0.999386
5.28651, 5.30249, 0.81656, -0.0145242, 0.0439888, 0.998925
5.29437, 5.30626, 0.799288, -0.0152696, 0.0482706, 0.998631
5.28347, 5.30254, 0.802123, -0.00706126, 0.0344817, 0.999371
5.2878, 5.30456, 0.810622, -0.00233526, 0.0316835, 0.99943
5.29155, 5.30409, 0.796908, 0.0171277, -0.0460273, -0.998675
5.29165, 5.30041, 0.799036, 0.00776757, -0.0216946, -0.999702
5.29474, 5.29988, 0.78995, -0.0153721, 0.0377651, 0.999081
5.27941, 5.30311, 0.789657, -0.00621892, -0.0291907, -0.999546
5.28721, 5.30165, 0.790563, 0.00752742, -0.0365941, -0.999295
5.28796, 5.30498, 0.807182, 0.00622252, -0.0371826, -0.999276
5.28644, 5.30447, 0.812247, 0.00637934, 0.0325362, 0.999447
5.29469, 5.30078, 0.799685, 0.00812006, -0.0294753, -0.999511
5.29225, 5.30477, 0.793802, 0.0215347, -0.0276117, -0.999357
5.2944, 5.30295, 0.806883, 0.0239846, -0.032074, -0.999034
5.29021, 5.29914, 0.785679, -0.0179276, 0.0342406, 0.999175
5.28927, 5.30555, 0.819396, -0.0144794, 0.0378402, 0.99912
5.29168, 5.30338, 0.813251, -0.0222759, 0.0383269, 0.998962
5.28594, 5.30334, 0.791516, 0.00637562, -0.0279785, -0.999572
5.29006, 5.30586, 0.806218, 0.0219853, -0.00909888, -0.999561
5.28624, 5.30103, 0.778603, -0.00995129, 0.0292281, 0.999375
5.28408, 5.30381, 0.802209, 0.00200395, -0.0286419, -0.999569
5.28911, 5.30431, 0.79843, 0.011481, -0.0181822, -0.999582
5.29196, 5.3051, 0.786382, -0.0143322, 0.0314774, 0.999395
5.28723, 5.30587, 0.799332, -0.0198383, 0.034819, 0.999174
5.2881, 5.30034, 0.797093, 0.0054612, -0.0315069, -0.999455
5.28815, 5.30326, 0.801293, 0.0171242, -0.0437521, -0.998747
5.28824, 5.30709, 0.798905, -0.00513868, 0.0303587, 0.999494
5.28879, 5.30282, 0.796995, -0.0212846, 0.0341031, 0.999164
5.28876, 5.30668, 0.835365, -0.0219851, 0.0527382, 0.998265
5.28612, 5.30615, 0.80973, -0.00437696, -0.0335887, -0.999388
5.29455, 5.30323, 0.800933, 0.014469, -0.0356572, -0.999256
5.28841, 5.30291, 0.821034, 0.0141363, -0.0382764, -0.999136
5.28872, 5.30179, 0.799054, 0.00430452, -0.0533894, -0.998541
5.29321, 5.30541, 0.820896, 0.0217177, -0.020711, -0.99949
5.29255, 5.29909, 0.801381, -0.008892, 0.0135531, 0.999663
5.28617, 5.30284, 0.798193, 0.00229763, -0.0503668, -0.998717
5.29021, 5.31528, 0.792189, -0.00418074, 0.0322694, 0.999455
5.2857, 5.30492, 0.820101, 0.0038449, -0.0467263, -0.99869
5.28737, 5.30468, 0.793851, -0.00684586, 0.0115007, 0.999842
5.29377, 5.3001, 0.796996, 0.0188, -0.0315443, -0.999073
5.28571, 5.3079, 0.810431, 0.000621008, -0.0279342, -0.999564
5.29884, 5.30156, 0.791197, 0.0245832, -0.0398245, -0.998764
5.28466, 5.3045, 0.799799, 0.00436664, -0.0363659, -0.999326
5.29275, 5.31166, 0.803047, -0.0158951, 0.0200595, 0.999665
5.28555, 5.30187, 0.785435, 0.00713162, 0.0232012, 0.999695
5.27982, 5.3023, 0.775647, -0.0146279, -0.0273885, -0.999511
5.28256, 5.30341, 0.773655, 0.00872408, 0.0278784, 0.999522
5.28681, 5.30705, 0.80434, 0.00582336, -0.0204886, -0.999721
5.2893, 5.30443, 0.809816, 0.0125512, -0.0345087, -0.999277
5.29312, 5.30255, 0.814084, -0.0131783, 0.0284954, 0.999421
5.28724, 5.31179, 0.812123, -0.0140663, 0.0331875, 0.999334
5.28834, 5.30496, 0.790696, -0.000681534, 0.0411662, 0.999071
5.28685, 5.30486, 0.797566, -0.0129606, 0.0267597, 0.999529
5.28406, 5.30327, 0.79576, 0.00680515, -0.0479853, -0.998776
5.28786, 5.30299, 0.785662, -0.0107637, 0.0362314, 0.999203
5.29363, 5.30435, 0.817059, -0.0160017, 0.0559775, 0.998242
5.29259, 5.30072, 0.787726, -0.00627296, 0.0127965, 0.999644
5.28829, 5.30445, 0.791421, -0.00429051, -0.0253144, -0.999667
5.29363, 5.30376, 0.799704, -0.0203299, 0.0266037, 0.999412
5.29004, 5.30698, 0.787158, -0.0119062, 0.0355226, 0.999279
5.29127, 5.3025, 0.799088, -0.0130809, 0.0447472, 0.998835
5.28389, 5.30607, 0.800584, -0.0137935, -0.0302799, -0.999443
5.29266, 5.30589, 0.799614, 0.0110857, -0.0434377, -0.99892
5.28557, 5.30438, 0.797908, 0.00589591, -0.0370036, -0.999229
5.28535, 5.30353, 0.805609, -0.0037121, 0.0299611, 0.999462
5.29367, 5.30179, 0.811017, 0.0166611, -0.0232269, -0.999444
5.28935, 5.30704, 0.803359, -0.00998495, 0.0381071, 0.999179
5.28576, 5.29996, 0.813728, 0.00146361, -0.0429871, -0.999053
5.28979, 5.30199, 0.792016, 0.0201994, -0.0431715, -0.998861
5.28862, 5.3038, 0.793047, 0.00278498, -0.0216832, -0.999679
5.28987, 5.30673, 0.806625, -0.0051267, -0.0335898, -0.99937
5.29098, 5.30358, 0.795231, -0.0228499, 0.0441269, 0.998713
5.28764, 5.30437, 0.80642, -0.006418, 0.0257045, 0.999635
5.28897, 5.30406, 0.805105, -0.00127627, -0.0372608, -0.99926
5.2876, 5.30231, 0.788426, 0.00536139, -0.043265, -0.999029
5.29165, 5.30222, 0.814605, 0.0209241, -0.0328433, -0.999189
5.29158, 5.30201, 0.802974, 0.00644643, -0.0294271, -0.999493
5.29139, 5.30197, 0.795283, 0.0064024, -0.0444396, -0.998965
5.29469, 5.29918, 0.809128, -0.00726994, 0.0418852, 0.999052
5.28833, 5.30573, 0.790063, 0.0267813, -0.0363894, -0.998823
5.29403, 5.30054, 0.8096, 0.00950438, -0.0163907, -0.999813
5.29173, 5.30385, 0.798797, 0.0162029, -0.0396259, -0.999082
5.29436, 5.30161, 0.802148, -0.0250963, 0.0194607, 0.999293
5.28846, 5.30687, 0.824794, 0.0139306, -0.0217669, -0.999628
5.29163, 5.30436, 0.79046, 0.0183991, -0.0364282, -0.998924
5.29127, 5.30795, 0.79095, 0.0078554, -0.0376011, -0.999228
5.28513, 5.30484, 0.82802, -0.00579816, 0.0325702, 0.999418
5.28951, 5.29414, 0.767101, -0.00923981, 0.00541048, 0.999628
5.28525, 5.30709, 0.795105, 0.00189736, 0.0323191, 0.999447
5.29135, 5.30101, 0.797278, -0.011101, 0.0368772, 0.999221
5.2904, 5.30636, 0.79953, -0.0123366, 0.0281024, 0.999472
5.28812, 5.30438, 0.779762, 0.0011862, -0.0327277, -0.999414
5.29196, 5.30571, 0.808478, -0.0191653, 0.0291687, 0.999296
5.28723, 5.30313, 0.799843, -0.00698482, 0.0266442, 0.999592
5.28847, 5.30268, 0.805421, -0.0196468, 0.0440177, 0.998818
5.29312, 5.30585, 0.834809, 0.0189744, -0.046401, -0.998716
5.29249, 5.30631, 0.805837, 0.0232246, -0.0434672, -0.99878
5.28756, 5.30551, 0.797855, 0.00271612, -0.0296244, -0.999556
5.29018, 5.30519, 0.784051, 0.0167085, -0.0301423, -0.999397
5.28915, 5.30079, 0.799205, 0.00227326, 0.0226438, 0.999718
5.28718, 5.30386, 0.815494, -0.00626112, 0.0354678, 0.999317
5.29113, 5.30084, 0.804898, -0.012074, 0.0373804, 0.999208
5.29005, 5.30886, 0.820905, -0.0129211, 0.0230442, 0.999509
5.28799, 5.29979, 0.806567, -0.0110217, 0.03218, 0.999364
5.28672, 5.31271, 0.826362, -0.0102394, 0.0324267, 0.999372
5.28816, 5.30068, 0.785383, 0.00431001, -0.0159971, -0.99966
5.29231, 5.30597, 0.813744, -0.00084407, 0.0273984, 0.999583
5.29037, 5.30515, 0.803702, -0.0112416, 0.0194058, 0.9997
5.28828, 5.30189, 0.797717, -0.00030513, -0.0361373, -0.999331
5.28915, 5.30249, 0.798568, 0.0132763, -0.0428902, -0.998983
5.28989, 5.30424, 0.801219, -0.0175378, 0.0327448, 0.999295
5.28411, 5.30241, 0.797187, -0.00207786, -0.0369086, -0.999295
5.29282, 5.29913, 0.795574, 0.0240752, -0.0373718, -0.998961
5.29135, 5.30433, 0.787764, -0.00766356, 0.0239501, 0.999642
5.28433, 5.30409, 0.82293, 0.00321599, -0.0316223, -0.999495
5.28833, 5.30163, 0.802553, 0.00820854, -0.0367928, -0.999278
5.28727, 5.30378, 0.792952, -0.0121161, 0.0295681, 0.999477
5.28888, 5.30776, 0.816368, 0.0114382, -0.0214943, -0.999703
5.28774, 5.31018, 0.807555, 0.0030804, -0.0375092, -0.999267
5.29297, 5.30226, 0.800279, 0.0164512, -0.0206901, -0.999506
5.29576, 5.30449, 0.791136, -0.00759095, 0.0267885, 0.999589
5.28847, 5.30274, 0.784961, -0.0185377, 0.0302172, 0.999243
5.29082, 5.30655, 0.819177, 0.0137448, -0.0336064, -0.999296
5.28896, 5.30514, 0.780429, 0.00309142, 0.0383192, 0.999248
5.28506, 5.3046, 0.793753, -0.00798617, 0.0237732, 0.999668
5.2931, 5.3026, 0.821134, 0.0143883, -0.0344898, -0.99929
5.28961, 5.30664, 0.823563, 0.0208654, -0.0330427, -0.999209
5.29444, 5.30061, 0.821678, 0.0302997, -0.0419664, -0.998569
5.28917, 5.30361, 0.808419, 0.0068453, -0.0310365, -0.999437
5.28617, 5.30131, 0.794048, 0.00489439, -0.0411927, -0.999127
5.2834, 5.30536, 0.791188, -0.000412912, -0.0352587, -0.999368
5.28412, 5.30171, 0.780699, 0.000135812, 0.0316331, 0.999492
5.29218, 5.30432, 0.820636, -0.0199485, 0.0420015, 0.998894
5.28496, 5.30187, 0.773006, -0.00213844, 0.0251392, 0.999437
5.28647, 5.30418, 0.80275, 0.0100637, -0.0470665, -0.998833
5.29157, 5.30389, 0.790255, -0.0288902, 0.0428575, 0.998661
5.28902, 5.30345, 0.781556, -0.00536166, 0.0366351, 0.99925
5.28928, 5.30688, 0.796417, 0.00729077, -0.033049, -0.999397
5.29005, 5.30655, 0.80574, -0.0123823, 0.0203006, 0.999691
5.28657, 5.30443, 0.793708, 0.00407035, -0.0320498, -0.999424
5.29053, 5.30295, 0.789148, 0.00414324, -0.0280099, -0.999582
5.28362, 5.30299, 0.793612, 0.00534534, -0.0155276, -0.999785
5.29409, 5.30188, 0.793898, -0.0128149, 0.0409603, 0.999006
5.29221, 5.30412, 0.794033, -0.0161519, 0.0267838, 0.999462
5.29193, 5.30525, 0.826919, 0.0245601, -0.026135, -0.999241
5.29455, 5.30144, 0.783279, -0.0258539, 0.0283641, 0.999253
5.29047, 5.30391, 0.79213, -0.0177357, 0.0292088, 0.999387
5.28698, 5.30497, 0.803422, 0.011557, -0.0410533, -0.99906
5.28882, 5.30763, 0.8088, 0.00837914, -0.0275083, -0.999577
5.29031, 5.30386, 0.793428, -0.0044709, 0.0348945, 0.999346
5.29496, 5.30151, 0.793533, -0.0248262, 0.0373278, 0.998993
5.29008, 5.30366, 0.804326, -0.0109835, 0.0385054, 0.999152
5.29157, 5.30268, 0.799387, 0.000405164, 0.0244163, 0.999694
5.28942, 5.30148, 0.788472, 0.00881211, -0.0345972, -0.999348
5.29329, 5.30643, 0.809669, -0.00701177, 0.0267462, 0.999531
5.2884, 5.3052, 0.771591, -0.0154666, 0.035218, 0.999226
5.28098, 5.30729, 0.788477, 0.0129458, 0.0177008, 0.999749
5.28767, 5.30282, 0.808896, 0.00960276, -0.0273072, -0.999517
5.28959, 5.30379, 0.803944, -0.0113123, 0.0283302, 0.999506
5.28773, 5.30685, 0.811882, -0.0143555, 0.0333352, 0.999226
5.28894, 5.30257, 0.79962, 0.00245883, -0.0299487, -0.999438
5.29032, 5.30461, 0.798948, 0.00714233, 0.0160467, 0.999739
5.2951, 5.30676, 0.801653, 0.0250199, -0.0447311, -0.998642
5.28885, 5.30319, 0.805416, -0.0188335, 0.0302123, 0.999362
5.29037, 5.3005, 0.790244, -0.0217896, 0.0311936, 0.999148
5.29187, 5.3061, 0.7919, -0.015954, 0.0406799, 0.999013
5.29317, 5.29954, 0.793719, -0.0133597, 0.0393845, 0.999115
5.29284, 5.30749, 0.822238, -0.0124473, 0.0418458, 0.998983
5.2867, 5.3009, 0.809128, 0.00539029, -0.0353712, -0.999329
5.28954, 5.30645, 0.808016, -0.0185328, 0.0409709, 0.998881
5.29185, 5.30016, 0.799456, -0.0236473, 0.0488642, 0.998336
5.28401, 5.30603, 0.797591, -0.011246, -0.0309012, -0.999457
5.28835, 5.30609, 0.791786, -0.00796522, 0.0173213, 0.999794
5.28815, 5.30626, 0.795469, 0.00557277, -0.0229182, -0.999613
5.28918, 5.30075, 0.808319, 0.0254228, -0.0462967, -0.998595
5.28879, 5.30472, 0.797317, 0.0186385, -0.0317779, -0.999218
5.28976, 5.30446, 0.802552, 0.0109825, -0.0359624, -0.999291
5.29087, 5.30068, 0.784005, -0.0106211, 0.0213726, 0.999658
5.29392, 5.30351, 0.799808, 0.0190502, -0.031361, -0.999047
5.2866, 5.30187, 0.772888, -0.00396355, -0.0349191, -0.999381
5.29238, 5.30841, 0.792803, 0.00762957, -0.0115113, -0.99986
5.29348, 5.3098, 0.798129, 0.0150011, -0.0309875, -0.999378
5.27901, 5.30281, 0.788247, 0.0108904, 0.0348128, 0.999303
5.29139, 5.30597, 0.816171, -0.0135097, 0.0419319, 0.99902
5.28838, 5.30379, 0.789288, -0.00587084, 0.0379601, 0.999213
5.29353, 5.30761, 0.798561, 0.0181714, -0.0213542, -0.999546
5.28628, 5.30504, 0.816224, 0.0104636, -0.0290848, -0.99952
5.28698, 5.30835, 0.795193, 0.0103272, -0.0262458, -0.999545
5.28769, 5.30507, 0.789559, -0.00358883, -0.0344466, -0.999398
5.28914, 5.30676, 0.820533, -0.00810621, 0.0433966, 0.999016
5.29193, 5.3082, 0.817452, -0.0174882, 0.0261242, 0.99933
5.29225, 5.30785, 0.798809, 0.0128068, -0.0335964, -0.999325
5.28838, 5.30614, 0.795055, 0.00611354, -0.0346671, -0.999364
5.29228, 5.30535, 0.797667, -0.0199058, 0.0364556, 0.999136
5.29035, 5.30497, 0.796951, -0.00307176, 0.0328382, 0.999432
5.28662, 5.30468, 0.798757, -0.00937463, 0.0334466, 0.999362
5.2924, 5.3012, 0.790556, 0.00829948, -0.0271395, -0.999567
5.28626, 5.30394, 0.791606, 0.00937921, -0.0333755, -0.999368
5.28925, 5.30016, 0.777886, -0.00541019, -0.0338781, -0.999386
5.29946, 5.30346, 0.793957, 0.0260493, -0.0313937, -0.998926
5.2867, 5.30251, 0.793693, -0.00639914, 0.0444659, 0.998934
5.28657, 5.30406, 0.785769, -0.0106978, 0.0306591, 0.999422
5.28474, 5.3022, 0.785779, -0.00513763, 0.0334266, 0.999409
5.28485, 5.30642, 0.829102, -0.0170009, 0.0377417, 0.999077
5.29338, 5.3033, 0.796277, 0.0222259, -0.0216976, -0.999509
5.29017, 5.30477, 0.817258, 0.02744, -0.0499711, -0.998348
5.28809, 5.30077, 0.799145, 0.0212486, -0.030121, -0.999303
5.29085, 5.30555, 0.795848, 0.00881747, -0.0459972, -0.998764
5.2861, 5.30362, 0.791001, 0.00290361, 0.0297419, 0.99955
5.29102, 5.30572, 0.812594, -0.0213243, 0.0325307, 0.999214
5.28641, 5.30019, 0.788732, -0.00100252, -0.0297951, -0.999535
5.28745, 5.30555, 0.819611, -0.0131091, 0.0300378, 0.99945
5.29399, 5.30401, 0.817304, 0.0195102, -0.0329535, -0.999194
5.28696, 5.30343, 0.811129, -0.00822255, 0.035382, 0.999338
5.29224, 5.30627, 0.82341, -0.0154252, 0.0320635, 0.999337
5.28939, 5.30088, 0.798538, -0.0141289, 0.0210443, 0.999493
5.28839, 5.30712, 0.794082, 0.00360893, -0.0250276, -0.999673
5.27878, 5.30372, 0.782903, -0.00290901, -0.0324098, -0.999466
5.29093, 5.30816, 0.789625, -0.0210189, 0.0234735, 0.999465
5.28615, 5.30368, 0.818413, 0.00251189, -0.0423855, -0.998906
5.29516, 5.29916, 0.808696, 0.0231083, -0.0455901, -0.998585
5.29081, 5.30215, 0.796354, -0.0145278, 0.0253535, 0.999477
5.29176, 5.30601, 0.801433, -0.017613, 0.0308787, 0.999334
5.28593, 5.30109, 0.798601, 0.00221391, -0.0296586, -0.999369
5.29112, 5.30153, 0.79694, 0.0149645, -0.0355348, -0.999182
5.29518, 5.30417, 0.817266, -0.0262083, 0.0271201, 0.999204
5.28833, 5.30155, 0.781319, -0.0100112, -0.0246843, -0.999497
5.29104, 5.29936, 0.796706, 0.008785, -0.0506323, -0.998631
5.2906, 5.30303, 0.820703, -0.0138066, 0.0315075, 0.999381
5.29014, 5.30339, 0.788244, 0.00317061, -0.0309351, -0.99951
5.29272, 5.30496, 0.818537, 0.0200427, -0.0437275, -0.9987
5.2895, 5.31055, 0.815589, 0.0108122, -0.033613, -0.99925
5.28912, 5.30131, 0.790891, 0.0037488, 0.0165925, 0.999846
5.28461, 5.30452, 0.817981, -0.00415158, 0.0322707, 0.999454
5.29291, 5.30322, 0.82902, -0.0115618, 0.0396121, 0.999111
5.28867, 5.30813, 0.806413, 0.0067138, -0.0416622, -0.999089
5.28942, 5.30558, 0.780493, 0.000821929, -0.0217643, -0.999706
5.28994, 5.30552, 0.833015, 0.0229521, -0.0150237, -0.999434
5.28527, 5.30646, 0.800621, -0.00285605, 0.0375442, 0.999234
5.29081, 5.30099, 0.79085, 0.0180226, -0.0122232, -0.999334
5.29281, 5.30891, 0.810633, 0.00561891, -0.0366706, -0.999213
5.29151, 5.30646, 0.799283, -0.0102515, 0.0293168, 0.999476
5.28817, 5.30255, 0.803941, -0.0106048, 0.0294083, 0.999472
5.28651, 5.30272, 0.802522, 0.0102488, 0.0333666, 0.999362
5.28478, 5.30527, 0.816648, 0.00657095, -0.0317209, -0.999452
5.29016, 5.30277, 0.812362, 0.0238824, -0.0332446, -0.999156
5.2932, 5.30328, 0.792714, 0.00805591, -0.0216119, -0.999669
5.28704, 5.30419, 0.81093, -0.00553141, -0.0285534, -0.999536
5.29381, 5.30485, 0.79181, 0.0209373, -0.0366112, -0.999048
5.28852, 5.30609, 0.808554, -0.0100437, 0.0332031, 0.999283
5.29115, 5.30326, 0.793473, -0.0112923, 0.0334265, 0.999325
5.28903, 5.30257, 0.796042, 0.0147915, -0.0223562, -0.999393
5.28667, 5.30506, 0.802343, 0.00402459, -0.0405573, -0.999053
5.28568, 5.30414, 0.800744, -0.0219665, 0.0330646, 0.999051
5.28886, 5.304, 0.802339, 0.0129496, -0.0456754, -0.998858
5.29784, 5.30054, 0.796963, -0.031506, 0.034488, 0.998888
5.28703, 5.30322, 0.79419, -0.00309033, 0.0382638, 0.999262
5.29101, 5.30763, 0.797326, -0.00822975, 0.0379931, 0.999183
5.28248, 5.30444, 0.780007, -0.00377166, -0.0259941, -0.999612
5.29229, 5.30186, 0.795675, -0.00111099, 0.0154495, 0.999844
5.28495, 5.30416, 0.818064, 0.00412392, -0.0415744, -0.999115
5.29212, 5.30559, 0.826406, -0.0134761, 0.0397064, 0.999073
5.28815, 5.30258, 0.795652, -0.0123411, 0.0334275, 0.999277
5.29156, 5.31039, 0.795672, -0.0140165, 0.0393011, 0.999126
5.28158, 5.30667, 0.791995, 0.000655704, 0.0291889, 0.999523
5.28776, 5.3037, 0.811326, -0.0124532, 0.0383574, 0.999146
5.28256, 5.30515, 0.796679, 0.0108592, 0.0265924, 0.99957
5.292, 5.31095, 0.798847, -0.013948, 0.0323657, 0.99932
5.2885, 5.30002, 0.803988, -0.00770341, 0.0383003, 0.999208
5.28635, 5.30409, 0.787604, 0.00359512, 0.0318301, 0.99947
5.29593, 5.30445, 0.802045, -0.0163472, 0.0159131, 0.999671
5.28587, 5.30283, 0.807889, 0.00585553, -0.0298124, -0.999525
5.29186, 5.30607, 0.80552, 0.00830891, -0.0493303, -0.998715
5.28993, 5.30434, 0.796805, -0.0131743, 0.032652, 0.999341
5.28988, 5.29745, 0.789153, -0.0129662, 0.0439492, 0.998766
5.28897, 5.30877, 0.815311, -0.01011, 0.0306842, 0.999475
5.29635, 5.30476, 0.826919, 0.0165422, -0.0329839, -0.99924
5.2934, 5.30586, 0.794806, 0.00633781, -0.0124968, -0.999876
5.29336, 5.30752, 0.795156, -0.00171865, 0.0416224, 0.999097
5.29193, 5.30795, 0.803184, 0.022515, -0.0160007, -0.999542
5.29116, 5.30107, 0.791142, 0.026715, -0.0166752, -0.999321
5.28492, 5.3033, 0.790325, 0.00253363, -0.0283271, -0.999581
5.28862, 5.3029, 0.798281, -0.00870865, 0.0385811, 0.999216
5.29139, 5.30273, 0.781814, 0.020327, -0.0303021, -0.999323
5.2891, 5.30691, 0.802997, -0.0113211, -0.0305652, -0.999402
5.28944, 5.30415, 0.797331, 0.00352609, -0.0327787, -0.999446
5.29302, 5.30009, 0.778957, -0.0250242, 0.000312855, 0.999506
5.28955, 5.30247, 0.802658, 0.0136317, -0.0501548, -0.998624
5.28513, 5.30393, 0.782713, 0.00395791, 0.027281, 0.999609
5.28289, 5.30434, 0.783909, -0.00739152, -0.0329033, -0.999427
5.28988, 5.30284, 0.823937, -0.00716563, 0.0311247, 0.999485
5.28973, 5.30615, 0.800659, 0.0178183, -0.0427446, -0.998884
5.28418, 5.30177, 0.811373, 0.00623413, -0.0213619, -0.999698
5.28833, 5.30271, 0.79814, -0.00548587, 0.0399713, 0.999096
5.2908, 5.30279, 0.798328, -0.0133682, 0.0376353, 0.999184
5.28792, 5.30809, 0.813931, -0.00935422, 0.0440892, 0.998913
5.29562, 5.29535, 0.799995, -0.0266073, 0.0495718, 0.998358
5.29022, 5.30458, 0.805042, -0.00391902, 0.0250906, 0.999662
5.28566, 5.30656, 0.800251, 0.00234846, 0.0330193, 0.999442
5.28489, 5.30367, 0.782784, -0.00584685, -0.025919, -0.999565
5.2898, 5.30495, 0.815924, 0.0246319, -0.0287922, -0.99923
5.28606, 5.30474, 0.809962, 0.00539292, -0.0430371, -0.998996
5.29226, 5.30481, 0.788345, 0.012198, -0.0389971, -0.999132
5.28809, 5.3049, 0.800864, -0.012558, 0.0223492, 0.999565
5.2922, 5.30175, 0.791234, -0.0160247, 0.0344285, 0.999271
5.28668, 5.30527, 0.790263, -0.00721343, 0.0262393, 0.999559
5.29495, 5.30012, 0.802663, 0.0232243, -0.0394686, -0.998892
5.29103, 5.30974, 0.814645, -0.00804023, 0.037055, 0.999174
5.29379, 5.29917, 0.795916, 0.0266258, -0.0435942, -0.998666
5.28436, 5.30556, 0.794804, -0.00709798, 0.0325174, 0.999357
5.28088, 5.30599, 0.800472, 0.0150498, -0.0407797, -0.999024
5.2854, 5.30138, 0.792375, 0.00414891, -0.0338052, -0.999417
5.29203, 5.30114, 0.784144, -0.0166407, 0.0206836, 0.999587
5.29296, 5.30205, 0.80203, 0.0118915, -0.0202115, -0.999702
5.29162, 5.30402, 0.792775, 0.0114439, -0.0293851, -0.999462
5.2897, 5.30531, 0.798604, 0.0102337, -0.0380295, -0.99918
5.29133, 5.30207, 0.788622, -0.00843449, 0.0450347, 0.998949
5.28174, 5.3058, 0.803055, 0.00100214, 0.0437366, 0.999015
5.28757, 5.30303, 0.796488, 0.00077419, -0.0241177, -0.999614
5.28701, 5.30495, 0.796086, -0.000546729, 0.033299, 0.999406
5.29249, 5.30321, 0.799474, -0.0104564, 0.0349797, 0.999316
5.28848, 5.30297, 0.784059, 0.000717123, -0.0238839, -0.999706
5.28782, 5.30425, 0.790327, -0.0100276, 0.0312301, 0.99946
5.29187, 5.30401, 0.833185, 0.0267506, -0.0494014, -0.998381
5.29194, 5.30186, 0.797723, -0.0179317, 0.0380607, 0.998809
5.28519, 5.30427, 0.824244, -0.00539211, 0.0370908, 0.999272
5.28626, 5.30579, 0.796903, -0.0106706, 0.0292854, 0.999503
5.29187, 5.30897, 0.816289, 0.00164192, -0.0255716, -0.999641
5.28968, 5.30443, 0.810171, -0.00994799, 0.0343832, 0.999328
5.29024, 5.30333, 0.817535, 0.0188927, -0.045636, -0.998701
5.28348, 5.30547, 0.790721, -0.0053734, 0.0348402, 0.999378
5.29153, 5.30206, 0.792659, 0.0149185, -0.0364411, -0.999199
5.29522, 5.29681, 0.794299, -0.0175908, 0.0675904, 0.997539
5.29254, 5.30919, 0.793999, -0.0163199, 0.0282428, 0.999458
5.29539, 5.30204, 0.799527, 0.0243117, -0.0369148, -0.998983
5.29325, 5.30464, 0.798331, 0.0111025, -0.0310672, -0.999452
5.29189, 5.30198, 0.792553, -0.0113144, 0.0316334, 0.999325
5.29106, 5.30644, 0.831104, -0.0243118, 0.0353951, 0.999076
5.29009, 5.30472, 0.820011, 0.0162345, -0.044138, -0.998868
5.2917, 5.30674, 0.830292, -0.0165961, 0.0338738, 0.999214
5.29339, 5.30237, 0.815539, -0.0198513, 0.0572044, 0.998091
5.29006, 5.30161, 0.805035, -0.00953301, 0.0301094, 0.999442
5.28603, 5.30516, 0.797843, -0.00435059, 0.026987, 0.999601
5.28755, 5.30212, 0.787, -0.00815098, 0.0302052, 0.99949
5.28819, 5.30135, 0.807174, -0.0136195, 0.0392523, 0.998977
5.28822, 5.30376, 0.799621, 0.0156039, -0.0336998, -0.99919
5.28886, 5.30465, 0.801432, -0.0141917, 0.0232855, 0.999615
5.28768, 5.30347, 0.782579, 0.0116372, -0.0359883, -0.999263
5.29079, 5.3002, 0.793284, -0.0106583, 0.0234137, 0.99962
5.29221, 5.3076, 0.821111, -0.0199398, 0.0374303, 0.999092
5.29465, 5.30574, 0.799661, 0.0124807, -0.037493, -0.999182
5.28889, 5.30818, 0.781759, -0.00503679, 0.0257736, 0.999594
5.28556, 5.30399, 0.798201, -0.00644322, 0.0380772, 0.999156
5.29432, 5.30532, 0.79472, 0.00812331, -0.0253056, -0.999644
5.28733, 5.30643, 0.807084, -0.00552901, 0.0248637, 0.999672
5.29244, 5.3022, 0.787338, -0.015968, 0.036608, 0.999186
5.29068, 5.30175, 0.783502, 0.00356019, -0.0231814, -0.999639
5.28752, 5.30627, 0.793841, 0.0035889, 0.0183476, 0.999774
5.29206, 5.30579, 0.818023, 0.0188682, -0.0365963, -0.999133
5.28746, 5.30425, 0.798421, 0.00139251, -0.0267686, -0.999638
5.28616, 5.30327, 0.808314, -0.0128089, 0.0379018, 0.999193
5.29234, 5.30474, 0.790243, 0.0211154, -0.031644, -0.999248
5.28664, 5.30337, 0.801141, -0.00437524, 0.0359648, 0.999321
5.29028, 5.31186, 0.817549, 0.0185615, -0.0326862, -0.99927
5.2919, 5.30436, 0.797091, -0.0168725, 0.0387613, 0.999079
5.29077, 5.30424, 0.82009, 0.0287016, -0.0507589, -0.998238
5.29155, 5.3004, 0.795856, -0.0126892, 0.0308649, 0.999279
5.28934, 5.30426, 0.80794, 0.0139026, -0.0354569, -0.999223
5.28511, 5.30453, 0.794134, -0.00253128, -0.0283858, -0.9995
5.29109, 5.304, 0.818941, 0.0106089, -0.0309648, -0.99946
5.27916, 5.30484, 0.779963, -0.000322453, -0.0321501, -0.999443
5.28742, 5.30447, 0.793425, -0.00726765, 0.0349009, 0.999363
5.29136, 5.30997, 0.802614, -0.0189338, 0.0343031, 0.999209
5.28445, 5.301, 0.789033, 0.000751791, -0.0402123, -0.999071
5.29128, 5.30424, 0.799181, -0.0210403, 0.0505369, 0.998482
5.29127, 5.30345, 0.787996, 0.00459639, -0.0319044, -0.999479
5.28461, 5.30506, 0.804851, 0.00568096, -0.031786, -0.999321
5.2869, 5.30256, 0.792124, -0.000955432, -0.0309396, -0.999368
5.28793, 5.3049, 0.798094, 0.0143271, -0.0314375, -0.999366
5.28792, 5.30184, 0.798383, -0.00943413, 0.0329683, 0.999391
5.29011, 5.30422, 0.805224, 0.0102004, -0.0432413, -0.998984
5.29167, 5.30425, 0.806755, -0.0119679, 0.0295368, 0.999358
5.29062, 5.29979, 0.809281, -0.0264311, 0.0504466, 0.998345
5.28263, 5.30426, 0.787087, -0.00875413, -0.0245572, -0.999658
5.29383, 5.30933, 0.799394, -0.00163854, 0.0194388, 0.999787
5.29054, 5.30452, 0.798328, -0.0103609, 0.0166197, 0.999721
5.29214, 5.30423, 0.790875, -0.0112106, 0.0267061, 0.999512
5.29105, 5.3024, 0.798035, -0.0152019, 0.029919, 0.999432
5.28999, 5.30353, 0.816626, -0.00367281, 0.0255001, 0.999529
5.29635, 5.30099, 0.816997, -0.0187597, 0.0228641, 0.999439
5.29108, 5.30676, 0.806567, 0.0215984, -0.0326449, -0.999231
5.28844, 5.30561, 0.817881, 0.0125802, -0.0356408, -0.999263
5.28798, 5.3039, 0.811137, -0.0124864, 0.0350517, 0.999307
5.29151, 5.30046, 0.798054, 0.0119644, -0.0385949, -0.999079
5.28902, 5.30275, 0.803024, 0.0119632, -0.0360611, -0.999146
5.28288, 5.30568, 0.790064, 0.00196192, -0.0355462, -0.999327
5.292, 5.30403, 0.797526, -0.0098586, 0.0342786, 0.999281
5.29222, 5.30476, 0.814947, 0.02254, -0.0229275, -0.99947
5.29519, 5.30629, 0.820499, -0.0270673, 0.0340873, 0.999033
5.29103, 5.30251, 0.812415, 0.0205277, -0.0440746, -0.998804
5.29196, 5.30406, 0.799422, -0.0128713, 0.0305567, 0.99936
5.29235, 5.30148, 0.798758, 0.0204432, -0.0430593, -0.998819
5.28748, 5.30128, 0.785765, -0.000698315, -0.0307019, -0.999491
5.28031, 5.30323, 0.789835, 0.0014344, -0.036086, -0.999342
5.28888, 5.30304, 0.814306, 0.0112093, -0.0372608, -0.99919
5.28558, 5.30963, 0.794722, 0.017117, -0.0444199, -0.998825
5.29159, 5.30183, 0.794128, 0.00784134, -0.00768282, -0.999904
5.28647, 5.30487, 0.802757, 0.00881154, -0.0411499, -0.999094
5.29391, 5.3, 0.799528, 0.00682294, -0.0119921, -0.99979
5.29086, 5.3026, 0.785701, -0.000121407, 0.0279349, 0.999525
5.2836, 5.31086, 0.787338, -0.011425, 0.0295292, 0.999439
5.29007, 5.30129, 0.793289, 0.00655342, -0.0313429, -0.999456
5.29186, 5.30548, 0.79576, 0.0114699, -0.0245957, -0.999626
5.28555, 5.30478, 0.791737, 0.000361652, 0.0345497, 0.999386
5.29259, 5.30528, 0.813796, 0.0190156, -0.0307831, -0.999334
5.28933, 5.30465, 0.829529, 0.0248794, -0.0489084, -0.99838
5.29256, 5.30118, 0.816976, 0.0149437, -0.0368792, -0.999179
5.29001, 5.30178, 0.799581, 0.00731898, -0.0371774, -0.999248
5.28981, 5.30256, 0.788663, -0.0149659, 0.0176052, 0.99948
5.27955, 5.30345, 0.775246, 0.013167, 0.0298771, 0.999419
5.28923, 5.30074, 0.817039, 0.0127154, -0.0328058, -0.999358
5.28273, 5.30321, 0.78335, -0.00612187, 0.0338216, 0.99928
5.29021, 5.3029, 0.79171, 0.00867507, -0.0379033, -0.9992
5.29003, 5.30338, 0.811425, 0.0142833, -0.0333165, -0.999334
5.28499, 5.30295, 0.789806, 0.0123733, -0.0202399, -0.999602
5.29055, 5.30582, 0.798391, 0.0182719, -0.0330087, -0.999163
5.2869, 5.30145, 0.831921, -0.015618, 0.0363491, 0.999217
5.28759, 5.30682, 0.816538, -0.0110248, 0.0329866, 0.99928
5.28463, 5.30154, 0.79619, 0.00110611, 0.033439, 0.99937
5.29112, 5.30022, 0.797944, -0.00962603, 0.0382065, 0.999212
5.29373, 5.31274, 0.816024, 0.0154563, -0.0361654, -0.999128
5.29143, 5.29817, 0.795851, -0.0273769, 0.0330715, 0.999015
5.2831, 5.30279, 0.793769, 0.00246912, -0.0377112, -0.999265
5.29029, 5.30171, 0.80315, 0.0234148, -0.0420771, -0.998689
5.29009, 5.30519, 0.799187, 0.0236247, -0.0103017, -0.999543
5.29132, 5.30577, 0.7979, -0.0158545, 0.0350748, 0.999236
5.29086, 5.29896, 0.795287, 0.0163446, -0.00561746, -0.999742
5.29359, 5.30284, 0.797517, -0.0269065, 0.0341137, 0.999042
5.28786, 5.30199, 0.800656, 0.00600325, -0.0389932, -0.999182
5.28856, 5.3044, 0.804713, -0.00426642, 0.0378212, 0.99922
5.28935, 5.3037, 0.816545, -0.0191594, 0.0326654, 0.999276
5.28684, 5.29862, 0.799107, -0.00755064, 0.0485082, 0.998768
5.28113, 5.30423, 0.776561, 0.000134767, -0.0296685, -0.999555
5.28781, 5.30525, 0.790961, 0.00754711, -0.0457572, -0.998922
5.29199, 5.30309, 0.796908, 0.0118607, -0.0339474, -0.99924
5.29186, 5.30239, 0.792624, 0.0102816, -0.0548066, -0.998399
5.28804, 5.30589, 0.79144, 0.00719232, -0.0299132, -0.999468
5.2922, 5.29995, 0.817421, 0.0192303, -0.0390682, -0.999044
5.28762, 5.30726, 0.822881, -0.0089488, 0.0357649, 0.999239
5.28538, 5.29626, 0.790595, 0.00419421, 0.0430866, 0.999
5.29382, 5.30518, 0.816944, -0.0198945, 0.0358309, 0.999158
5.29335, 5.30261, 0.801417, -0.0166649, 0.029376, 0.999386
5.29119, 5.30366, 0.788728, 0.010393, -0.0242565, -0.999362
5.28889, 5.30182, 0.781562, -0.00270049, 0.0176842, 0.99974
5.29248, 5.30168, 0.784451, 0.00728065, -0.0268247, -0.99955
5.29201, 5.30278, 0.817591, -0.0289435, 0.0427031, 0.998639
5.28868, 5.30723, 0.823917, -0.0121047, 0.0358131, 0.999223
5.2912, 5.30592, 0.810227, -0.0204631, 0.0224358, 0.999516
5.28834, 5.31065, 0.798492, 0.00566359, -0.0369724, -0.999259
5.2845, 5.30371, 0.784063, -0.000183812, -0.0312717, -0.999475
5.2874, 5.30473, 0.821685, -0.0129413, 0.0390387, 0.999151
5.29071, 5.30299, 0.803365, -0.0197794, 0.0408316, 0.998891
5.29039, 5.3046, 0.793005, 0.019163, -0.0283936, -0.999412
5.28834, 5.30231, 0.828387, -0.00616242, 0.0469351, 0.998837
5.28991, 5.30497, 0.820463, -0.00949202, 0.0358167, 0.999311
5.28776, 5.30362, 0.802228, 0.0197876, -0.0399434, -0.998968
5.28707, 5.30271, 0.809801, -0.00494619, 0.0291796, 0.999304
5.28666, 5.30432, 0.797762, -0.0027149, -0.0327489, -0.999327
5.29293, 5.30266, 0.823219, 0.0121354, -0.035788, -0.999206
5.28746, 5.30234, 0.793284, -0.0100228, 0.0140319, 0.999742
5.28751, 5.30455, 0.810705, -0.00448468, 0.0349723, 0.999372
5.28745, 5.3024, 0.78948, -0.00754275, 0.0416436, 0.999078
5.28677, 5.30386, 0.776763, -0.0046009, -0.0391449, -0.999222
5.29208, 5.30354, 0.820458, 0.0266983, -0.0342778, -0.999039
5.28878, 5.30687, 0.814751, -0.0151166, 0.0455153, 0.998803
5.29053, 5.31103, 0.786185, 0.0082406, -0.014036, -0.999853
5.2934, 5.30437, 0.824779, -0.0109505, 0.033693, 0.999346
5.28527, 5.30636, 0.799418, -0.00598317, 0.0229376, 0.999636
5.29468, 5.30184, 0.802604, -0.0164438, 0.0376576, 0.999045
5.28937, 5.30349, 0.814865, -0.00666051, 0.041787, 0.998995
5.28887, 5.30077, 0.792884, -0.00952375, 0.0525609, 0.998438
5.2857, 5.30019, 0.783824, -0.00403684, 0.0366277, 0.999305
5.29179, 5.30226, 0.791017, -0.0140301, 0.0507512, 0.9986
5.28879, 5.3013, 0.790284, -0.00604416, 0.0307429, 0.999502
5.28587, 5.30498, 0.809985, -0.00320748, -0.0268464, -0.999614
5.29221, 5.30504, 0.819413, -0.024152, 0.0353967, 0.999054
5.28848, 5.30245, 0.795797, -0.000283335, 0.0386366, 0.999181
5.28785, 5.3098, 0.791205, 0.000205325, 0.0353316, 0.999361
5.28879, 5.30297, 0.807752, -0.0165537, 0.0451159, 0.998819
5.28802, 5.3017, 0.773773, -0.000496359, -0.0235843, -0.99968
5.28368, 5.30183, 0.787077, 0.00165303, 0.0408903, 0.999152
5.29267, 5.30441, 0.794003, 0.0095193, -0.0395519, -0.999169
5.29036, 5.30223, 0.793375, -0.00817317, 0.0189749, 0.999691
5.28735, 5.30328, 0.791561, -0.0179199, -0.000470611, 0.999825
5.28997, 5.30757, 0.787719, -0.0133151, 0.0305202, 0.99938
5.29152, 5.30174, 0.792866, 0.0137672, -0.0335778, -0.999218
5.29308, 5.30633, 0.80491, 0.0192098, -0.0146146, -0.999537
5.28129, 5.3041, 0.784025, 0.00217808, 0.0300068, 0.999526
5.28795, 5.30135, 0.784038, 0.00749062, -0.0331198, -0.999307
5.29144, 5.30409, 0.804698, -0.0162938, 0.0437145, 0.998898
5.28728, 5.30528, 0.822743, 0.00887254, -0.0276429, -0.999524
5.28991, 5.30322, 0.799564, -0.017441, 0.0213834, 0.999504
5.29404, 5.29875, 0.795423, 0.0161386, -0.0387239, -0.999112
5.29488, 5.30337, 0.81717, 0.022717, -0.0372403, -0.998984
5.29059, 5.30545, 0.809564, 0.00744969, -0.0176809, -0.999796
5.28718, 5.30426, 0.823143, 0.0101411, -0.0434721, -0.998964
5.29072, 5.30164, 0.789755, -0.00191993, -0.0263002, -0.999561
5.2839, 5.30306, 0.794065, 0.00813327, 0.0226373, 0.999556
5.28458, 5.30519, 0.791305, -0.00321772, 0.0337205, 0.999418
5.28105, 5.30353, 0.802194, -0.00574454, -0.0347653, -0.999373
5.29096, 5.30206, 0.793275, 0.0185042, -0.0206027, -0.999509
5.28651, 5.30455, 0.814789, -0.0102047, 0.0344815, 0.999353
5.29147, 5.29956, 0.795849, 0.0114141, -0.035331, -0.999282
5.28498, 5.30345, 0.789278, -0.000552577, 0.0389655, 0.999151
