5.41203, 5.27982, 0.419952, 0.015826, 0.999145, -0.0333354
5.41224, 5.27988, 0.422577, -0.0126204, -0.998978, 0.0379776
5.41201, 5.28136, 0.421413, -0.0147577, -0.999313, 0.0299421
5.41201, 5.27913, 0.421878, 0.0116191, 0.999301, -0.0283291
5.41164, 5.28033, 0.421664, -0.0120054, -0.99933, 0.0289105
5.4129, 5.28059, 0.420209, 0.0131122, 0.999005, -0.036741
5.41233, 5.28004, 0.42129, -0.0126983, -0.999198, 0.0325219
5.4121, 5.28059, 0.421997, 0.0139864, 0.999093, -0.0336837
5.41303, 5.27891, 0.420507, 0.0127093, 0.99908, -0.0356351
5.41255, 5.28321, 0.421155, -0.0143288, -0.999074, 0.0344616
5.41291, 5.27889, 0.420892, -0.0143216, -0.999054, 0.0331546
5.41248, 5.28093, 0.424003, -0.0113094, -0.99889, 0.0394505
5.41253, 5.28162, 0.420514, 0.0136712, 0.999079, -0.0334141
5.41218, 5.28424, 0.422265, 0.0146831, 0.999056, -0.0348708
5.4123, 5.28209, 0.419916, -0.0130475, -0.999222, 0.0317578
5.41193, 5.27906, 0.421784, -0.0135761, -0.99901, 0.0369536
5.41218, 5.27902, 0.420706, 0.0172134, 0.999053, -0.0332284
5.4119, 5.27987, 0.424256, -0.0122772, -0.999194, 0.0312203
5.4121, 5.27775, 0.422188, -0.0138441, -0.99918, 0.0338028
5.41184, 5.28159, 0.419127, -0.0150924, -0.998856, 0.0389928
5.41252, 5.28414, 0.422234, 0.0153126, 0.998875, -0.0388176
5.41276, 5.27962, 0.421072, -0.0130714, -0.999086, 0.0342978
5.41243, 5.27962, 0.421222, -0.0130048, -0.999255, 0.0327714
5.41264, 5.28042, 0.419382, -0.0124277, -0.999098, 0.0340032
5.41121, 5.28008, 0.422235, 0.0144025, 0.999107, -0.0335516
5.41227, 5.28032, 0.421751, -0.0112737, -0.99906, 0.0361162
5.41219, 5.28225, 0.421208, 0.0155721, 0.998796, -0.0360009
5.41227, 5.2785, 0.422296, -0.012872, -0.999187, 0.0341339
5.41184, 5.27916, 0.420034, -0.0155979, -0.999201, 0.0309755
5.41244, 5.28046, 0.421395, 0.0121773, 0.998947, -0.0368063
5.41193, 5.27805, 0.422552, -0.0113246, -0.999218, 0.0300159
5.41269, 5.28121, 0.42201, 0.0107515, 0.999143, -0.035855
5.41211, 5.28137, 0.420393, 0.0149484, 0.999035, -0.0332319
5.41225, 5.28104, 0.42074, 0.0131705, 0.999151, -0.0345731
5.41266, 5.27912, 0.419645, 0.0141315, 0.99918, -0.0321286
5.41159, 5.28189, 0.420869, -0.0152679, -0.999208, 0.0293305
5.41253, 5.27852, 0.421876, -0.0137647, -0.999135, 0.0345067
5.41187, 5.28022, 0.424174, 0.0163162, 0.998921, -0.038303
5.41267, 5.28004, 0.422138, -0.0122435, -0.999111, 0.034565
5.4127, 5.28235, 0.421555, 0.0132303, 0.99924, -0.0314315
5.41181, 5.28159, 0.422894, -0.0126182, -0.999033, 0.0341398
5.4123, 5.2789, 0.422705, 0.012362, 0.999266, -0.0323094
5.41242, 5.28196, 0.420517, 0.0135835, 0.998734, -0.0415458
5.41114, 5.28084, 0.420298, 0.0170184, 0.998926, -0.0367573
5.41168, 5.28035, 0.421348, 0.0122823, 0.999183, -0.0312911
5.41121, 5.27954, 0.422992, -0.0174448, -0.998899, 0.0373109
5.41158, 5.27909, 0.423346, 0.0158277, 0.998822, -0.0406325
5.41258, 5.28108, 0.421714, -0.0111968, -0.999254, 0.0324796
5.41239, 5.279, 0.422111, -0.0137103, -0.999085, 0.0352069
5.41213, 5.28308, 0.419817, -0.014606, -0.999146, 0.0322628
5.41265, 5.28283, 0.420399, -0.0143017, -0.998885, 0.0383814
5.41285, 5.281, 0.422498, -0.0109714, -0.999094, 0.0365055
5.41236, 5.28022, 0.421553, -0.0139524, -0.998801, 0.0392226
5.41225, 5.27763, 0.419937, 0.0135871, 0.99925, -0.0320577
5.41243, 5.28088, 0.421177, -0.0121398, -0.999259, 0.030282
5.4112, 5.28085, 0.421266, 0.0143213, 0.9991, -0.0324943
5.41256, 5.28231, 0.421779, -0.0123218, -0.998919, 0.037149
5.41246, 5.27786, 0.421527, 0.0154366, 0.999216, -0.029617
5.4122, 5.28163, 0.419586, 0.0145104, 0.998887, -0.0403133
5.41275, 5.28017, 0.420703, -0.00979738, -0.99923, 0.0324098
5.41216, 5.27956, 0.419036, -0.0133294, -0.999155, 0.0317762
5.41104, 5.28031, 0.42451, -0.0146943, -0.998894, 0.0389778
5.41177, 5.28039, 0.419454, 0.0155082, 0.999393, -0.0253385
5.41204, 5.28574, 0.419869, 0.0117723, 0.999107, -0.0349443
5.412, 5.2796, 0.420534, -0.0136076, -0.999033, 0.0356697
5.41301, 5.28168, 0.420909, -0.014766, -0.999088, 0.0353148
5.41142, 5.27805, 0.420955, -0.0147209, -0.999297, 0.0296127
5.41234, 5.28023, 0.421214, 0.0124703, 0.999017, -0.036125
5.41197, 5.28033, 0.419574, 0.0149312, 0.998887, -0.034174
5.41175, 5.28373, 0.42185, -0.0170748, -0.998885, 0.0370648
5.41234, 5.27986, 0.4239, -0.0147204, -0.9992, 0.0312216
5.41288, 5.28115, 0.421774, -0.0107576, -0.999075, 0.0361728
5.412, 5.28112, 0.42039, -0.0135492, -0.999251, 0.0309899
5.41235, 5.28191, 0.420826, -0.0135513, -0.999066, 0.036843
5.41305, 5.28201, 0.422001, 0.0105765, 0.999148, -0.0344244
5.41237, 5.27939, 0.422801, -0.0136566, -0.999166, 0.031496
5.4124, 5.28128, 0.421922, 0.0123338, 0.999067, -0.0366136
5.41252, 5.27845, 0.421508, 0.0141014, 0.999025, -0.0365669
5.41182, 5.28134, 0.422004, 0.0110988, 0.999057, -0.0350408
5.4119, 5.2805, 0.4221, 0.0146476, 0.999193, -0.0307172
5.4138, 5.2811, 0.419635, 0.0129317, 0.99909, -0.0320334
5.41233, 5.28293, 0.423221, 0.0141587, 0.99918, -0.0313034
5.41259, 5.2783, 0.420981, 0.0106776, 0.999125, -0.0344956
5.41267, 5.27992, 0.420594, -0.0170102, -0.998994, 0.0358819
5.41241, 5.27909, 0.423554, -0.0114218, -0.999192, 0.0327336
5.4117, 5.27717, 0.421066, 0.0156387, 0.999055, -0.0323304
5.41207, 5.28014, 0.421384, -0.0124289, -0.999076, 0.0359611
5.4118, 5.27933, 0.421876, -0.0138626, -0.999192, 0.0295514
5.412, 5.27914, 0.422711, 0.0111493, 0.99926, -0.0312421
5.41314, 5.27961, 0.42224, -0.0109208, -0.999137, 0.0327698
5.4124, 5.28277, 0.424376, -0.010327, -0.99884, 0.0415995
5.41146, 5.27704, 0.420042, -0.0142277, -0.999139, 0.030223
5.4121, 5.28207, 0.420221, 0.0149832, 0.999008, -0.0356771
5.41288, 5.28035, 0.423799, -0.0113267, -0.999149, 0.0330194
5.41351, 5.28144, 0.420592, 0.0131587, 0.999082, -0.0346693
5.41367, 5.28168, 0.422615, 0.00922251, 0.999114, -0.0353359
5.41256, 5.28228, 0.421034, 0.0144023, 0.999064, -0.0339919
5.41222, 5.2818, 0.421251, 0.0131371, 0.99886, -0.0393952
5.41263, 5.28192, 0.421674, -0.0104138, -0.999119, 0.0342528
5.41257, 5.28006, 0.420974, -0.01488, -0.998974, 0.0358905
5.4118, 5.28171, 0.42305, -0.0123917, -0.999162, 0.0351712
5.41266, 5.28051, 0.42104, 0.0125206, 0.999074, -0.0351576
5.41233, 5.27915, 0.424177, 0.0128188, 0.999147, -0.0337519
5.41253, 5.28331, 0.419384, 0.0132509, 0.999025, -0.0353279
5.41227, 5.28414, 0.420934, -0.0128426, -0.998818, 0.0407605
5.41202, 5.28061, 0.421593, -0.0135823, -0.99907, 0.0345808
5.41244, 5.27851, 0.421847, 0.0152483, 0.999176, -0.0302482
5.41304, 5.28083, 0.418698, 0.0135088, 0.999171, -0.033965
5.41228, 5.27941, 0.42237, -0.0122012, -0.999176, 0.0328597
5.413, 5.28249, 0.419837, -0.0130372, -0.999054, 0.0350499
5.4118, 5.28065, 0.423519, -0.0121325, -0.998869, 0.0391868
5.41286, 5.27925, 0.422783, -0.0122056, -0.999, 0.0376336
5.41189, 5.27933, 0.421212, 0.0133504, 0.99912, -0.0336418
5.412, 5.28203, 0.424318, -0.0128178, -0.99896, 0.0377465
5.41236, 5.28245, 0.42042, -0.0149096, -0.998956, 0.0373256
5.41168, 5.28101, 0.424151, -0.0138869, -0.998918, 0.0366312
5.41224, 5.27943, 0.421283, -0.0165372, -0.998915, 0.0374259
5.41186, 5.28028, 0.424728, -0.012645, -0.998974, 0.0368574
5.41227, 5.28016, 0.422101, 0.0132714, 0.999029, -0.0364008
5.41204, 5.28232, 0.421991, -0.0132821, -0.999088, 0.0347978
5.41113, 5.28407, 0.42561, 0.014132, 0.998951, -0.0375005
5.4125, 5.27985, 0.421539, -0.0135402, -0.999118, 0.0356909
5.4128, 5.28205, 0.421046, 0.0153563, 0.998782, -0.0382137
5.41194, 5.27967, 0.420779, -0.0151719, -0.998965, 0.0380487
5.41201, 5.28204, 0.421523, 0.0128011, 0.999194, -0.0292098
5.412, 5.2814, 0.421924, -0.0104864, -0.999197, 0.0333229
5.41243, 5.28195, 0.419256, 0.0139825, 0.99899, -0.0364219
5.41092, 5.27976, 0.423427, -0.0175224, -0.998938, 0.0369704
5.41204, 5.27734, 0.42469, -0.0123432, -0.999055, 0.0366026
5.41156, 5.27908, 0.422833, 0.0126418, 0.999159, -0.0335111
5.41315, 5.28141, 0.42074, 0.0134363, 0.999103, -0.0348581
5.41177, 5.27973, 0.424444, 0.0104888, 0.999187, -0.0341329
5.4121, 5.28295, 0.420498, 0.0116827, 0.99913, -0.0363843
5.41208, 5.28057, 0.42197, 0.0128483, 0.999075, -0.0349775
5.41149, 5.28007, 0.422049, -0.0126674, -0.999186, 0.0331518
5.41174, 5.28142, 0.421325, 0.01308, 0.99929, -0.0282272
5.41227, 5.28038, 0.42151, -0.0142535, -0.999076, 0.0344069
5.41197, 5.2787, 0.422619, 0.0140464, 0.999256, -0.0321549
5.41243, 5.28131, 0.421167, -0.0144503, -0.999064, 0.0348497
5.41179, 5.27966, 0.421366, 0.0149511, 0.998967, -0.0358215
5.41238, 5.28203, 0.420156, 0.0142494, 0.999003, -0.0358309
5.41234, 5.2787, 0.421114, 0.01241, 0.999304, -0.02864
5.41299, 5.28062, 0.42086, 0.0124811, 0.999257, -0.0312641
5.41329, 5.27976, 0.419639, -0.0125479, -0.999139, 0.0336021
5.41257, 5.28197, 0.420507, 0.0137404, 0.998992, -0.0365015
5.4123, 5.28129, 0.419472, 0.0142767, 0.998695, -0.0430456
5.41228, 5.28055, 0.419621, -0.0126895, -0.999032, 0.0360998
5.41253, 5.28493, 0.423007, 0.0113523, 0.999039, -0.0374707
5.41124, 5.28315, 0.41882, 0.0167923, 0.99858, -0.045655
5.41246, 5.27866, 0.421047, -0.0150884, -0.99914, 0.0340368
5.41166, 5.27877, 0.421991, 0.0148985, 0.998802, -0.0399016
5.41217, 5.28382, 0.421857, -0.0142115, -0.999028, 0.0358877
5.41173, 5.2825, 0.422406, 0.0158369, 0.998897, -0.038814
5.41193, 5.27969, 0.422416, -0.0130959, -0.999077, 0.0359471
5.41144, 5.27744, 0.422385, -0.0163755, -0.998994, 0.0343538
5.41263, 5.28457, 0.419613, 0.0103314, 0.999164, -0.0325482
5.41204, 5.28136, 0.419962, -0.0140659, -0.999006, 0.0356525
5.41179, 5.2802, 0.419489, 0.014562, 0.999178, -0.0318066
5.4128, 5.28271, 0.420214, 0.0110979, 0.999235, -0.0329266
5.41179, 5.28208, 0.422437, 0.0111537, 0.998991, -0.0382545
5.41143, 5.27877, 0.420517, 0.0134006, 0.999481, -0.0245609
5.41278, 5.28126, 0.417787, 0.014232, 0.99909, -0.031562
5.41221, 5.28457, 0.424974, -0.00933135, -0.998872, 0.0386672
5.41248, 5.28139, 0.422145, -0.0142581, -0.999183, 0.0328569
5.41249, 5.27968, 0.421566, -0.0147596, -0.998975, 0.0367175
5.4119, 5.27978, 0.421397, -0.0126356, -0.998995, 0.0375737
5.41239, 5.27849, 0.421281, -0.0112628, -0.999365, 0.0297764
5.41201, 5.28, 0.420606, 0.0152804, 0.999061, -0.035331
5.41144, 5.28191, 0.421034, 0.0182237, 0.998677, -0.0407621
5.41165, 5.27961, 0.422987, -0.0123369, -0.99932, 0.0304362
5.41299, 5.28213, 0.420484, 0.0140946, 0.999054, -0.0371686
5.41216, 5.28144, 0.419638, -0.0158613, -0.998966, 0.0348915
5.41179, 5.27795, 0.420715, 0.0149313, 0.999134, -0.0321898
5.41214, 5.27909, 0.420537, 0.0114242, 0.999037, -0.0367498
5.41216, 5.2788, 0.420795, 0.0133081, 0.999142, -0.0349221
5.41228, 5.28062, 0.420733, -0.0112043, -0.999041, 0.0346511
5.41315, 5.27959, 0.41866, 0.0118058, 0.999114, -0.03313
5.41286, 5.28062, 0.421059, 0.0117098, 0.999015, -0.0348151
5.41236, 5.28092, 0.422231, 0.0140782, 0.999165, -0.0316336
5.41233, 5.28028, 0.421145, 0.0126446, 0.999147, -0.0312413
5.41251, 5.28029, 0.419852, 0.0143155, 0.999149, -0.0315978
5.41237, 5.27975, 0.421444, 0.0144047, 0.998909, -0.037739
5.41259, 5.27991, 0.421066, 0.0130709, 0.999049, -0.0350944
5.41256, 5.27886, 0.421743, 0.013999, 0.99909, -0.0338324
5.41254, 5.28096, 0.421429, -0.0119843, -0.999093, 0.0356483
5.4123, 5.27922, 0.419412, 0.0125468, 0.998969, -0.0385872
5.41199, 5.28179, 0.420846, -0.0108728, -0.999178, 0.0318148
5.41257, 5.28281, 0.421476, 0.0106291, 0.998991, -0.0377393
5.41218, 5.28092, 0.422385, 0.0143689, 0.999104, -0.0305076
5.41255, 5.28149, 0.421861, 0.0127319, 0.998915, -0.0375012
5.41256, 5.28021, 0.423475, -0.0133927, -0.999067, 0.0354401
5.41163, 5.28237, 0.42143, -0.0141664, -0.999051, 0.033364
5.41231, 5.27992, 0.419733, -0.0160701, -0.998879, 0.0391058
5.41122, 5.2795, 0.421695, -0.0142158, -0.999305, 0.0270539
5.41269, 5.27779, 0.422142, -0.0136091, -0.999091, 0.0337722
5.4127, 5.27926, 0.418016, -0.0141967, -0.999292, 0.0288777
5.41244, 5.27838, 0.419569, -0.0150766, -0.998923, 0.0371411
5.41269, 5.28234, 0.421917, -0.0114448, -0.999107, 0.0362526
5.41157, 5.28102, 0.422706, -0.0143288, -0.999107, 0.0333544
5.41157, 5.28233, 0.42193, 0.015671, 0.998912, -0.0373627
5.41204, 5.27938, 0.421782, -0.0152487, -0.998971, 0.0362349
5.41226, 5.27856, 0.419691, -0.0125259, -0.99912, 0.0328064
5.41161, 5.27925, 0.422858, 0.0103591, 0.999394, -0.0275498
5.41109, 5.28002, 0.424295, -0.0152099, -0.998894, 0.036656
5.41203, 5.27853, 0.421696, -0.0158729, -0.999051, 0.0352883
5.41222, 5.27958, 0.420544, -0.0132504, -0.999374, 0.0246559
5.41259, 5.28017, 0.421816, -0.0114561, -0.999194, 0.0333022
5.41159, 5.28292, 0.422607, 0.0116337, 0.999008, -0.0379304
5.41181, 5.28012, 0.422884, -0.0147822, -0.999053, 0.0362704
5.41119, 5.28292, 0.423248, -0.0152759, -0.998803, 0.042065
5.41232, 5.2822, 0.421046, -0.0147326, -0.999011, 0.0330999
5.41223, 5.28197, 0.423009, -0.0127263, -0.998911, 0.0387845
5.41241, 5.28218, 0.419475, -0.014683, -0.998929, 0.0388577
5.4124, 5.28167, 0.42168, -0.0123799, -0.999021, 0.0384516
5.41207, 5.28162, 0.423862, 0.0145276, 0.998856, -0.0404338
5.41197, 5.27908, 0.421268, 0.0143769, 0.999047, -0.0347925
5.41195, 5.28008, 0.421045, 0.0145066, 0.998885, -0.0346665
5.41323, 5.28059, 0.419455, -0.0131049, -0.998885, 0.0376008
5.41363, 5.28127, 0.421448, 0.00909425, 0.999224, -0.0313089
5.41247, 5.28055, 0.422172, 0.0122944, 0.99925, -0.0320628
5.41193, 5.28101, 0.422059, -0.0140142, -0.99912, 0.0337524
5.41236, 5.28174, 0.420918, -0.0093302, -0.999004, 0.0363662
5.41268, 5.27992, 0.422789, 0.0138552, 0.999081, -0.0357451
5.41275, 5.27737, 0.42025, -0.013737, -0.998808, 0.0414094
5.41222, 5.27836, 0.422099, -0.0130466, -0.999048, 0.0377082
5.41256, 5.27999, 0.420116, 0.0146077, 0.999128, -0.034482
5.41246, 5.2789, 0.423523, 0.0127698, 0.999337, -0.0305969
5.41336, 5.28289, 0.421499, -0.0117997, -0.998988, 0.0368529
5.41213, 5.27876, 0.420513, 0.0129286, 0.99915, -0.0320403
5.4127, 5.28218, 0.421386, 0.0121042, 0.999161, -0.0338182
5.41251, 5.2812, 0.420386, -0.0121132, -0.999032, 0.0342467
5.4121, 5.2817, 0.418988, -0.0150298, -0.998874, 0.0396226
5.41239, 5.27842, 0.422149, 0.0135695, 0.999003, -0.0365704
5.41163, 5.28267, 0.423868, 0.0152426, 0.999231, -0.0295411
5.41162, 5.27815, 0.421899, 0.015987, 0.99903, -0.0349564
5.41161, 5.28188, 0.421842, -0.0173038, -0.999097, 0.031797
5.41129, 5.27955, 0.423851, -0.0123028, -0.999295, 0.0284283
5.41156, 5.27821, 0.422026, -0.0142949, -0.999291, 0.030083
5.41219, 5.2783, 0.422536, -0.0153715, -0.999291, 0.0301159
5.41236, 5.28049, 0.423015, -0.012503, -0.998977, 0.0355333
5.41125, 5.27981, 0.422957, 0.0136819, 0.999115, -0.0349707
5.41213, 5.2816, 0.421768, 0.013207, 0.999157, -0.032412
5.41155, 5.28141, 0.422473, -0.0173906, -0.998974, 0.0357214
5.41215, 5.28321, 0.422462, -0.00860628, -0.999111, 0.0367601
5.41202, 5.28023, 0.423423, 0.0159632, 0.999121, -0.0303361
5.41177, 5.28048, 0.421565, 0.0143921, 0.999025, -0.0355503
5.41295, 5.27881, 0.421925, -0.0112975, -0.99921, 0.0323767
5.41116, 5.27884, 0.423915, 0.0150666, 0.999061, -0.0352859
5.4117, 5.27907, 0.42325, -0.0148733, -0.998761, 0.0411442
5.41307, 5.2805, 0.42085, -0.0117848, -0.998938, 0.0382711
5.4118, 5.28235, 0.420307, 0.014473, 0.999002, -0.0356034
5.41186, 5.28196, 0.424059, -0.0104407, -0.999216, 0.0326305
5.41207, 5.28194, 0.422718, -0.0121214, -0.99899, 0.0379886
5.41205, 5.27885, 0.423049, -0.0146651, -0.999064, 0.0334785
5.41258, 5.27908, 0.420626, -0.0130306, -0.99917, 0.0324821
5.4118, 5.27839, 0.4204, -0.0136835, -0.999171, 0.03186
5.41207, 5.28197, 0.422875, -0.0134218, -0.999077, 0.0334499
5.41184, 5.27903, 0.418887, -0.0159684, -0.999063, 0.0320291
5.41259, 5.27962, 0.422775, 0.0131379, 0.999252, -0.0304807
5.41233, 5.28159, 0.421268, -0.0141504, -0.998834, 0.0407069
5.41263, 5.2795, 0.421578, 0.0147904, 0.999088, -0.0336541
5.41296, 5.28325, 0.42278, 0.0122352, 0.999105, -0.0360539
5.41217, 5.27998, 0.420277, -0.0126817, -0.999173, 0.0329139
5.41207, 5.28163, 0.42141, 0.0138925, 0.999181, -0.0329484
5.41183, 5.27887, 0.423933, 0.0148698, 0.999277, -0.0312846
5.41208, 5.28039, 0.423242, 0.0122431, 0.998897, -0.0384167
5.41179, 5.28109, 0.420611, 0.0135997, 0.999154, -0.0338207
5.41241, 5.28118, 0.421674, 0.0127039, 0.999027, -0.0347015
5.412, 5.28053, 0.419837, 0.014484, 0.999254, -0.0314973
5.412, 5.28497, 0.424459, 0.0117383, 0.998934, -0.0387049
5.41298, 5.28365, 0.419924, 0.0126991, 0.999058, -0.0362659
5.41174, 5.2829, 0.422416, -0.0148201, -0.999036, 0.0365062
5.4118, 5.28108, 0.420319, 0.0161017, 0.999148, -0.0311356
5.41129, 5.28179, 0.421663, 0.0145725, 0.998921, -0.0369193
5.41153, 5.27895, 0.423029, 0.0116003, 0.999209, -0.0303861
5.41273, 5.28165, 0.421126, 0.0135236, 0.998882, -0.0390023
5.41259, 5.27823, 0.423779, 0.010153, 0.999229, -0.0313986
5.41336, 5.28081, 0.419002, -0.0103646, -0.999047, 0.0358843
5.41274, 5.2793, 0.422517, 0.0109015, 0.999078, -0.036567
5.41173, 5.28102, 0.424296, -0.0132389, -0.999016, 0.0372348
5.41306, 5.2789, 0.420833, -0.012133, -0.999134, 0.0350729
5.41175, 5.28287, 0.423104, 0.0133992, 0.999101, -0.0331393
5.41253, 5.28074, 0.420684, -0.0135572, -0.998814, 0.0411614
5.41204, 5.27922, 0.422426, -0.0160958, -0.999063, 0.0321551
5.41254, 5.27896, 0.420518, -0.0141113, -0.998979, 0.0376107
5.41174, 5.28153, 0.423038, -0.0137252, -0.999207, 0.0331706
5.41262, 5.27776, 0.421453, -0.0154902, -0.998782, 0.0403063
5.41212, 5.27946, 0.424239, 0.0140286, 0.998993, -0.0361475
5.41258, 5.28165, 0.422909, -0.0142894, -0.998944, 0.038653
5.41307, 5.28633, 0.420842, -0.013708, -0.998885, 0.0395839
5.41301, 5.28136, 0.421596, -0.0109075, -0.999112, 0.0363021
5.41295, 5.28097, 0.42064, 0.0135436, 0.999209, -0.0318327
5.41188, 5.28057, 0.423905, -0.0143873, -0.99922, 0.0318363
5.41191, 5.28196, 0.422463, 0.0149516, 0.998918, -0.0396843
5.41205, 5.27889, 0.422854, -0.01446, -0.998871, 0.0394447
5.41225, 5.28009, 0.421891, -0.0137423, -0.998968, 0.0374173
5.41183, 5.27816, 0.423024, 0.014159, 0.998957, -0.038869
5.41236, 5.28507, 0.424023, -0.0115639, -0.998953, 0.0397055
5.41142, 5.27882, 0.424466, 0.0133077, 0.999013, -0.0372885
5.41193, 5.28067, 0.421288, 0.0154562, 0.999201, -0.0300431
5.41185, 5.27917, 0.42177, 0.0140886, 0.999044, -0.0354082
5.41209, 5.27937, 0.42188, -0.0137725, -0.999215, 0.0314194
5.41287, 5.28003, 0.420744, -0.0106048, -0.999121, 0.0343563
5.41271, 5.2781, 0.422649, 0.0126594, 0.999293, -0.0292324
5.41201, 5.28149, 0.420847, 0.0125059, 0.998987, -0.0377828
5.41293, 5.27961, 0.421341, 0.0142456, 0.99895, -0.035979
5.41145, 5.28003, 0.423986, 0.0122558, 0.998967, -0.0383832
5.41166, 5.28327, 0.421457, 0.0142053, 0.999033, -0.0352265
5.41174, 5.2791, 0.423146, -0.0151055, -0.998907, 0.0375524
5.4116, 5.27878, 0.423838, 0.0129895, 0.999127, -0.0352226
5.41179, 5.28041, 0.423351, 0.0147317, 0.99903, -0.0330544
5.41236, 5.28015, 0.42047, 0.0140764, 0.998952, -0.0358566
5.41212, 5.28161, 0.422887, -0.0102286, -0.999175, 0.0336664
5.41152, 5.28356, 0.421457, -0.013623, -0.999105, 0.0316584
5.41305, 5.27803, 0.422808, -0.0124936, -0.999288, 0.0292139
5.41199, 5.28264, 0.423162, -0.012194, -0.999, 0.0372953
5.41168, 5.28151, 0.421268, -0.014624, -0.999098, 0.033339
5.41299, 5.2811, 0.423049, 0.0121242, 0.998992, -0.0367707
5.412, 5.27944, 0.421794, -0.0122888, -0.999384, 0.0294357
5.41169, 5.27929, 0.422908, 0.013376, 0.999111, -0.031929
5.41167, 5.28234, 0.422569, 0.0139416, 0.999061, -0.0363522
5.41192, 5.28118, 0.421143, 0.0136353, 0.999166, -0.0341335
5.41267, 5.28177, 0.421817, -0.0102223, -0.998908, 0.0384999
5.41279, 5.28726, 0.423558, -0.0132512, -0.998868, 0.0364556
5.41223, 5.28142, 0.425183, -0.0142304, -0.998785, 0.041155
5.41128, 5.28092, 0.421616, -0.0155183, -0.999143, 0.0292344
5.4114, 5.28303, 0.422012, 0.0148862, 0.998991, -0.0357919
5.41083, 5.27926, 0.422772, 0.0133561, 0.999105, -0.0332381
5.41176, 5.27932, 0.420711, -0.0157932, -0.999102, 0.0332039
5.41215, 5.28036, 0.421664, -0.0109788, -0.999069, 0.0364789
5.41206, 5.28389, 0.420668, -0.0118133, -0.998922, 0.0384063
5.41144, 5.28239, 0.422298, 0.013019, 0.998943, -0.0385958
5.41165, 5.27851, 0.420611, -0.0142304, -0.999104, 0.032068
5.41263, 5.27906, 0.42143, -0.010266, -0.99924, 0.0317191
5.41311, 5.28446, 0.420124, -0.0115533, -0.998973, 0.0363041
5.41192, 5.27938, 0.423545, 0.0169569, 0.998975, -0.0373118
5.41148, 5.28194, 0.421452, 0.0136361, 0.998974, -0.037352
5.41205, 5.27856, 0.421575, 0.0125723, 0.999062, -0.034815
5.41202, 5.2787, 0.420289, -0.0143313, -0.998864, 0.0392765
5.41281, 5.28392, 0.420906, 0.0128869, 0.999033, -0.036067
5.41276, 5.27953, 0.420284, -0.0135786, -0.999263, 0.0292502
5.41237, 5.28351, 0.423971, 0.0155126, 0.998907, -0.0375865
5.41183, 5.28106, 0.421724, 0.0154298, 0.998751, -0.0419965
5.41217, 5.27765, 0.419977, -0.0121151, -0.999081, 0.0335422
5.41223, 5.28156, 0.421048, 0.0114796, 0.998888, -0.0368506
5.41288, 5.27923, 0.41991, 0.00972049, 0.999146, -0.0341981
5.41242, 5.28055, 0.421158, 0.01462, 0.999178, -0.0336205
5.4115, 5.2799, 0.423303, 0.0147841, 0.999103, -0.0333838
5.41168, 5.27946, 0.422857, -0.015157, -0.999097, 0.0341574
5.41253, 5.2796, 0.42349, -0.0138153, -0.999045, 0.0352354
5.41235, 5.2782, 0.422897, 0.0144927, 0.999102, -0.0302195
5.41121, 5.28031, 0.423612, 0.0156572, 0.99918, -0.0306031
5.41239, 5.28256, 0.421256, -0.0130344, -0.999138, 0.0344143
5.41169, 5.27971, 0.421262, 0.0144151, 0.999184, -0.0332567
5.41263, 5.27971, 0.420304, -0.0157105, -0.998877, 0.0377024
5.41276, 5.2806, 0.420905, -0.0177147, -0.998858, 0.0374438
5.4124, 5.28097, 0.418779, -0.0128127, -0.999128, 0.0316298
5.4122, 5.28077, 0.424927, 0.0116833, 0.999031, -0.035511
5.41202, 5.28197, 0.42059, 0.0136874, 0.999269, -0.028167
5.41194, 5.28009, 0.420855, -0.0135668, -0.999043, 0.0359753
5.41272, 5.27907, 0.423465, 0.010273, 0.999274, -0.0322863
5.41139, 5.27828, 0.422035, -0.0167836, -0.998902, 0.0351887
5.41366, 5.28241, 0.422346, -0.0124561, -0.998885, 0.042057
5.41202, 5.27861, 0.423204, -0.0116839, -0.99922, 0.0319611
5.41188, 5.28153, 0.42269, -0.0144573, -0.998919, 0.0361809
5.41144, 5.27951, 0.421521, -0.0129888, -0.998969, 0.0375774
5.41237, 5.28117, 0.419431, 0.0154876, 0.998955, -0.0380345
5.41237, 5.28021, 0.420006, -0.0157644, -0.998994, 0.0348172
5.41228, 5.27856, 0.423661, 0.0133137, 0.999243, -0.0296136
5.41148, 5.2781, 0.4241, -0.0151182, -0.999233, 0.030029
5.41185, 5.27954, 0.424014, -0.0151976, -0.998964, 0.0380245
5.41252, 5.28046, 0.419616, -0.016494, -0.999012, 0.0341142
5.41294, 5.28309, 0.421144, -0.0118806, -0.998918, 0.0388657
5.41264, 5.281, 0.422807, -0.013347, -0.998968, 0.0377658
5.41286, 5.27903, 0.421517, 0.0091281, 0.998868, -0.0394965
5.41259, 5.2789, 0.420757, 0.0145514, 0.999054, -0.0358375
5.41195, 5.2812, 0.423333, 0.0109928, 0.999048, -0.0362083
5.41227, 5.28093, 0.423616, -0.0123156, -0.999122, 0.0319313
5.41178, 5.2812, 0.421218, -0.016249, -0.999011, 0.0347306
5.41198, 5.2833, 0.424689, 0.0125158, 0.999269, -0.0299743
5.41194, 5.28097, 0.422014, 0.0123001, 0.998985, -0.0359382
5.41232, 5.28036, 0.420188, -0.0132718, -0.998768, 0.0421809
5.41234, 5.27925, 0.422771, 0.0111847, 0.998941, -0.0361497
5.41219, 5.28043, 0.418251, 0.0113123, 0.999064, -0.0372841
5.41221, 5.28248, 0.421217, 0.012936, 0.999149, -0.0328433
5.41266, 5.28084, 0.422807, 0.0113025, 0.998988, -0.0357912
5.41233, 5.28461, 0.422473, -0.0113502, -0.99908, 0.0325946
5.41107, 5.2811, 0.422352, 0.0123816, 0.999175, -0.0338127
5.41288, 5.28405, 0.421843, 0.0102584, 0.999165, -0.0348351
5.41181, 5.28127, 0.422452, -0.0124655, -0.998848, 0.0411151
5.4121, 5.27966, 0.420018, -0.0170429, -0.999173, 0.0312348
5.41221, 5.28154, 0.426012, 0.0139635, 0.998651, -0.0413282
5.41164, 5.2812, 0.42109, 0.0130552, 0.998821, -0.0396767
5.41198, 5.2819, 0.422318, -0.0126059, -0.998896, 0.0380376
5.41245, 5.2783, 0.420959, 0.0166293, 0.999238, -0.031003
5.41268, 5.27933, 0.421841, -0.0134891, -0.999169, 0.0321649
5.41134, 5.27926, 0.423786, 0.0142468, 0.999195, -0.0323671
5.41219, 5.28022, 0.420892, -0.0134782, -0.999146, 0.0343498
5.41223, 5.27954, 0.420193, -0.0143991, -0.998962, 0.0389174
5.41219, 5.28125, 0.421626, 0.0122695, 0.999009, -0.0339006
5.41202, 5.27924, 0.423107, 0.0137046, 0.998985, -0.0361244
5.41222, 5.27978, 0.422425, 0.0151575, 0.999202, -0.0311623
5.41195, 5.2802, 0.421135, -0.0145011, -0.999081, 0.0328669
5.41274, 5.28172, 0.42085, -0.0148467, -0.999033, 0.0348142
5.41256, 5.27693, 0.422161, -0.0111066, -0.999178, 0.0328494
5.41213, 5.27854, 0.420693, -0.0122508, -0.999123, 0.0342292
5.4117, 5.28177, 0.420404, 0.0114086, 0.999069, -0.0371359
5.41233, 5.28262, 0.422139, -0.016029, -0.998686, 0.0437265
5.41188, 5.28113, 0.422252, 0.0117035, 0.998711, -0.0446327
5.41155, 5.28196, 0.422094, 0.011649, 0.999074, -0.0346432
5.41286, 5.28258, 0.421172, 0.011718, 0.999153, -0.0345876
5.41226, 5.28418, 0.420653, -0.0114435, -0.999032, 0.0354715
5.4126, 5.27783, 0.421473, -0.0121059, -0.999116, 0.0335116
5.41151, 5.28003, 0.422198, 0.0151396, 0.999083, -0.0334317
5.41205, 5.27982, 0.422016, 0.0151524, 0.998779, -0.0420385
5.41217, 5.28078, 0.422521, -0.0131024, -0.998888, 0.0394071
5.41239, 5.2826, 0.41985, 0.014798, 0.999108, -0.0331543
5.41292, 5.28124, 0.423667, -0.0116324, -0.998985, 0.0372637
5.41268, 5.28081, 0.420573, 0.0120163, 0.998959, -0.0392762
5.41271, 5.28031, 0.421592, 0.0129655, 0.999145, -0.0327373
5.41273, 5.28241, 0.42104, 0.012855, 0.999116, -0.0338273
5.41205, 5.27983, 0.422316, 0.010844, 0.998818, -0.0382739
5.41168, 5.2815, 0.422686, 0.0119601, 0.998843, -0.0408195
5.41137, 5.27802, 0.422843, -0.0139491, -0.999315, 0.0277212
5.41229, 5.27815, 0.422034, -0.0136861, -0.999207, 0.0325114
5.41225, 5.27884, 0.423292, -0.0154228, -0.999321, 0.0288729
5.41152, 5.28088, 0.422279, -0.0166426, -0.999211, 0.0311283
5.4119, 5.27977, 0.422356, 0.0131357, 0.9992, -0.031916
5.41188, 5.27861, 0.422486, 0.0149441, 0.999105, -0.033654
5.41247, 5.28009, 0.421557, -0.0136651, -0.99891, 0.0358629
5.41142, 5.2788, 0.423851, 0.0151338, 0.998951, -0.0363775
5.41221, 5.2815, 0.423974, 0.0126849, 0.998978, -0.0387271
5.412, 5.27842, 0.421587, -0.0121297, -0.999229, 0.0321773
5.41237, 5.2788, 0.422748, -0.0126441, -0.999349, 0.0258032
5.41179, 5.27824, 0.421721, -0.0139623, -0.999273, 0.0295874
5.41282, 5.28208, 0.421189, 0.0112959, 0.999133, -0.0341275
5.41169, 5.28201, 0.423933, -0.0142219, -0.999171, 0.0338437
5.41196, 5.27816, 0.423488, -0.0143785, -0.998857, 0.0399367
5.4126, 5.28317, 0.421741, -0.012208, -0.999051, 0.0357321
5.41197, 5.27939, 0.423942, 0.0159356, 0.998832, -0.0396968
5.41211, 5.27893, 0.420553, 0.0135772, 0.999224, -0.0309319
5.41281, 5.27923, 0.420068, -0.0137388, -0.999014, 0.0361189
5.41301, 5.28012, 0.419162, -0.0116146, -0.999017, 0.0365318
5.41265, 5.28069, 0.421536, 0.0141324, 0.999198, -0.0328082
5.41244, 5.27718, 0.421906, 0.0130368, 0.999302, -0.0319897
5.41163, 5.27823, 0.421261, -0.0154991, -0.998947, 0.0352608
5.41286, 5.28061, 0.42215, -0.0136612, -0.998938, 0.0387757
5.41178, 5.27855, 0.422657, 0.0119707, 0.999129, -0.0359134
5.41178, 5.27861, 0.425227, -0.0131767, -0.999132, 0.0358397
5.40863, 5.28264, 0.420671, 0.0191212, 0.999032, -0.0333133
5.41039, 5.28005, 0.423426, 0.017265, 0.999193, -0.0305739
5.4106, 5.28083, 0.422476, -0.0179579, -0.999005, 0.032441
5.4111, 5.28274, 0.421501, 0.01649, 0.999169, -0.030779
5.41065, 5.28103, 0.419764, -0.0205352, -0.998936, 0.0338566
5.41191, 5.28208, 0.421681, 0.0153492, 0.999063, -0.0305725
5.41221, 5.28128, 0.422258, -0.0161676, -0.99912, 0.0337523
5.41227, 5.28052, 0.42133, 0.0143208, 0.999021, -0.0312327
5.4125, 5.28098, 0.421751, 0.0129348, 0.998922, -0.039375
5.41205, 5.2801, 0.42209, -0.0125897, -0.999203, 0.031887
5.41171, 5.27904, 0.421312, -0.0175623, -0.999003, 0.0347023
5.41251, 5.27882, 0.420929, 0.0119824, 0.999163, -0.033963
5.41156, 5.27998, 0.421102, 0.0131724, 0.999063, -0.036509
5.41277, 5.27949, 0.419924, -0.0130887, -0.999026, 0.0373473
5.41289, 5.28221, 0.422019, 0.00953509, 0.998923, -0.0409795
5.41288, 5.28029, 0.421523, -0.0133816, -0.999034, 0.0363486
5.41339, 5.27942, 0.420544, 0.0125476, 0.998929, -0.0386239
5.41332, 5.27959, 0.422645, 0.00809888, 0.999095, -0.036784
5.41206, 5.2814, 0.424826, -0.0130438, -0.998881, 0.0407186
5.41284, 5.2821, 0.420981, -0.0130644, -0.998729, 0.0432028
5.41226, 5.28063, 0.421797, 0.0127083, 0.999036, -0.0365331
5.41196, 5.28138, 0.421178, -0.0142449, -0.999067, 0.0318236
5.41121, 5.27824, 0.421076, -0.0162629, -0.999044, 0.0327675
5.41242, 5.28029, 0.42172, -0.0154064, -0.999024, 0.0345297
5.41242, 5.28078, 0.42066, 0.0135958, 0.999039, -0.0359492
5.41284, 5.27848, 0.421308, -0.00965948, -0.999164, 0.0341267
5.41241, 5.27903, 0.422582, -0.0117745, -0.999293, 0.029619
5.41215, 5.28168, 0.422175, 0.0151455, 0.998958, -0.0374388
5.41283, 5.28138, 0.422928, -0.010206, -0.99897, 0.0371614
5.4128, 5.28375, 0.422676, 0.00967837, 0.999146, -0.036171
5.41299, 5.28088, 0.421315, 0.00915707, 0.999168, -0.0348541
5.41197, 5.27855, 0.421177, 0.0140654, 0.999225, -0.0296835
5.41337, 5.28177, 0.419315, 0.0135662, 0.999106, -0.0328686
5.41224, 5.28015, 0.421526, -0.0147274, -0.99906, 0.0328932
5.41243, 5.27994, 0.420559, 0.0159512, 0.99921, -0.0297207
5.41232, 5.28104, 0.421489, -0.0135893, -0.999021, 0.0365584
5.4123, 5.27679, 0.423046, 0.0173829, 0.999105, -0.0319783
5.41281, 5.27852, 0.419454, -0.0146205, -0.99916, 0.0336508
5.41239, 5.28412, 0.421376, 0.0141006, 0.998524, -0.0459641
5.41264, 5.27971, 0.421136, 0.0142694, 0.999172, -0.0324796
5.41202, 5.27903, 0.423577, -0.0129508, -0.999066, 0.03433
5.41279, 5.27982, 0.420597, 0.0127686, 0.999059, -0.034861
5.41319, 5.28201, 0.419081, 0.0134622, 0.999149, -0.0323033
5.41205, 5.27897, 0.424652, -0.0152753, -0.998892, 0.0387939
5.41243, 5.28082, 0.423751, -0.0138812, -0.999175, 0.0317567
5.41291, 5.27902, 0.420128, -0.013769, -0.999252, 0.0320574
5.41296, 5.28172, 0.419653, -0.00991721, -0.999222, 0.0322384
5.41241, 5.27928, 0.421817, 0.0126042, 0.999043, -0.0355831
5.41185, 5.28367, 0.420647, 0.0129092, 0.999023, -0.0363934
5.41241, 5.27863, 0.420884, -0.0146109, -0.999081, 0.0358665
5.41293, 5.28252, 0.420058, 0.0144633, 0.998801, -0.040348
5.41378, 5.27969, 0.41864, 0.0107855, 0.999188, -0.0321487
5.4127, 5.27863, 0.421079, -0.0117257, -0.99911, 0.0361144
5.41242, 5.28128, 0.42016, -0.0143815, -0.999051, 0.0363991
5.4128, 5.2844, 0.420058, -0.0116387, -0.99897, 0.0368229
5.41168, 5.28098, 0.422473, -0.015351, -0.999204, 0.0303214
5.41202, 5.28033, 0.420117, 0.0151369, 0.998966, -0.0367788
5.41218, 5.28045, 0.423372, -0.01309, -0.999131, 0.0333624
5.4123, 5.27947, 0.423187, 0.0137521, 0.998981, -0.0365226
5.41199, 5.27865, 0.420625, 0.0134897, 0.999301, -0.0272777
5.41211, 5.27957, 0.420209, 0.015277, 0.998964, -0.0377091
5.41358, 5.28168, 0.418498, -0.0137193, -0.999087, 0.0327221
5.41258, 5.27846, 0.424488, 0.0112553, 0.999151, -0.0353516
5.41275, 5.28076, 0.421882, 0.0131594, 0.999185, -0.0325611
5.41209, 5.28067, 0.423905, -0.0119235, -0.999332, 0.0294246
5.41365, 5.28079, 0.418578, -0.0120389, -0.999108, 0.0346695
5.41228, 5.28016, 0.42224, 0.012161, 0.99882, -0.0401183
5.41225, 5.27835, 0.421266, -0.0145357, -0.99902, 0.0338504
5.41237, 5.27772, 0.424072, -0.0136681, -0.999279, 0.0309796
5.41205, 5.28122, 0.42172, -0.0131869, -0.9988, 0.0397583
5.41227, 5.2786, 0.421949, 0.0113758, 0.999123, -0.0339992
5.41282, 5.28557, 0.420448, 0.0129603, 0.998822, -0.0404409
5.41285, 5.2813, 0.420258, 0.0114957, 0.999113, -0.0347757
5.41221, 5.28013, 0.421482, 0.0132722, 0.999189, -0.0330766
5.41285, 5.28215, 0.421285, -0.0139499, -0.998938, 0.0389361
5.41247, 5.28072, 0.421923, 0.013723, 0.999104, -0.0350169
5.4131, 5.27935, 0.421902, 0.0102128, 0.99917, -0.0320222
5.4123, 5.27807, 0.420254, -0.0143628, -0.999235, 0.0309462
5.41287, 5.27888, 0.421234, 0.0124848, 0.999126, -0.0346831
5.41254, 5.27965, 0.422783, 0.0128596, 0.999056, -0.0348682
5.41237, 5.28098, 0.421876, 0.0144366, 0.998958, -0.0358843
5.41252, 5.27967, 0.423739, 0.0137443, 0.999068, -0.0334193
5.41211, 5.2804, 0.421842, 0.0144493, 0.999313, -0.0293017
5.4123, 5.28057, 0.419344, -0.0149722, -0.99871, 0.0421691
5.41208, 5.27918, 0.422697, -0.0150648, -0.998942, 0.0352142
5.41272, 5.28294, 0.419332, 0.0109019, 0.999253, -0.0302359
5.41201, 5.27904, 0.421849, 0.0138101, 0.999185, -0.0328791
5.41218, 5.27857, 0.420017, -0.015676, -0.999102, 0.0323159
5.41208, 5.27826, 0.423103, -0.0119644, -0.999241, 0.0302842
5.41221, 5.27935, 0.421638, -0.0132773, -0.999079, 0.035325
5.41233, 5.28064, 0.423681, 0.0152421, 0.998941, -0.0372968
5.41276, 5.27908, 0.421006, 0.0121136, 0.999323, -0.0302859
5.4123, 5.28032, 0.421121, 0.0139514, 0.999144, -0.0325676
5.41307, 5.2817, 0.422794, 0.0106291, 0.999144, -0.0340413
5.41279, 5.28101, 0.421356, 0.0131018, 0.999018, -0.0353666
5.41275, 5.28033, 0.421816, 0.0137399, 0.998964, -0.0387321
5.41239, 5.27898, 0.419934, -0.0153157, -0.999058, 0.0334475
5.41296, 5.27983, 0.42176, 0.0102346, 0.999255, -0.0334089
5.41228, 5.27933, 0.420293, -0.0121094, -0.999047, 0.0356481
5.41263, 5.28238, 0.42168, 0.0142843, 0.998904, -0.0376905
5.41222, 5.27962, 0.420395, 0.0134314, 0.998972, -0.0369863
5.41159, 5.27985, 0.42414, 0.0122602, 0.999264, -0.0308857
5.41258, 5.28156, 0.424288, -0.0115326, -0.999122, 0.0348498
5.41227, 5.27839, 0.421927, -0.0106648, -0.999199, 0.0344229
5.4124, 5.28077, 0.4229, 0.00997261, 0.999052, -0.0380369
5.41236, 5.28077, 0.420623, -0.0142385, -0.999039, 0.0342514
5.41175, 5.28327, 0.420644, -0.0148331, -0.99897, 0.0367838
5.4136, 5.28266, 0.420916, -0.0117554, -0.998898, 0.0389045
5.41233, 5.28036, 0.420733, 0.0133147, 0.998889, -0.0398822
5.41294, 5.27949, 0.422355, 0.0117144, 0.999064, -0.0355093
5.413, 5.28323, 0.421322, 0.00891481, 0.999052, -0.0374519
5.41326, 5.28182, 0.421931, -0.0113903, -0.998896, 0.0398163
5.41295, 5.28048, 0.420147, -0.0114234, -0.999079, 0.0341681
5.41205, 5.27947, 0.423379, 0.0130444, 0.999151, -0.0341466
5.41308, 5.27703, 0.422563, 0.0113791, 0.99893, -0.0403616
5.41191, 5.28023, 0.422794, -0.0114461, -0.999168, 0.0339548
5.41306, 5.28135, 0.421503, -0.0143781, -0.998877, 0.0391257
5.41317, 5.2797, 0.421376, -0.0105253, -0.999122, 0.0355863
5.41265, 5.28057, 0.421862, 0.0116041, 0.999056, -0.0359555
5.41233, 5.27871, 0.421985, 0.0148576, 0.999198, -0.0318312
5.41233, 5.28114, 0.422529, 0.0131044, 0.998941, -0.0396096
5.41217, 5.28097, 0.422425, 0.0122071, 0.998922, -0.0386272
5.41392, 5.27971, 0.422226, 0.0101723, 0.999144, -0.037104
5.41196, 5.27797, 0.423083, 0.0130092, 0.999069, -0.0361673
5.41297, 5.28016, 0.420018, -0.0104789, -0.999069, 0.0357574
5.41281, 5.27846, 0.420239, 0.0122455, 0.999208, -0.0315317
5.41198, 5.27911, 0.422173, -0.00921322, -0.999102, 0.0373064
5.41256, 5.28318, 0.421449, 0.0132954, 0.998926, -0.0384634
5.41312, 5.27992, 0.422665, 0.0108765, 0.999116, -0.0356019
5.41189, 5.28172, 0.421714, 0.0154544, 0.999079, -0.0341626
5.41266, 5.28028, 0.423264, 0.0153581, 0.999209, -0.0309171
5.41212, 5.28096, 0.423876, 0.0130009, 0.998786, -0.0417724
5.41255, 5.28264, 0.42044, -0.0128056, -0.999019, 0.0345125
5.41223, 5.27971, 0.422389, 0.0140511, 0.999154, -0.0349824
5.41197, 5.28053, 0.423263, 0.0111503, 0.999185, -0.0331546
5.41315, 5.28144, 0.421725, 0.0106319, 0.999109, -0.0363063
5.41164, 5.28245, 0.423432, -0.0128978, -0.998963, 0.0368126
5.41256, 5.28056, 0.421647, 0.0122651, 0.998966, -0.0373942
5.41266, 5.27878, 0.420256, -0.0128891, -0.998998, 0.035731
5.41342, 5.28497, 0.421345, 0.0141721, 0.998513, -0.0439735
5.41254, 5.27871, 0.423362, -0.0114395, -0.99903, 0.0376198
5.41252, 5.28262, 0.42195, -0.0113854, -0.998903, 0.0386986
5.41241, 5.2813, 0.423686, 0.0112072, 0.99913, -0.0360066
5.41181, 5.2806, 0.420774, -0.0140886, -0.999067, 0.0339953
5.4119, 5.28087, 0.421339, -0.0143445, -0.999063, 0.033398
5.41211, 5.27974, 0.420279, -0.0137964, -0.99908, 0.035129
5.41192, 5.27795, 0.422173, -0.0168018, -0.998787, 0.0387654
5.41393, 5.28295, 0.421588, -0.0113102, -0.999054, 0.0353875
5.41219, 5.28236, 0.422982, -0.0146238, -0.998827, 0.0393641
5.4114, 5.27778, 0.421832, -0.015998, -0.999159, 0.0325829
5.41252, 5.27885, 0.420626, 0.011243, 0.999173, -0.0336671
5.41234, 5.27816, 0.420958, 0.012259, 0.999324, -0.0302703
5.41257, 5.28051, 0.423427, 0.0140424, 0.998837, -0.0410402
5.41186, 5.28078, 0.423254, -0.0129218, -0.998959, 0.0386386
5.41162, 5.28219, 0.422226, 0.0137947, 0.998912, -0.0385815
5.41324, 5.28071, 0.419652, 0.0115729, 0.999023, -0.0371505
5.41215, 5.27981, 0.424224, 0.0139974, 0.99924, -0.0304981
5.41203, 5.27966, 0.423859, 0.0129181, 0.999108, -0.0349449
5.41231, 5.27958, 0.421308, -0.014366, -0.998972, 0.0377626
5.41298, 5.28053, 0.419101, -0.0148836, -0.999147, 0.0320966
5.41237, 5.27861, 0.421547, -0.0130545, -0.999344, 0.0290316
5.41247, 5.28192, 0.4234, -0.0127892, -0.999019, 0.035283
5.41262, 5.28229, 0.422888, -0.0119829, -0.998981, 0.0370414
5.41197, 5.27775, 0.421064, 0.0110744, 0.999341, -0.0305322
5.41311, 5.27961, 0.422489, 0.0121613, 0.999062, -0.0361489
5.4124, 5.28011, 0.418327, 0.0135377, 0.999169, -0.0321946
5.41206, 5.27834, 0.424068, -0.0147084, -0.998785, 0.04139
5.41267, 5.28102, 0.422162, -0.0132601, -0.999202, 0.0304402
5.41236, 5.28138, 0.423205, -0.0126654, -0.999049, 0.0356808
5.4119, 5.28043, 0.422715, -0.0142159, -0.999352, 0.0279617
5.41355, 5.28133, 0.420006, 0.00912959, 0.999096, -0.0353936
5.41159, 5.27877, 0.420993, 0.0146385, 0.999139, -0.0344493
5.41247, 5.28018, 0.420244, 0.0118724, 0.999119, -0.0352772
5.41372, 5.28108, 0.420393, -0.00718467, -0.999049, 0.0383415
5.41228, 5.28007, 0.421127, -0.0142191, -0.998886, 0.0402754
5.41208, 5.2799, 0.420917, 0.0133089, 0.999095, -0.0336165
5.41191, 5.28305, 0.422878, -0.0170502, -0.998831, 0.0392295
5.41195, 5.27872, 0.41994, -0.0166325, -0.999172, 0.0305824
5.41266, 5.28169, 0.423076, -0.00998156, -0.999034, 0.0375395
5.41217, 5.27916, 0.423967, 0.0139997, 0.999011, -0.036929
5.41229, 5.27923, 0.420271, 0.0136413, 0.999079, -0.034184
5.41235, 5.27805, 0.422536, 0.0116391, 0.999234, -0.0310514
5.41232, 5.28266, 0.42247, 0.00893214, 0.998884, -0.0385079
5.41356, 5.28072, 0.419407, 0.013463, 0.999125, -0.0331642
5.41174, 5.28118, 0.423026, 0.0154597, 0.999129, -0.0311591
5.41193, 5.27959, 0.419358, -0.0131019, -0.999113, 0.0324562
5.41235, 5.27904, 0.422972, -0.012639, -0.998921, 0.039694
5.41273, 5.28299, 0.423147, 0.0138873, 0.998812, -0.0401172
5.41297, 5.28045, 0.421463, 0.0123796, 0.999032, -0.0365282
5.4125, 5.27818, 0.420224, -0.0116522, -0.999276, 0.0306654
5.41253, 5.27991, 0.420935, -0.0128538, -0.999158, 0.0313111
5.41207, 5.28165, 0.423581, 0.0121806, 0.999021, -0.0371552
5.41336, 5.28151, 0.422787, 0.012808, 0.998723, -0.042336
5.41333, 5.28279, 0.422515, -0.0133661, -0.998779, 0.0417724
5.41216, 5.27775, 0.420229, -0.0145529, -0.999097, 0.0337395
5.41232, 5.27949, 0.421421, 0.0128302, 0.999063, -0.0358679
5.41337, 5.2817, 0.422797, -0.0139291, -0.998886, 0.0385585
5.41253, 5.27982, 0.419396, 0.0129268, 0.999193, -0.0298392
5.41252, 5.27914, 0.419758, 0.0125007, 0.999061, -0.0340538
5.41221, 5.27736, 0.421538, 0.0145586, 0.999152, -0.0330574
5.4133, 5.28113, 0.420973, 0.0134539, 0.998925, -0.0371029
5.41329, 5.28023, 0.420007, 0.00981958, 0.99928, -0.0313378
5.41282, 5.28426, 0.421012, -0.0133815, -0.998831, 0.0387048
5.41296, 5.28034, 0.422013, -0.0103529, -0.999212, 0.0316506
5.41273, 5.28098, 0.421806, 0.0141859, 0.998744, -0.0426145
5.41269, 5.27965, 0.421667, 0.0121375, 0.998987, -0.0364057
5.41308, 5.28124, 0.418234, -0.0126408, -0.999177, 0.0310989
5.41216, 5.28585, 0.420984, -0.0101459, -0.998719, 0.0442296
5.41328, 5.28019, 0.419844, 0.0130156, 0.999034, -0.0362465
5.41233, 5.27824, 0.421872, 0.0145817, 0.999052, -0.0350133
5.41263, 5.28099, 0.418981, -0.015255, -0.998967, 0.036935
5.41298, 5.2802, 0.419606, 0.0134854, 0.999238, -0.0308421
5.41283, 5.27817, 0.422393, -0.0136262, -0.999185, 0.0327517
5.41203, 5.2776, 0.421768, -0.0161143, -0.999077, 0.0328408
5.41273, 5.27897, 0.420619, 0.0116269, 0.999288, -0.0306378
5.41304, 5.28056, 0.422349, -0.0125307, -0.99905, 0.0361582
5.41277, 5.2808, 0.419614, 0.0124323, 0.999045, -0.0352737
5.41315, 5.27967, 0.42203, -0.0152162, -0.999246, 0.0285215
5.41268, 5.27851, 0.421704, -0.0163399, -0.999001, 0.0366419
5.41287, 5.27831, 0.422745, -0.0140681, -0.998914, 0.0384054
5.41293, 5.27815, 0.423794, 0.0122576, 0.999126, -0.0324785
5.41275, 5.279, 0.420033, 0.0144853, 0.999172, -0.0308391
5.41298, 5.27876, 0.420698, 0.0117961, 0.999109, -0.0341301
5.41312, 5.27815, 0.420731, 0.0150263, 0.999084, -0.0340867
5.41287, 5.28388, 0.421959, -0.0162366, -0.99872, 0.0423338
5.41207, 5.2803, 0.420301, 0.0183693, 0.998714, -0.0401992
5.41329, 5.28202, 0.420605, -0.00991051, -0.999026, 0.0365433
5.41336, 5.28115, 0.418342, -0.0132793, -0.999075, 0.0353898
5.41291, 5.27847, 0.4211, -0.0144492, -0.999308, 0.028469
5.41245, 5.28315, 0.420257, 0.0143172, 0.998972, -0.0358349
5.41305, 5.27917, 0.421264, 0.0108771, 0.998993, -0.0374928
5.41263, 5.28028, 0.419544, -0.0135981, -0.998974, 0.0372415
5.41269, 5.27949, 0.419671, 0.0135197, 0.999044, -0.0332579
5.41262, 5.27931, 0.421809, -0.0135311, -0.998962, 0.0372449
5.41263, 5.28219, 0.421891, -0.0123598, -0.998914, 0.0392095
5.41256, 5.28073, 0.421792, 0.0152822, 0.999083, -0.032053
5.41339, 5.27726, 0.420622, -0.0131601, -0.99916, 0.0301452
5.41201, 5.28038, 0.421211, 0.0156671, 0.999029, -0.035475
5.41226, 5.28009, 0.421648, 0.0153898, 0.998813, -0.0393798
5.41272, 5.28221, 0.419672, 0.0113296, 0.998865, -0.038454
5.41344, 5.28157, 0.417418, -0.0139323, -0.998908, 0.0373567
5.41279, 5.28009, 0.420329, 0.0154716, 0.999068, -0.0336195
5.41301, 5.28117, 0.422121, -0.0106995, -0.998826, 0.0376942
5.41321, 5.27914, 0.419778, 0.0114359, 0.999195, -0.0346533
5.41313, 5.27968, 0.421292, -0.0133135, -0.999015, 0.0374815
5.41273, 5.28018, 0.419564, -0.0129606, -0.99913, 0.0346175
5.41269, 5.28079, 0.420862, 0.0130562, 0.999065, -0.0355549
5.41186, 5.27772, 0.4219, 0.0144811, 0.999278, -0.0310174
5.41372, 5.28522, 0.420146, -0.0104814, -0.998849, 0.0393969
5.41264, 5.278, 0.421588, -0.0131178, -0.999109, 0.0341548
5.41293, 5.28177, 0.421419, -0.0139131, -0.998902, 0.0377281
5.41332, 5.27971, 0.419357, 0.0109786, 0.999066, -0.03662
5.41266, 5.27904, 0.420108, -0.0126504, -0.999126, 0.0324927
5.41204, 5.28207, 0.419278, 0.0148979, 0.999006, -0.0351048
5.4132, 5.27762, 0.42305, -0.013701, -0.998974, 0.0368696
5.41238, 5.27983, 0.420703, -0.0165526, -0.998932, 0.0368883
5.41434, 5.28022, 0.419005, -0.00992614, -0.999094, 0.0363966
5.41351, 5.27839, 0.419203, -0.0117011, -0.999112, 0.0358332
5.41238, 5.27861, 0.422518, -0.0119894, -0.999216, 0.0327359
5.41239, 5.2785, 0.422228, 0.0125523, 0.999192, -0.0335002
5.41292, 5.27862, 0.419512, -0.0104534, -0.999221, 0.0315052
5.41277, 5.28315, 0.419615, 0.0129782, 0.999089, -0.0343135
5.41317, 5.28197, 0.422345, -0.0116421, -0.999088, 0.0351403
5.41256, 5.27936, 0.41705, 0.0141996, 0.99901, -0.0365306
5.41306, 5.27778, 0.421529, -0.0106205, -0.999013, 0.038543
5.413, 5.28324, 0.420505, 0.00812501, 0.998903, -0.0407619
5.41277, 5.27955, 0.422055, -0.0133944, -0.998969, 0.0375248
5.41256, 5.28082, 0.419234, -0.0166121, -0.998855, 0.0365489
5.41347, 5.28164, 0.419907, 0.0104084, 0.999122, -0.033283
5.41288, 5.28155, 0.418742, 0.0154013, 0.998979, -0.0348812
5.41262, 5.27937, 0.422091, -0.0143806, -0.999105, 0.0350926
5.41309, 5.27913, 0.418383, -0.0160331, -0.999107, 0.0305041
5.41273, 5.27911, 0.422078, -0.0134935, -0.999181, 0.0334529
5.4128, 5.28055, 0.420096, 0.0140078, 0.999128, -0.0300543
5.41385, 5.27835, 0.420615, -0.0100778, -0.999166, 0.031449
5.41265, 5.28113, 0.421015, 0.0143196, 0.998862, -0.0378219
5.4124, 5.27773, 0.419754, 0.0141181, 0.999148, -0.0307874
5.41269, 5.27918, 0.421734, -0.00957666, -0.999131, 0.0352186
5.41322, 5.27821, 0.421741, 0.0115805, 0.999184, -0.0348779
5.41389, 5.27939, 0.420621, -0.0104137, -0.998929, 0.0373741
5.41288, 5.28157, 0.42072, 0.0135342, 0.999096, -0.0348257
5.41275, 5.28002, 0.421507, -0.0140604, -0.999189, 0.0316162
5.41284, 5.27806, 0.420333, 0.0118729, 0.999222, -0.031538
5.41335, 5.27998, 0.418442, -0.014065, -0.999295, 0.0280965
5.41284, 5.28093, 0.420522, -0.0142299, -0.998972, 0.0362808
5.41325, 5.28007, 0.422751, 0.0122604, 0.998859, -0.0390912
5.41346, 5.27985, 0.420604, -0.0120816, -0.999134, 0.0330552
5.41266, 5.27915, 0.422957, 0.0137217, 0.999252, -0.0314238
5.41271, 5.27946, 0.419573, 0.0151654, 0.999115, -0.0324997
5.41236, 5.28123, 0.420659, -0.0148725, -0.999084, 0.0340829
5.41247, 5.2793, 0.421335, 0.015055, 0.998981, -0.0364181
5.41331, 5.27908, 0.420502, -0.0133076, -0.999256, 0.0311056
5.41323, 5.27893, 0.421228, 0.0149664, 0.999072, -0.0362721
5.41267, 5.27965, 0.420996, 0.0145106, 0.999146, -0.0337768
5.41364, 5.28345, 0.420901, -0.0105815, -0.998903, 0.039864
5.41348, 5.28075, 0.420059, -0.0131942, -0.998915, 0.0392935
5.41246, 5.27818, 0.419696, -0.0131567, -0.999157, 0.033929
5.41276, 5.28139, 0.421913, -0.0126785, -0.998784, 0.0411135
5.4138, 5.28037, 0.418934, -0.0128124, -0.998903, 0.0389351
5.41229, 5.27893, 0.422134, 0.0137412, 0.998989, -0.0371664
5.41315, 5.27952, 0.420353, -0.00948751, -0.999127, 0.0353198
5.41266, 5.28003, 0.420895, 0.0127774, 0.999134, -0.0343279
5.41255, 5.28165, 0.419319, 0.0118152, 0.999189, -0.0308962
5.41183, 5.28118, 0.42158, 0.012811, 0.999064, -0.036475
5.41278, 5.2793, 0.419536, -0.016854, -0.998858, 0.0375888
5.41339, 5.27762, 0.421563, -0.0119801, -0.999049, 0.0355952
5.41216, 5.27655, 0.421599, -0.0124847, -0.999142, 0.0312827
5.41258, 5.27871, 0.422744, 0.0132745, 0.999187, -0.031114
5.41376, 5.28314, 0.419778, 0.0100742, 0.999001, -0.0381436
5.41241, 5.27743, 0.421732, 0.0125985, 0.999186, -0.0330087
5.41362, 5.27777, 0.42024, 0.00998175, 0.999337, -0.0295726
5.41355, 5.28176, 0.421512, 0.010218, 0.998924, -0.0386183
5.41229, 5.28109, 0.419702, 0.012867, 0.999072, -0.0356189
5.41265, 5.27848, 0.419577, -0.0127082, -0.999047, 0.0347243
5.41253, 5.28111, 0.418765, -0.0122902, -0.998998, 0.0360156
5.41323, 5.27959, 0.419896, -0.00830374, -0.999146, 0.0352255
5.41266, 5.28456, 0.420305, -0.0127953, -0.998854, 0.0412788
5.41308, 5.27788, 0.420662, 0.0117908, 0.99918, -0.0330737
5.41203, 5.28411, 0.423761, 0.00867066, 0.998958, -0.0388364
5.41303, 5.28005, 0.42239, -0.0138674, -0.998752, 0.04167
5.4132, 5.28154, 0.41981, -0.0141727, -0.998971, 0.0360484
5.4128, 5.27975, 0.420107, 0.0139329, 0.999323, -0.0286248
5.41328, 5.27859, 0.420596, 0.00994725, 0.999026, -0.0357844
5.4127, 5.28061, 0.421349, -0.0126047, -0.999151, 0.03444
5.41368, 5.27872, 0.42107, 0.0130464, 0.999086, -0.0352071
5.4126, 5.2778, 0.418056, 0.0116096, 0.999183, -0.0293549
5.41258, 5.2804, 0.419488, -0.0103652, -0.998945, 0.0383895
5.41283, 5.28124, 0.420588, -0.0148506, -0.998876, 0.038584
5.41298, 5.27905, 0.421406, -0.010953, -0.999257, 0.0323651
5.41316, 5.27865, 0.420846, 0.0138885, 0.999154, -0.032411
5.41338, 5.27861, 0.420035, 0.0138997, 0.999273, -0.0293679
5.4128, 5.28028, 0.42214, -0.0118477, -0.99895, 0.0392385
5.41347, 5.27778, 0.420841, 0.0122827, 0.999011, -0.0344229
5.41234, 5.27949, 0.421515, -0.0124166, -0.999096, 0.0356671
5.41226, 5.27912, 0.419368, 0.0146538, 0.99922, -0.029561
5.41226, 5.28122, 0.424034, 0.0125917, 0.999157, -0.034795
5.41289, 5.27967, 0.419307, -0.0125611, -0.99915, 0.0333189
5.41287, 5.28215, 0.420786, -0.0116611, -0.999171, 0.0335235
5.41291, 5.27963, 0.421152, -0.0116387, -0.999121, 0.0351644
5.41231, 5.2804, 0.418958, -0.0135796, -0.999302, 0.0283502
5.41274, 5.27976, 0.423616, 0.013469, 0.999123, -0.0315588
5.41229, 5.27848, 0.421289, -0.0127638, -0.999104, 0.0357318
5.41293, 5.27884, 0.421108, -0.0111339, -0.999162, 0.0337613
5.41328, 5.27812, 0.419485, 0.0121264, 0.999124, -0.0339185
5.41212, 5.27874, 0.422698, -0.0134003, -0.998997, 0.0348943
5.41239, 5.28282, 0.420462, 0.0137642, 0.999181, -0.0299399
5.41325, 5.2791, 0.4212, 0.0144853, 0.999, -0.0365506
5.4138, 5.28044, 0.420344, -0.0116661, -0.999129, 0.0336978
5.41264, 5.27768, 0.42082, 0.0129005, 0.999067, -0.0344458
5.41273, 5.27969, 0.4204, -0.0120593, -0.999202, 0.0331787
5.41335, 5.28219, 0.421812, 0.012377, 0.998998, -0.0368813
5.41188, 5.28138, 0.419603, 0.0140684, 0.999109, -0.0347571
5.41245, 5.27893, 0.421101, -0.0161974, -0.999002, 0.0363159
5.41244, 5.27451, 0.423055, -0.0160129, -0.999021, 0.0341919
5.41329, 5.28026, 0.420404, -0.0101818, -0.999212, 0.0340435
5.41266, 5.27798, 0.418704, 0.0113365, 0.999013, -0.0383971
5.41298, 5.28052, 0.421604, -0.0142438, -0.998952, 0.0371837
5.41274, 5.27908, 0.420525, 0.0137509, 0.999016, -0.0353575
5.41293, 5.2799, 0.420863, -0.0114349, -0.999209, 0.0330317
5.41257, 5.28121, 0.420175, -0.0137717, -0.999019, 0.0350701
5.41289, 5.28017, 0.420676, -0.0111404, -0.998984, 0.0374048
5.41301, 5.27924, 0.420142, 0.0134976, 0.999156, -0.0340434
5.41234, 5.2817, 0.425345, -0.0127331, -0.998862, 0.0404939
5.41261, 5.27835, 0.421752, 0.0162013, 0.998925, -0.0370743
5.41248, 5.28006, 0.419112, -0.0127979, -0.999343, 0.0279097
5.41295, 5.2835, 0.42195, -0.0111296, -0.998842, 0.0423274
5.41273, 5.27967, 0.419965, 0.0132598, 0.999099, -0.0344173
5.41209, 5.2813, 0.420757, -0.0113928, -0.999095, 0.0351925
5.41199, 5.27882, 0.422757, 0.0134715, 0.99895, -0.0379174
5.41322, 5.28065, 0.420017, 0.0117725, 0.998999, -0.0380839
5.41356, 5.28119, 0.421075, -0.0106625, -0.999098, 0.0348654
5.41253, 5.27992, 0.420476, -0.0133473, -0.998788, 0.0419676
5.41291, 5.28009, 0.419507, 0.0134715, 0.998929, -0.0387462
5.41409, 5.28024, 0.418725, -0.0089905, -0.999097, 0.0346613
5.41291, 5.28191, 0.420906, 0.0129801, 0.998827, -0.0407829
5.4118, 5.28241, 0.421661, -0.0147067, -0.998904, 0.0364937
5.41297, 5.27842, 0.421279, 0.0118445, 0.999032, -0.0364048
5.41316, 5.28118, 0.418946, 0.0097747, 0.998987, -0.0375567
5.41232, 5.27785, 0.421163, 0.0122493, 0.999249, -0.0296463
5.41267, 5.28035, 0.420333, 0.0108552, 0.999156, -0.0330036
5.41222, 5.27844, 0.4207, -0.0142146, -0.999262, 0.0299547
5.41284, 5.27988, 0.41863, 0.0122701, 0.999225, -0.0288246
5.4139, 5.28111, 0.420295, -0.0114603, -0.998737, 0.0405047
5.41234, 5.28073, 0.421294, -0.0142425, -0.999176, 0.0331408
5.41228, 5.2805, 0.420035, -0.0136253, -0.998727, 0.0422711
5.41398, 5.27968, 0.420408, -0.0136286, -0.998888, 0.0375851
5.41219, 5.27905, 0.421876, -0.0131482, -0.999223, 0.0314336
5.41266, 5.2778, 0.422058, -0.0121835, -0.998923, 0.0369009
5.41248, 5.28057, 0.421174, 0.0132065, 0.999202, -0.0314153
5.41274, 5.28078, 0.421962, 0.015076, 0.998884, -0.0376741
5.41242, 5.27851, 0.420979, 0.0133631, 0.998874, -0.0391373
5.41231, 5.27907, 0.421639, 0.0111739, 0.999125, -0.0341039
5.41379, 5.28056, 0.42012, -0.0123762, -0.999111, 0.0342396
5.41289, 5.28355, 0.421719, 0.0107578, 0.998857, -0.041535
5.41336, 5.28026, 0.41918, -0.013388, -0.999106, 0.035447
5.41233, 5.28036, 0.420469, 0.0150706, 0.999283, -0.0297264
5.41278, 5.28058, 0.420396, 0.0165998, 0.999094, -0.0326213
5.4134, 5.28247, 0.420857, -0.00958937, -0.999039, 0.0363816
5.41208, 5.27996, 0.42088, 0.0134814, 0.999094, -0.0347129
5.41299, 5.27879, 0.421409, 0.0111384, 0.998864, -0.0383089
5.4128, 5.27892, 0.420778, 0.0131299, 0.999149, -0.0341123
5.41301, 5.27772, 0.420408, -0.0116404, -0.999323, 0.0301091
5.41325, 5.28076, 0.420912, 0.0100929, 0.998925, -0.0372009
5.41297, 5.27857, 0.419184, 0.0185461, 0.99899, -0.0332024
5.41324, 5.28199, 0.421073, -0.0100821, -0.998937, 0.0364807
5.41199, 5.27939, 0.420441, -0.0122253, -0.999224, 0.0286944
5.41267, 5.27841, 0.420927, 0.0135181, 0.999017, -0.0369177
5.41248, 5.28136, 0.41885, 0.0175289, 0.999, -0.0318923
5.41241, 5.2807, 0.420079, 0.0131612, 0.999138, -0.0332778
5.41401, 5.2801, 0.421607, 0.00779312, 0.998938, -0.0402596
5.41278, 5.27637, 0.423225, 0.0142633, 0.998941, -0.0381913
5.41218, 5.27839, 0.422376, -0.0136552, -0.999046, 0.0352433
5.41385, 5.28254, 0.42129, -0.00978808, -0.998902, 0.0417935
5.41193, 5.27917, 0.41976, 0.0150187, 0.999075, -0.0339835
5.41207, 5.27939, 0.422471, 0.0151924, 0.998961, -0.0358038
5.41306, 5.27964, 0.420824, 0.010228, 0.999065, -0.0369464
5.41316, 5.27628, 0.421087, -0.0152502, -0.999095, 0.0338787
5.41348, 5.2795, 0.42046, -0.0138744, -0.998951, 0.0371361
5.41234, 5.28083, 0.421397, 0.012548, 0.999158, -0.0316789
5.41252, 5.28134, 0.420974, 0.0126645, 0.999045, -0.0343559
5.41274, 5.27949, 0.421774, 0.0149572, 0.999161, -0.0320321
5.41234, 5.28175, 0.4224, -0.0118981, -0.999006, 0.0380107
5.4128, 5.27989, 0.420654, 0.0141138, 0.999135, -0.0342378
5.41287, 5.28373, 0.421086, 0.012373, 0.99894, -0.038341
5.41219, 5.28014, 0.419573, 0.014695, 0.998928, -0.038101
5.41234, 5.28107, 0.420865, 0.0134477, 0.999317, -0.0259973
5.41286, 5.27985, 0.41967, -0.0121875, -0.999113, 0.0335165
5.41261, 5.27817, 0.419708, 0.0136933, 0.999135, -0.0294161
5.41367, 5.27993, 0.419503, -0.014134, -0.998991, 0.0364819
5.41246, 5.27885, 0.420142, 0.0141053, 0.999225, -0.0305835
5.41284, 5.27946, 0.419876, -0.00941575, -0.999253, 0.031233
5.41247, 5.28152, 0.421895, 0.0152054, 0.998984, -0.0337433
5.4119, 5.27758, 0.421582, 0.0135552, 0.999221, -0.0301233
5.41292, 5.28221, 0.42451, -0.0130949, -0.999068, 0.0353404
5.41297, 5.27854, 0.4208, -0.0147076, -0.998982, 0.0356036
5.41256, 5.27913, 0.422663, 0.0131226, 0.999294, -0.0300061
5.41325, 5.27855, 0.41872, -0.0138842, -0.99902, 0.0343571
5.41329, 5.2802, 0.419549, -0.0122678, -0.999118, 0.034136
5.413, 5.27798, 0.420693, -0.0126593, -0.999143, 0.0317926
5.41335, 5.28414, 0.420943, 0.0131499, 0.999038, -0.035577
5.41278, 5.28033, 0.420041, 0.014831, 0.99895, -0.0351742
5.41205, 5.27697, 0.424045, 0.0147574, 0.998969, -0.038107
5.41315, 5.28298, 0.419505, 0.00953692, 0.999179, -0.0330603
5.4116, 5.27841, 0.420731, 0.0150604, 0.999269, -0.0297856
5.41309, 5.27964, 0.420385, 0.0121465, 0.999145, -0.0350782
5.41327, 5.27826, 0.42181, 0.0125958, 0.998863, -0.0404966
5.41327, 5.27955, 0.420938, 0.0135216, 0.999148, -0.0317911
5.41302, 5.27834, 0.418015, -0.0160698, -0.99909, 0.0333599
5.41297, 5.27968, 0.421692, 0.0140634, 0.998836, -0.0412274
5.41327, 5.28053, 0.419824, -0.0137578, -0.998899, 0.0370972
5.4129, 5.27998, 0.420823, -0.0133509, -0.999106, 0.0330286
5.41228, 5.28051, 0.420565, 0.0146053, 0.999071, -0.0353521
5.4133, 5.28229, 0.418974, 0.0103136, 0.998979, -0.0377505
5.41317, 5.28276, 0.420144, -0.0119349, -0.99885, 0.0418764
5.41334, 5.27889, 0.417027, 0.0135378, 0.999156, -0.0318481
5.41358, 5.28025, 0.42082, 0.0094337, 0.999059, -0.0361037
5.41281, 5.28301, 0.421078, 0.0123167, 0.999062, -0.0353687
5.41247, 5.28232, 0.422457, -0.011645, -0.999109, 0.0338992
5.41274, 5.28021, 0.421203, -0.013731, -0.999102, 0.0325064
5.41303, 5.27909, 0.421942, -0.0109267, -0.999183, 0.0328865
5.41248, 5.2808, 0.420997, 0.0132551, 0.998856, -0.0375475
5.41236, 5.2772, 0.421713, -0.0157532, -0.998816, 0.0384644
5.41312, 5.28065, 0.421013, 0.00848983, 0.998819, -0.0411526
5.41208, 5.28138, 0.419453, -0.0127567, -0.999114, 0.0336437
5.41301, 5.28009, 0.422946, -0.00932566, -0.998913, 0.0415921
5.41236, 5.28175, 0.420982, 0.0124206, 0.998917, -0.0369479
5.41262, 5.28079, 0.421271, 0.0139093, 0.998916, -0.0391534
5.41339, 5.28033, 0.420628, 0.0109463, 0.998904, -0.0383197
5.41267, 5.27848, 0.421214, 0.0108798, 0.999038, -0.0374419
5.41288, 5.27852, 0.420316, -0.00990981, -0.999308, 0.0307093
5.4131, 5.28095, 0.421616, -0.012316, -0.998773, 0.0413368
5.41234, 5.28058, 0.424444, 0.0156433, 0.998966, -0.036346
5.41202, 5.28125, 0.418223, -0.0150993, -0.999135, 0.0314266
5.41256, 5.28221, 0.421145, 0.0109407, 0.999156, -0.0344614
5.4124, 5.28232, 0.420739, 0.0124688, 0.999024, -0.0364576
5.41228, 5.28005, 0.420675, 0.0148876, 0.998919, -0.0374953
5.41181, 5.27853, 0.422282, -0.0166847, -0.999201, 0.0314974
5.41163, 5.27856, 0.422287, 0.0135423, 0.99907, -0.035848
5.41262, 5.27964, 0.421932, -0.0146261, -0.998881, 0.0382595
5.41297, 5.28233, 0.421125, -0.0144249, -0.999037, 0.034076
5.41312, 5.28107, 0.421576, 0.0104974, 0.99892, -0.0400751
5.41266, 5.28198, 0.421186, 0.0134481, 0.998922, -0.0357888
5.4129, 5.28307, 0.420886, -0.0119323, -0.998673, 0.0425413
5.41278, 5.28102, 0.420141, 0.0105351, 0.999203, -0.0341617
5.41204, 5.2792, 0.419534, 0.0132366, 0.99895, -0.0370885
5.41272, 5.28157, 0.422618, 0.0143745, 0.998944, -0.036805
5.41256, 5.27958, 0.421206, 0.013415, 0.99883, -0.0393062
5.4127, 5.27838, 0.423489, 0.00972512, 0.999324, -0.0315523
5.41258, 5.27988, 0.421255, -0.0118912, -0.998901, 0.0378278
5.41253, 5.27952, 0.42329, 0.0102174, 0.998962, -0.035751
5.41265, 5.27831, 0.424783, -0.0165309, -0.998806, 0.0390643
5.41232, 5.27975, 0.422922, -0.0103893, -0.998928, 0.0400918
5.41325, 5.28341, 0.420928, 0.0133221, 0.998822, -0.0402943
5.41316, 5.27994, 0.422698, 0.0121461, 0.999159, -0.0348074
5.41297, 5.28126, 0.421689, -0.0119752, -0.998984, 0.0383658
5.41264, 5.28587, 0.422074, -0.013932, -0.998244, 0.0497058
5.4129, 5.27941, 0.421451, -0.0107816, -0.999123, 0.0352018
5.41236, 5.28124, 0.423644, 0.0117267, 0.999074, -0.0368647
5.41264, 5.27839, 0.424081, -0.00969095, -0.999112, 0.0351008
5.41188, 5.2804, 0.42336, -0.0135435, -0.99878, 0.0408768
5.41201, 5.28068, 0.423136, -0.0141757, -0.999118, 0.0344446
5.41272, 5.28183, 0.422392, -0.0132527, -0.998823, 0.0393053
5.41228, 5.27891, 0.421758, 0.0138986, 0.998884, -0.0363661
5.41238, 5.28095, 0.419381, 0.0134168, 0.999269, -0.0311527
5.41289, 5.27862, 0.42314, 0.0127769, 0.999214, -0.0319531
5.4125, 5.27947, 0.421604, 0.0144729, 0.998912, -0.0368615
5.41308, 5.28025, 0.422609, -0.0103358, -0.999098, 0.0353623
5.4121, 5.28552, 0.422638, 0.0108405, 0.998996, -0.0378023
5.41273, 5.28, 0.420335, 0.014734, 0.999062, -0.0337856
5.41256, 5.28206, 0.418376, -0.0119795, -0.999197, 0.0309263
5.41348, 5.28631, 0.420749, 0.0117679, 0.998786, -0.0410246
5.4116, 5.27773, 0.423147, 0.0138882, 0.999175, -0.0341168
5.41312, 5.27928, 0.422034, 0.0140405, 0.999236, -0.0314489
5.41234, 5.28312, 0.42139, -0.0122064, -0.999088, 0.0344454
5.41269, 5.28061, 0.42306, 0.0132019, 0.998866, -0.0395045
5.41265, 5.28479, 0.422396, 0.0145512, 0.998725, -0.0417296
5.41231, 5.28074, 0.424814, -0.0137065, -0.998931, 0.0381583
5.41282, 5.28182, 0.422091, 0.0118527, 0.99893, -0.0390525
5.41305, 5.28114, 0.422036, -0.00796318, -0.999196, 0.0314402
5.41267, 5.28297, 0.421325, 0.0114031, 0.998839, -0.0402156
5.41187, 5.28167, 0.422926, 0.013993, 0.999161, -0.0299117
5.4131, 5.28022, 0.42099, -0.0149806, -0.999045, 0.0330779
5.41249, 5.28042, 0.422297, -0.00994036, -0.999105, 0.0371578
5.4131, 5.28033, 0.421494, 0.0102047, 0.999294, -0.03026
5.41329, 5.27931, 0.420489, 0.0103714, 0.999226, -0.0310371
5.41223, 5.27843, 0.420895, -0.0118345, -0.99907, 0.0330466
5.41259, 5.27994, 0.418795, -0.0147355, -0.998879, 0.0358601
5.41327, 5.28161, 0.421432, -0.0114063, -0.998981, 0.0354595
5.41265, 5.28197, 0.420585, 0.0117489, 0.999004, -0.036807
5.41196, 5.28211, 0.422075, 0.0152219, 0.998915, -0.0385602
5.41266, 5.27938, 0.420576, -0.0145089, -0.999263, 0.0268491
5.41276, 5.2821, 0.425948, 0.00826041, 0.999125, -0.0350407
5.41179, 5.27665, 0.42189, -0.0134524, -0.999156, 0.0342035
5.41233, 5.27999, 0.420844, 0.0133879, 0.998882, -0.0404366
5.41224, 5.27812, 0.422023, 0.0161961, 0.999053, -0.0357763
5.41215, 5.27798, 0.421331, 0.014652, 0.999177, -0.0337167
5.41313, 5.28014, 0.419918, -0.0124323, -0.999159, 0.0333214
5.41275, 5.28256, 0.418575, 0.00969859, 0.999078, -0.0351747
5.41242, 5.28, 0.421839, -0.0139047, -0.999218, 0.0311946
5.41187, 5.27933, 0.421555, -0.0137781, -0.999161, 0.0324241
5.41213, 5.27989, 0.423351, 0.0127413, 0.999043, -0.0337726
5.41326, 5.2804, 0.418644, 0.0123505, 0.99905, -0.0373632
5.41276, 5.27993, 0.422353, -0.0111817, -0.999182, 0.0289161
5.41337, 5.28184, 0.421785, -0.0107151, -0.998917, 0.0401801
5.41283, 5.27834, 0.421025, -0.0122274, -0.999039, 0.0371856
5.41291, 5.28027, 0.419708, 0.0136818, 0.999007, -0.035762
5.41281, 5.27991, 0.421612, -0.0114329, -0.999124, 0.035133
5.41256, 5.27969, 0.419757, -0.0114125, -0.999115, 0.0339198
5.41266, 5.28083, 0.423258, 0.010993, 0.998968, -0.0376636
5.41235, 5.28291, 0.4204, -0.0104047, -0.99892, 0.0359455
5.41224, 5.28152, 0.42189, 0.0152476, 0.998984, -0.0367253
