5.27573, 5.30778, 0.758239, 0.0112997, 0.00296613, -0.999877
5.27478, 5.30695, 0.760434, 0.011346, 0.000573256, -0.999897
5.27494, 5.30732, 0.760963, 0.00571527, -0.000610017, -0.999942
5.27526, 5.30693, 0.761647, 0.0113872, 0.00296912, -0.999871
5.27513, 5.3072, 0.764384, 0.00943106, -0.000402505, -0.999929
5.2747, 5.30758, 0.765324, 0.00833437, -0.00311987, -0.999867
5.27522, 5.30792, 0.763068, -0.0102488, -0.00287206, 0.999913
5.27579, 5.30751, 0.768712, -0.00780543, -0.00234013, 0.999928
5.27466, 5.30762, 0.763238, -0.0097077, -0.00315201, 0.999912
5.27465, 5.30732, 0.76625, 0.00919409, 0.000924393, -0.999928
5.27441, 5.30697, 0.758591, 0.00740756, -0.000253367, -0.99994
5.27535, 5.30689, 0.772045, 0.0115444, 0.00140475, -0.999888
5.27473, 5.30733, 0.770289, 0.0107402, 0.000169452, -0.999913
5.27516, 5.30778, 0.759794, 0.0100827, 0.000497577, -0.999911
5.27554, 5.30672, 0.76719, -0.0116821, -0.00234951, 0.999893
5.27508, 5.30786, 0.762213, 0.00993143, -0.000678872, -0.999876
5.27561, 5.30738, 0.767924, -0.0116513, -0.000904176, 0.999902
5.2753, 5.3071, 0.765128, 0.0100049, 0.00125238, -0.999897
5.27513, 5.30677, 0.768854, 0.00961888, -0.00116892, -0.999912
5.27568, 5.30783, 0.765003, -0.0111228, -0.00162529, 0.999907
5.27545, 5.30796, 0.768008, -0.0102353, -0.000999434, 0.999896
5.27515, 5.30772, 0.766707, 0.00775955, 0.000937424, -0.999929
5.27495, 5.30729, 0.76267, 0.0097972, 0.00239469, -0.999894
5.27551, 5.30716, 0.76668, -0.0121584, -0.000537338, 0.999876
5.27454, 5.30723, 0.768024, -0.00871191, 0.000587007, 0.999924
5.27498, 5.30779, 0.771535, 0.0119183, -5.01725e-05, -0.999902
5.276, 5.30727, 0.768281, 0.0104534, 0.000746886, -0.999894
5.27493, 5.30755, 0.770544, 0.00965676, -0.00113306, -0.999928
5.27478, 5.30703, 0.772706, -0.00972405, 0.00303171, 0.999907
5.27541, 5.30677, 0.76422, -0.0110078, -0.00123965, 0.999911
5.27489, 5.30798, 0.766592, -0.00916186, -0.00147202, 0.999906
5.27511, 5.30746, 0.76735, 0.0094871, 0.00137665, -0.999925
5.27457, 5.30763, 0.762953, -0.00891274, -0.00267399, 0.999912
5.27481, 5.30709, 0.763496, -0.011592, -0.000492359, 0.999897
5.27595, 5.30748, 0.763878, -0.0130718, -0.000285307, 0.999881
5.27441, 5.30781, 0.768654, -0.00908111, -8.10703e-05, 0.999939
5.27442, 5.30788, 0.765322, 0.00906888, 0.00169739, -0.999904
5.27531, 5.30712, 0.771928, -0.00905797, 0.0014812, 0.999923
5.27396, 5.308, 0.764833, -0.00596517, 0.00138131, 0.999957
5.27519, 5.30811, 0.770534, 0.0112061, -0.000743333, -0.999908
5.2757, 5.30665, 0.759968, -0.00831708, 0.000595232, 0.999909
5.2757, 5.30702, 0.762224, 0.0113985, -0.000385726, -0.999892
5.27484, 5.30758, 0.765065, -0.00875783, 0.000194894, 0.999933
5.27494, 5.30737, 0.774622, -0.00597222, -0.000259298, 0.999929
5.2745, 5.30713, 0.769808, -0.00694793, 0.00059918, 0.999935
5.27541, 5.30767, 0.758993, 0.00858768, 0.000218056, -0.999913
5.27599, 5.30754, 0.767804, 0.0097082, 0.000799649, -0.99991
5.27499, 5.30786, 0.761557, 0.0110821, 0.00157195, -0.999898
5.27415, 5.30704, 0.768548, -0.00746649, -0.000771599, 0.999943
5.27351, 5.30763, 0.768722, 0.00802431, 0.0023597, -0.999935
5.27503, 5.30758, 0.770638, 0.00597435, 8.89577e-05, -0.999937
5.27547, 5.30783, 0.764904, -0.0106274, -5.011e-05, 0.999904
5.27355, 5.30666, 0.763535, 0.00678691, 0.000656357, -0.999948
5.27434, 5.30674, 0.762773, -0.0077791, 0.000217976, 0.999929
5.27515, 5.30701, 0.772111, 0.00968117, -0.00110055, -0.9999
5.27484, 5.30693, 0.765301, -0.00849204, 0.00101018, 0.999918
5.27338, 5.30654, 0.767256, -0.00949042, 0.00105481, 0.999921
5.27299, 5.30689, 0.769553, -0.00807605, -7.41001e-05, 0.999933
5.27399, 5.30636, 0.76856, 0.00778902, -0.000867999, -0.999928
5.27277, 5.3067, 0.76167, -0.00531353, -0.000960606, 0.999882
5.27358, 5.30683, 0.773641, -0.00686601, -0.00179546, 0.999956
5.27279, 5.30716, 0.766518, -0.00448844, -0.00127163, 0.999965
5.27374, 5.30629, 0.760837, 0.00868275, 0.00188419, -0.999933
5.27361, 5.30668, 0.773346, 0.00800585, 0.000899259, -0.99993
5.2735, 5.30706, 0.766818, 0.00712836, 0.000419996, -0.99994
5.27219, 5.30753, 0.771334, 0.00686411, 8.05975e-05, -0.99994
5.27296, 5.30765, 0.765846, 0.00493416, 0.00152621, -0.99996
5.27348, 5.3069, 0.770165, -0.00808199, 0.00251291, 0.999922
5.27365, 5.30715, 0.767086, -0.00533113, -0.000312182, 0.999935
5.27329, 5.30647, 0.764543, 0.00820955, 0.00131485, -0.999941
5.27298, 5.30743, 0.763328, 0.00540533, 0.00323472, -0.999948
5.27315, 5.30622, 0.771074, -0.00773563, -0.00140735, 0.999925
5.27206, 5.30805, 0.77539, 0.00340421, 0.00164204, -0.999974
5.27355, 5.30698, 0.766896, 0.00859806, 0.00114646, -0.999919
5.27227, 5.30708, 0.76895, -0.00482912, -0.00249329, 0.999945
5.2737, 5.30689, 0.766553, -0.00722215, -0.00203307, 0.999936
5.27382, 5.307, 0.77092, -0.00700058, -0.0031103, 0.999951
5.27294, 5.30709, 0.775127, 0.00779637, -0.000392001, -0.999926
5.27297, 5.30751, 0.765947, 0.00541937, -0.000376811, -0.999951
5.27328, 5.30731, 0.75828, -0.00580782, -0.00292587, 0.999928
5.27289, 5.30842, 0.763731, -0.00544097, -0.0001547, 0.999957
5.2731, 5.30648, 0.768697, 0.00577947, 0.000282045, -0.99995
5.27376, 5.30742, 0.761828, 0.00893587, 0.00139685, -0.99993
5.27352, 5.30637, 0.764727, -0.00866073, 0.00170782, 0.999933
5.27309, 5.30739, 0.763809, -0.00614137, -0.000880859, 0.999943
5.2736, 5.30634, 0.771254, 0.00802041, 0.00145657, -0.999931
5.27377, 5.30737, 0.766194, -0.00513007, 0.00393174, 0.999929
5.27385, 5.30713, 0.774584, -0.00629455, 0.000301505, 0.999955
5.27391, 5.30736, 0.769857, 0.00684868, -0.00146176, -0.999932
5.27546, 5.30741, 0.769505, -0.0123522, 0.00203526, 0.999855
5.2741, 5.30638, 0.769898, -0.00844306, 0.00127978, 0.999918
5.2751, 5.30706, 0.761661, -0.00959372, -0.00123125, 0.999885
5.27377, 5.30761, 0.759758, -0.00870742, 0.00173949, 0.999903
5.27266, 5.30692, 0.764915, -0.00573129, 0.00271877, 0.999946
5.27393, 5.30682, 0.764564, -0.00870702, 0.00123681, 0.999932
5.27321, 5.30751, 0.775162, -0.00646695, -0.0029316, 0.999944
5.27356, 5.30704, 0.766963, -0.00714599, -0.000364738, 0.999946
5.27516, 5.30659, 0.761213, 0.0120715, -0.00155785, -0.999905
5.27485, 5.30623, 0.767076, 0.0099052, -0.00126022, -0.999896
5.27436, 5.30697, 0.761436, 0.00980441, 0.000353483, -0.999896
5.27327, 5.3074, 0.761841, -0.00584748, -0.00223886, 0.999939
5.27373, 5.30595, 0.773263, -0.00583349, 0.00221945, 0.999932
5.27417, 5.30697, 0.766459, -0.00809686, 0.00159373, 0.99994
5.27365, 5.30718, 0.763918, -0.00785219, -0.000380414, 0.999931
5.27457, 5.30654, 0.769062, 0.00786521, -0.0025935, -0.999925
5.27386, 5.30654, 0.769401, -0.0104067, 0.00147553, 0.999883
5.27372, 5.30667, 0.77191, -0.0103254, 0.00163909, 0.99986
5.27349, 5.3062, 0.769201, 0.00646093, -0.00535402, -0.99993
5.2735, 5.30645, 0.768874, 0.00918256, 0.00131763, -0.999935
5.27408, 5.30709, 0.763404, -0.00778247, 0.00163571, 0.999926
5.27301, 5.30698, 0.765021, -0.00653662, -0.000140025, 0.999938
5.27566, 5.30679, 0.755894, 0.00931098, -0.00192393, -0.99992
5.27432, 5.30622, 0.773158, -0.00886803, 0.0008355, 0.999914
5.27422, 5.30666, 0.769213, 0.00946258, 3.63829e-05, -0.999923
5.27312, 5.30685, 0.770031, -0.00585664, 0.0011262, 0.999932
5.27267, 5.30668, 0.768843, -0.00613685, 0.00260629, 0.999949
5.27456, 5.30647, 0.765312, 0.00967263, -0.000818192, -0.999917
5.27452, 5.30801, 0.761957, 0.010902, -0.00078032, -0.999901
5.27353, 5.306, 0.764827, -0.00745318, -0.00160984, 0.999924
5.27307, 5.30719, 0.771078, 0.00660824, 0.000953037, -0.999943
5.27361, 5.30763, 0.766327, 0.00508784, 0.00175426, -0.999946
5.2734, 5.30681, 0.772295, 0.010369, 0.00187954, -0.999898
5.27227, 5.30713, 0.76814, 0.00795235, 0.00246812, -0.999928
5.27345, 5.30744, 0.762348, 0.00461989, 0.000229471, -0.999959
5.27311, 5.30752, 0.775822, 0.00759811, 0.00197927, -0.999936
5.27279, 5.30416, 0.779822, -0.00626474, 0.00514981, 0.999937
