5.41331, 5.28053, 0.425543, 0.00821153, 0.998731, -0.0447465
5.4137, 5.27882, 0.416981, 0.0155308, 0.999147, -0.0302472
5.40973, 5.27822, 0.418555, 0.0186851, 0.998896, -0.0381547
5.41207, 5.28, 0.432555, 0.0207528, 0.998868, -0.0406597
5.41271, 5.2965, 0.420304, 0.0153083, 0.998405, -0.0495733
5.41246, 5.29488, 0.420315, 0.0150409, 0.99882, -0.042852
5.41339, 5.27745, 0.422413, 0.0132652, 0.998652, -0.046698
5.41209, 5.28115, 0.419002, 0.00977627, 0.999117, -0.0362921
5.41209, 5.28904, 0.428394, 0.0108661, 0.998586, -0.0451047
5.41331, 5.28289, 0.424852, -0.0106793, -0.998907, 0.0368683
5.413, 5.28351, 0.425597, 0.0144333, 0.998613, -0.045813
5.41222, 5.27909, 0.421992, -0.0145074, -0.999031, 0.0369976
5.41327, 5.28194, 0.421789, -0.0161091, -0.998913, 0.0367388
5.41275, 5.29329, 0.418078, -0.0180297, -0.999538, 0.0213722
5.41333, 5.27925, 0.417821, -0.0129662, -0.999453, 0.0279505
5.41289, 5.29798, 0.421652, -0.00937315, -0.998537, 0.0503109
5.41209, 5.28254, 0.425854, -0.0126923, -0.999095, 0.0340663
5.41171, 5.27743, 0.428125, 0.0127864, 0.999196, -0.0320797
5.41193, 5.27726, 0.420151, -0.0144752, -0.999541, 0.0221362
5.41159, 5.27834, 0.422264, -0.0095724, -0.999718, 0.0203974
5.41164, 5.27832, 0.424997, 0.0149068, 0.998765, -0.0419388
5.41231, 5.28257, 0.4216, 0.0130499, 0.999088, -0.0358667
5.41304, 5.2888, 0.42232, 0.00913711, 0.99879, -0.0440312
5.41162, 5.27834, 0.420158, 0.0198229, 0.99857, -0.0430745
5.41383, 5.2775, 0.420335, 0.00941683, 0.998513, -0.0499265
5.4114, 5.28983, 0.421941, -0.0179357, -0.99853, 0.0383713
5.41185, 5.28388, 0.423432, -0.0100663, -0.999071, 0.0336802
5.41422, 5.2796, 0.417149, 0.0217581, 0.99861, -0.040242
5.41125, 5.28069, 0.426945, 0.0142796, 0.998581, -0.0448511
5.41278, 5.28518, 0.421873, 0.0110457, 0.998884, -0.0401184
5.4122, 5.28495, 0.422407, -0.0107766, -0.999614, 0.0239647
5.4132, 5.28203, 0.420049, 0.0120927, 0.998901, -0.0400335
5.41504, 5.27735, 0.422802, 0.00775769, 0.998835, -0.0423441
5.41294, 5.28228, 0.420323, -0.0120204, -0.999313, 0.0306283
5.41094, 5.27654, 0.427245, -0.016552, -0.999358, 0.02865
5.41207, 5.28015, 0.422325, 0.00774189, 0.999211, -0.0382945
5.41064, 5.28909, 0.421475, -0.0143501, -0.999352, 0.0309676
5.4147, 5.28812, 0.417411, 0.0145999, 0.998636, -0.0464051
5.41317, 5.29064, 0.420307, -0.0136792, -0.998903, 0.0409997
5.41068, 5.28579, 0.421216, 0.0155202, 0.99854, -0.0506154
5.41126, 5.28073, 0.421049, -0.0187974, -0.999198, 0.0341617
5.41443, 5.29382, 0.412834, 0.0123696, 0.999291, -0.0281145
5.41327, 5.28588, 0.417384, 0.00532644, 0.999483, -0.0258257
5.41156, 5.28429, 0.420026, 0.0139487, 0.999307, -0.0302691
5.41201, 5.27838, 0.423375, 0.0206792, 0.999479, -0.0199584
5.41245, 5.28807, 0.423073, 0.0185366, 0.997964, -0.0559274
5.41266, 5.28157, 0.42229, 0.0134014, 0.998501, -0.0508313
5.41354, 5.28966, 0.423178, 0.010044, 0.998279, -0.0486045
5.41239, 5.27911, 0.419707, 0.0185229, 0.998987, -0.0347724
5.41502, 5.28017, 0.41636, -0.00803772, -0.999207, 0.031411
5.41156, 5.28323, 0.425572, 0.012405, 0.999126, -0.0341309
5.41403, 5.27842, 0.414848, -0.0134004, -0.998626, 0.0435237
5.41153, 5.29133, 0.417513, -0.0182474, -0.99876, 0.0444366
5.41071, 5.27973, 0.425594, 0.0106946, 0.998941, -0.0427304
5.41306, 5.27896, 0.421672, 0.0135487, 0.998926, -0.0289426
5.41102, 5.27753, 0.420871, -0.011908, -0.999247, 0.0352112
5.41503, 5.27978, 0.416552, 0.00837259, 0.998389, -0.0478819
5.41418, 5.28425, 0.416638, 0.0150306, 0.998722, -0.0416132
5.41218, 5.27693, 0.425443, 0.012077, 0.999139, -0.0341871
5.41322, 5.27632, 0.427868, 0.0163979, 0.999109, -0.034644
5.41469, 5.28658, 0.420321, -0.0138261, -0.998365, 0.0501558
5.41084, 5.28828, 0.420545, -0.0126824, -0.99935, 0.0279041
5.40991, 5.28763, 0.422169, -0.0176124, -0.998911, 0.0399293
5.41228, 5.28495, 0.419118, -0.0125993, -0.999095, 0.0365621
5.41229, 5.30204, 0.424125, -0.00942224, -0.998832, 0.0434171
5.41088, 5.28284, 0.42485, 0.0135509, 0.99912, -0.0375618
5.41235, 5.27844, 0.421359, -0.0121143, -0.999381, 0.0296584
5.41396, 5.27863, 0.418588, 0.0171867, 0.998625, -0.0454337
5.4107, 5.27858, 0.418261, 0.0132819, 0.99927, -0.0291704
5.41308, 5.3005, 0.420052, -0.00515489, -0.998357, 0.0518612
5.41297, 5.28541, 0.421945, 0.017032, 0.998817, -0.0335383
5.41258, 5.28001, 0.415597, -0.0143254, -0.998558, 0.0433341
5.41085, 5.27927, 0.424495, -0.0115008, -0.99879, 0.0413262
5.41121, 5.28326, 0.426687, -0.0150517, -0.998663, 0.0453464
5.41256, 5.2838, 0.420063, 0.0115676, 0.998588, -0.0458282
5.41251, 5.27725, 0.419579, -0.015239, -0.999478, 0.0175227
5.41171, 5.27889, 0.425955, -0.0175872, -0.998798, 0.0402682
5.41164, 5.28275, 0.426578, 0.0151242, 0.999449, -0.0285411
5.41415, 5.27867, 0.419045, -0.0139271, -0.998992, 0.035308
5.41135, 5.27844, 0.418589, -0.0124849, -0.999732, 0.0171526
5.41066, 5.27816, 0.42087, 0.0141586, 0.999659, -0.0177714
5.41182, 5.28019, 0.419075, -0.0150988, -0.999089, 0.0348111
5.41136, 5.28405, 0.420398, -0.0108943, -0.999165, 0.0340163
5.41546, 5.28056, 0.415102, -0.0042723, -0.998887, 0.0413996
5.4123, 5.27675, 0.418613, 0.0130665, 0.99913, -0.0359294
5.41177, 5.28273, 0.417258, -0.0166029, -0.999198, 0.0330455
5.41234, 5.28838, 0.422074, -0.014288, -0.9994, 0.0276756
5.41467, 5.27891, 0.422977, -0.0107284, -0.998613, 0.046197
5.4106, 5.28399, 0.419832, -0.0106167, -0.999305, 0.0296472
5.41174, 5.27719, 0.422292, -0.0116767, -0.999389, 0.0303698
5.41285, 5.27989, 0.423217, 0.0148529, 0.999288, -0.0293968
5.41071, 5.27806, 0.419367, 0.0215063, 0.999439, -0.0180206
5.41014, 5.27655, 0.423279, 0.0187377, 0.999383, -0.0234138
5.41543, 5.28297, 0.418595, -0.0126524, -0.999472, 0.0272505
5.41326, 5.28004, 0.420801, -0.0108652, -0.998238, 0.052031
5.41213, 5.27804, 0.420352, -0.0155628, -0.999649, 0.0141597
5.41048, 5.27233, 0.424475, -0.0117131, -0.998851, 0.0420648
5.41244, 5.27973, 0.426992, 0.00663785, 0.998564, -0.0487309
5.41115, 5.27823, 0.421718, -0.0182715, -0.999703, 0.0151573
5.41024, 5.28352, 0.429494, -0.0196164, -0.99822, 0.0462995
5.41226, 5.27868, 0.429864, 0.0132501, 0.999056, -0.0345004
5.40963, 5.28276, 0.420743, -0.0166098, -0.999046, 0.0346575
5.41025, 5.27952, 0.419964, -0.00744539, -0.999415, 0.0248731
5.41212, 5.28253, 0.424757, -0.0175548, -0.999363, 0.0279048
5.41222, 5.28289, 0.422117, 0.0137585, 0.998269, -0.0525235
5.41305, 5.28083, 0.421092, -0.014283, -0.999286, 0.0259952
5.41209, 5.28934, 0.419734, -0.00787002, -0.99893, 0.0420269
5.41052, 5.28033, 0.423812, 0.0217533, 0.998998, -0.0343004
5.41237, 5.28014, 0.420352, -0.021399, -0.998184, 0.0517819
5.40985, 5.27836, 0.419458, -0.0190348, -0.999669, 0.0121382
5.41548, 5.28412, 0.417334, 0.00836738, 0.998771, -0.0448782
5.41208, 5.27957, 0.416921, -0.0155014, -0.999153, 0.0307736
5.41116, 5.27636, 0.418326, -0.0107025, -0.99936, 0.0309148
5.41056, 5.28594, 0.427407, 0.0162961, 0.998718, -0.0431298
5.41022, 5.27178, 0.420745, 0.0162083, 0.999206, -0.0336409
5.41116, 5.27889, 0.426755, -0.0200425, -0.998211, 0.0512851
5.41299, 5.28511, 0.418902, 0.0165114, 0.998748, -0.0373766
5.41283, 5.27712, 0.420126, 0.0141708, 0.999016, -0.0391462
5.41408, 5.28779, 0.424466, 0.00888855, 0.998432, -0.0475004
5.41269, 5.27953, 0.415155, -0.0161849, -0.998645, 0.0412719
5.41006, 5.28611, 0.429432, 0.0135087, 0.998988, -0.0407324
5.41247, 5.27974, 0.427357, -0.0110564, -0.998828, 0.0417198
5.41085, 5.27764, 0.420311, 0.0183165, 0.999404, -0.0196741
5.41188, 5.27751, 0.422715, 0.0103836, 0.999407, -0.0302752
5.4137, 5.27725, 0.420573, 0.00656469, 0.998986, -0.0397146
5.41283, 5.27846, 0.41913, -0.0198523, -0.999384, 0.0207788
5.41298, 5.27913, 0.419459, 0.0194754, 0.999069, -0.0298158
5.41348, 5.27836, 0.422013, 0.017146, 0.99937, -0.0285388
5.41256, 5.28007, 0.419358, -0.0134844, -0.998957, 0.0392513
5.41277, 5.27771, 0.426268, -0.0107417, -0.998785, 0.0463611
5.41255, 5.28354, 0.421915, 0.0107553, 0.998782, -0.0460297
5.41163, 5.27807, 0.419964, 0.0135484, 0.999504, -0.0257703
5.41131, 5.27815, 0.417288, 0.0230717, 0.999416, -0.0186462
5.41159, 5.27703, 0.424821, 0.0129405, 0.999424, -0.0280894
5.4112, 5.2784, 0.424402, 0.0164238, 0.998998, -0.0358435
5.41433, 5.27647, 0.422374, -0.0161581, -0.999498, 0.018124
5.41093, 5.27748, 0.426902, 0.0151989, 0.999612, -0.0224786
5.41225, 5.2833, 0.423404, 0.0134256, 0.99855, -0.0484821
5.4138, 5.27935, 0.416261, 0.00578379, 0.998683, -0.0465145
5.41098, 5.28461, 0.423962, 0.0144113, 0.998641, -0.0424358
5.41186, 5.27698, 0.422578, 0.0155949, 0.999245, -0.0231752
5.4136, 5.28386, 0.41883, -0.00538756, -0.998458, 0.0483362
5.41263, 5.28873, 0.419229, 0.0120415, 0.998286, -0.0538587
5.4118, 5.27958, 0.420312, -0.0094093, -0.9991, 0.0373074
5.41317, 5.28268, 0.420804, 0.0118251, 0.999636, -0.0212903
5.41303, 5.27999, 0.422636, -0.00699405, -0.998233, 0.0559183
5.41261, 5.28671, 0.421726, -0.023577, -0.998446, 0.0430271
5.41282, 5.28833, 0.416356, -0.0132058, -0.999192, 0.0339153
5.41374, 5.27799, 0.418673, -0.00733834, -0.999025, 0.0357854
5.41275, 5.28646, 0.416176, -0.00991159, -0.999243, 0.0321536
5.41304, 5.28304, 0.418392, 0.0116472, 0.998901, -0.0355222
5.41317, 5.27914, 0.415196, 0.0072905, 0.999127, -0.0374294
5.40985, 5.28037, 0.428505, 0.0145447, 0.998775, -0.0365845
5.41117, 5.27777, 0.421207, 0.0151167, 0.999245, -0.0306152
5.4111, 5.27915, 0.422743, -0.0113503, -0.999444, 0.0254305
5.41022, 5.28246, 0.425234, 0.0145115, 0.999461, -0.0269652
5.41247, 5.28072, 0.424171, -0.0107041, -0.999651, 0.0168026
5.41168, 5.2773, 0.426093, -0.0123869, -0.998916, 0.0400243
5.41189, 5.2833, 0.422315, -0.0102585, -0.998847, 0.0400007
5.41093, 5.27927, 0.422226, -0.0106733, -0.999239, 0.0332807
5.41391, 5.28408, 0.418763, 0.0144285, 0.998484, -0.0481374
5.41315, 5.28309, 0.418067, 0.0147797, 0.999341, -0.0290762
5.41276, 5.28725, 0.420656, -0.00801358, -0.999077, 0.0360726
5.41093, 5.27222, 0.427376, 0.0112293, 0.99902, -0.0362331
5.41093, 5.27668, 0.422934, -0.0189152, -0.99916, 0.0289653
5.41118, 5.2789, 0.420841, -0.0144568, -0.999599, 0.0215057
5.41272, 5.27855, 0.416955, -0.0156175, -0.999165, 0.0319486
5.41336, 5.27782, 0.426432, 0.0148941, 0.999301, -0.0308012
5.41257, 5.27261, 0.421363, 0.00679584, 0.99931, -0.0349357
5.41257, 5.28301, 0.423325, -0.0144667, -0.998841, 0.0416048
5.4103, 5.28057, 0.420243, -0.0179533, -0.998961, 0.0348547
5.41069, 5.27943, 0.417268, -0.0221081, -0.998961, 0.0324789
5.41375, 5.28002, 0.42123, 0.0100932, 0.999239, -0.0343758
5.41398, 5.27533, 0.422195, 0.0131676, 0.999004, -0.0391843
5.41146, 5.27782, 0.424292, -0.0172897, -0.999046, 0.0353375
5.41483, 5.27699, 0.418374, 0.0132994, 0.999198, -0.0280615
5.41211, 5.28466, 0.421651, 0.0174295, 0.998589, -0.0427591
5.41084, 5.27885, 0.412988, 0.0177362, 0.99897, -0.0355563
5.41169, 5.28324, 0.420625, -0.0143335, -0.998938, 0.0389018
5.41029, 5.27715, 0.42782, -0.0157468, -0.999448, 0.0266051
5.41222, 5.27592, 0.419858, -0.0149411, -0.999412, 0.0189517
5.41454, 5.27721, 0.417935, -0.0108273, -0.998899, 0.0407085
5.41252, 5.28793, 0.416259, 0.0164433, 0.999124, -0.0315156
5.41081, 5.2826, 0.425777, -0.0150346, -0.998675, 0.0433316
5.41061, 5.27627, 0.424222, 0.016768, 0.999043, -0.0384376
5.41174, 5.27857, 0.424019, -0.00955311, -0.998823, 0.0453655
5.41238, 5.28323, 0.42411, 0.0104419, 0.998807, -0.0441948
5.41186, 5.28486, 0.427577, -0.0143561, -0.99883, 0.0432992
5.41213, 5.28124, 0.423033, -0.00650068, -0.999349, 0.0338752
5.41046, 5.27582, 0.423823, -0.0130206, -0.998979, 0.0355841
5.41201, 5.28073, 0.420766, 0.00867295, 0.999305, -0.034042
5.41495, 5.2772, 0.422365, -0.0106331, -0.999365, 0.0280074
5.41132, 5.28575, 0.429292, -0.0137896, -0.998805, 0.0418463
5.41277, 5.28275, 0.41948, -0.0144446, -0.99907, 0.0320729
5.41353, 5.28886, 0.420856, -0.00929324, -0.998329, 0.0539844
5.41231, 5.2843, 0.417919, -0.0103057, -0.998902, 0.0421565
5.4123, 5.28329, 0.422354, 0.00826334, 0.999136, -0.0307556
5.41226, 5.27862, 0.420811, 0.00742756, 0.998871, -0.0442968
5.41227, 5.27822, 0.422904, 0.007383, 0.999247, -0.0271462
5.41118, 5.27635, 0.419206, -0.016285, -0.999327, 0.0216615
5.41451, 5.27723, 0.419545, 0.00957593, 0.999191, -0.0277586
5.41291, 5.28402, 0.418998, 0.00781019, 0.998877, -0.0406662
5.41366, 5.27952, 0.420778, -0.00632513, -0.999461, 0.0296318
5.41394, 5.27766, 0.418595, -0.0128353, -0.999164, 0.0345336
5.41283, 5.29325, 0.422609, 0.0132012, 0.999356, -0.0267326
5.41236, 5.28017, 0.415416, 0.00839237, 0.998761, -0.0455361
5.41214, 5.27642, 0.426753, -0.0199188, -0.99901, 0.0354475
5.41376, 5.27866, 0.417015, -0.0142761, -0.998777, 0.0404762
5.41161, 5.27931, 0.420969, -0.0226449, -0.998647, 0.0371566
5.41187, 5.27719, 0.421313, -0.0141709, -0.998856, 0.0369417
5.41155, 5.27907, 0.420699, 0.0118158, 0.99899, -0.0387444
5.41268, 5.28205, 0.425693, -0.0150802, -0.999102, 0.0377493
5.41704, 5.28451, 0.413846, -0.00815594, -0.999531, 0.0240739
5.41151, 5.28376, 0.42562, 0.00970526, 0.999546, -0.0268746
5.41396, 5.28206, 0.424429, -0.000482782, -0.998444, 0.0506972
5.41235, 5.27817, 0.428003, 0.00997853, 0.999472, -0.0301674
5.41148, 5.27815, 0.424945, 0.0117699, 0.999185, -0.0340057
5.41052, 5.28216, 0.418759, -0.0225589, -0.998591, 0.04306
5.41457, 5.27618, 0.423171, -0.00870699, -0.998864, 0.0433588
5.41159, 5.27745, 0.422203, 0.0249558, 0.99863, -0.0405245
5.4104, 5.27799, 0.424634, 0.0177014, 0.999305, -0.0270884
5.41195, 5.28383, 0.426201, 0.0176048, 0.999086, -0.0354562
5.40973, 5.27902, 0.427088, -0.0226362, -0.998656, 0.0397013
5.41177, 5.27811, 0.422335, -0.0115724, -0.999294, 0.0300352
5.41257, 5.28564, 0.41823, -0.0166692, -0.998992, 0.0351179
5.41361, 5.27877, 0.418873, 0.00710854, 0.998444, -0.0534303
5.41361, 5.29859, 0.421439, -0.00428033, -0.998372, 0.055646
5.41347, 5.27778, 0.425224, -0.0071637, -0.99883, 0.0412846
5.41053, 5.27755, 0.425158, -0.0154214, -0.998876, 0.0347087
5.41095, 5.27976, 0.422437, -0.0101047, -0.999218, 0.0311258
5.41487, 5.28444, 0.417903, 0.00675478, 0.999167, -0.0373984
5.41255, 5.27996, 0.418498, -0.0101185, -0.9989, 0.0437757
5.41135, 5.282, 0.427759, 0.0174051, 0.99882, -0.041961
5.41274, 5.27985, 0.414376, -0.0222568, -0.998444, 0.0468695
5.41271, 5.27908, 0.41904, -0.0152146, -0.998999, 0.036304
5.41359, 5.28817, 0.421939, 0.0163999, 0.998801, -0.0372811
5.41075, 5.28287, 0.419284, -0.0141951, -0.999094, 0.0248529
5.41083, 5.27625, 0.427982, -0.0136174, -0.999463, 0.0281713
5.41279, 5.27889, 0.421481, 0.0104143, 0.998528, -0.048646
5.41102, 5.27572, 0.427338, 0.0147231, 0.999541, -0.0225687
5.41185, 5.27759, 0.425007, 0.0133476, 0.999362, -0.0310564
5.41206, 5.28714, 0.416671, -0.0183007, -0.998913, 0.0379245
5.41134, 5.27612, 0.427295, -0.0193152, -0.999289, 0.0249975
5.4109, 5.2775, 0.421942, -0.0121602, -0.999083, 0.0391624
5.413, 5.28493, 0.417968, 0.0133144, 0.998925, -0.0357462
5.4121, 5.27762, 0.416632, -0.0147639, -0.999179, 0.0315282
5.41221, 5.28377, 0.424208, 0.0221757, 0.998284, -0.0447434
5.41351, 5.28063, 0.419389, 0.0158587, 0.999436, -0.025525
5.41405, 5.28879, 0.420616, 0.0147354, 0.998624, -0.0447231
5.41159, 5.29467, 0.42368, -0.0140602, -0.998356, 0.0518505
5.41203, 5.27801, 0.420227, -0.0160607, -0.999402, 0.0294472
5.41244, 5.27861, 0.423873, -0.0163515, -0.999078, 0.030308
5.41043, 5.27698, 0.420592, 0.0223249, 0.998992, -0.0327548
5.41318, 5.2776, 0.423633, -0.0105285, -0.998692, 0.0446266
5.41381, 5.27808, 0.417381, -0.010053, -0.999198, 0.0335597
5.41324, 5.29374, 0.418581, -0.0161583, -0.999056, 0.0357885
5.41335, 5.27865, 0.418387, 0.0116763, 0.999151, -0.0349266
5.41306, 5.27945, 0.422985, 0.0115703, 0.998699, -0.04147
5.41373, 5.29296, 0.417266, -0.011985, -0.998943, 0.0375962
5.412, 5.28112, 0.42629, -0.0136779, -0.999124, 0.0372318
5.41145, 5.28127, 0.418277, -0.021452, -0.998766, 0.0345263
5.41306, 5.27829, 0.420274, -0.0160576, -0.999169, 0.0307118
5.41147, 5.27667, 0.421883, -0.0248218, -0.999016, 0.0300807
5.41035, 5.28556, 0.415848, -0.0151701, -0.999147, 0.0316086
5.4122, 5.28336, 0.419387, -0.0117534, -0.999353, 0.0229071
5.41097, 5.27752, 0.420881, 0.00708534, 0.999125, -0.0340484
5.41459, 5.28101, 0.420522, 0.00787859, 0.998417, -0.0514381
5.41125, 5.27837, 0.41915, 0.015957, 0.99894, -0.0381975
5.41167, 5.27734, 0.424321, 0.0184977, 0.998669, -0.0417546
5.40974, 5.2812, 0.429691, -0.0131658, -0.998711, 0.0441599
5.41262, 5.29473, 0.417727, -0.0217097, -0.998784, 0.0399002
5.41113, 5.28266, 0.421348, 0.015158, 0.999452, -0.0267546
5.41184, 5.27707, 0.423166, 0.0112144, 0.998857, -0.0428909
5.41211, 5.27786, 0.422289, 0.012741, 0.999401, -0.0281567
5.4108, 5.28, 0.418255, 0.0174711, 0.99931, -0.0288136
5.41013, 5.28281, 0.418392, 0.0142771, 0.999523, -0.0230564
5.41357, 5.27936, 0.418886, 0.0176807, 0.998723, -0.0405346
5.41261, 5.28391, 0.419167, -0.0130703, -0.998923, 0.037727
5.41306, 5.27693, 0.417014, 0.0157325, 0.999384, -0.0282051
5.41483, 5.28908, 0.418639, 0.00468878, 0.998907, -0.0438147
5.4118, 5.27707, 0.42154, 0.013864, 0.999689, -0.0156934
5.41023, 5.27672, 0.428169, 0.0073476, 0.999133, -0.0385189
5.4135, 5.28188, 0.419312, 0.0169152, 0.999605, -0.0158525
5.41368, 5.28352, 0.423263, -0.0129903, -0.998599, 0.0476429
5.41185, 5.27849, 0.420643, -0.013604, -0.999173, 0.033922
5.41161, 5.28808, 0.424674, 0.0172146, 0.998483, -0.0469351
5.41428, 5.28453, 0.420204, 0.00572272, 0.999179, -0.0336402
5.41028, 5.28109, 0.425601, -0.0241503, -0.998506, 0.0441972
5.4114, 5.28164, 0.426556, 0.0121442, 0.998965, -0.0367356
5.41294, 5.28346, 0.423581, 0.0139238, 0.998473, -0.041215
5.41046, 5.2791, 0.424683, 0.0114754, 0.998651, -0.0431455
5.41223, 5.27859, 0.422756, 0.0110293, 0.999591, -0.023345
5.41276, 5.27762, 0.424253, 0.0104608, 0.999094, -0.0364935
5.41261, 5.27587, 0.423303, -0.0160493, -0.999594, 0.0201023
5.41293, 5.28369, 0.420354, -0.00936932, -0.998777, 0.0464953
5.4123, 5.27771, 0.417587, -0.0140798, -0.999314, 0.031535
5.41401, 5.28389, 0.417241, -0.00538486, -0.998394, 0.05163
5.41064, 5.28382, 0.425111, -0.0117953, -0.999083, 0.037007
5.41366, 5.27777, 0.413527, -0.0205298, -0.998004, 0.0553982
5.41087, 5.28456, 0.420227, 0.0210582, 0.998999, -0.0333209
5.41209, 5.28898, 0.423038, 0.0180808, 0.998666, -0.045613
5.41157, 5.28457, 0.419644, -0.0202437, -0.998822, 0.0392474
5.41168, 5.27948, 0.421617, 0.0158425, 0.998398, -0.0513499
5.41324, 5.27929, 0.414385, -0.0143896, -0.999251, 0.0289121
5.4113, 5.28279, 0.427857, -0.0133188, -0.998534, 0.0471499
5.41391, 5.27652, 0.416672, -0.0167323, -0.999301, 0.0300163
5.41344, 5.2784, 0.422936, -0.011484, -0.999257, 0.0313223
5.4111, 5.27703, 0.424086, -0.016495, -0.999232, 0.0296012
5.41307, 5.29185, 0.421973, -0.00141871, -0.997812, 0.0578568
5.41108, 5.29288, 0.425884, -0.0135802, -0.998892, 0.0404093
5.41257, 5.27898, 0.423104, 0.0150045, 0.999364, -0.0297884
5.4134, 5.27746, 0.423095, 0.0116412, 0.999281, -0.0326879
5.41354, 5.27784, 0.420609, -0.0210419, -0.999658, 0.0111003
5.411, 5.27887, 0.422725, 0.01458, 0.999461, -0.0247337
5.41289, 5.28804, 0.421419, 0.0165819, 0.99889, -0.0320306
5.41158, 5.27842, 0.421037, 0.0253214, 0.998562, -0.0430992
5.4126, 5.27706, 0.420108, 0.0126533, 0.999552, -0.0218564
5.41396, 5.27894, 0.414094, -0.0138535, -0.999173, 0.0346247
5.41344, 5.2791, 0.419452, -0.0136467, -0.99885, 0.0396558
5.41178, 5.27892, 0.420557, 0.00982068, 0.999159, -0.029651
5.41021, 5.28023, 0.424848, -0.00991311, -0.99877, 0.0439313
5.41482, 5.27935, 0.420416, 0.00993265, 0.99884, -0.0423586
5.41195, 5.2794, 0.417673, -0.0173492, -0.999017, 0.0308981
5.41144, 5.29078, 0.417753, 0.0129499, 0.99944, -0.02238
5.41446, 5.27808, 0.41803, 0.01603, 0.99944, -0.0164991
5.41273, 5.27853, 0.420963, 0.0162664, 0.998509, -0.0467801
5.41162, 5.28642, 0.421951, 0.0175452, 0.998313, -0.047439
5.41332, 5.2797, 0.421341, 0.0136029, 0.999004, -0.0324825
5.41373, 5.2892, 0.425036, 0.00612812, 0.998645, -0.0474876
5.4127, 5.27911, 0.417805, -0.0179473, -0.999332, 0.0293333
5.41284, 5.28353, 0.423601, 0.00697194, 0.999228, -0.0302549
5.4092, 5.27731, 0.420696, 0.0145967, 0.999505, -0.0265225
5.41137, 5.27745, 0.425411, 0.0142506, 0.998915, -0.0400799
5.41156, 5.27878, 0.416945, -0.0232528, -0.99895, 0.0303422
5.41246, 5.2787, 0.419756, -0.0135264, -0.999554, 0.0239589
5.41006, 5.28194, 0.424327, 0.0114642, 0.999041, -0.0353306
5.41303, 5.28095, 0.427592, -0.0156915, -0.999218, 0.0302557
5.41143, 5.27864, 0.426488, -0.0183084, -0.998698, 0.0443733
5.41187, 5.279, 0.420302, -0.0133656, -0.999351, 0.0312515
5.41276, 5.28736, 0.421749, -0.0196709, -0.999074, 0.0324427
5.41242, 5.28419, 0.419752, -0.0164187, -0.999169, 0.0329911
5.41127, 5.27832, 0.418295, 0.0154278, 0.999315, -0.0272868
5.41365, 5.28976, 0.419701, -0.0124351, -0.99898, 0.0386898
5.4133, 5.28381, 0.421069, 0.00891243, 0.99871, -0.0444352
5.41426, 5.28199, 0.411543, -0.0158137, -0.998834, 0.038142
5.41265, 5.28342, 0.422855, -0.0156893, -0.999602, 0.0181689
5.41276, 5.27938, 0.422181, -0.0130362, -0.999257, 0.0343024
5.4111, 5.27927, 0.426406, -0.0137466, -0.999298, 0.0325294
5.41262, 5.27745, 0.422532, -0.0146722, -0.999004, 0.0379248
5.41246, 5.27998, 0.416531, -0.0154352, -0.998851, 0.0388316
5.41203, 5.27738, 0.42411, 0.0161157, 0.999029, -0.0379874
5.41638, 5.28699, 0.422643, 0.00577421, 0.999078, -0.0380432
5.41339, 5.27727, 0.412496, -0.0186496, -0.999165, 0.0313575
5.41415, 5.27801, 0.417104, 0.0148945, 0.999411, -0.0270453
5.41131, 5.27718, 0.426437, 0.020356, 0.998899, -0.035014
5.4119, 5.28937, 0.423463, -0.0133251, -0.998506, 0.043874
5.41225, 5.27811, 0.420289, -0.0142472, -0.999368, 0.026569
5.41184, 5.2767, 0.423205, 0.0108336, 0.999144, -0.0362021
5.41275, 5.28415, 0.425932, -0.0111797, -0.998745, 0.0423053
5.4114, 5.27979, 0.422126, 0.0140747, 0.998573, -0.0480348
5.41336, 5.28308, 0.420933, 0.0135635, 0.999263, -0.0289332
5.41173, 5.28385, 0.422626, -0.0105839, -0.998778, 0.0434114
5.41415, 5.28176, 0.413382, -0.0150841, -0.999074, 0.0285888
5.414, 5.2864, 0.420069, 0.00763914, 0.999007, -0.0379261
5.41187, 5.27205, 0.427038, -0.012778, -0.998871, 0.0401893
5.40928, 5.28329, 0.421399, 0.0159948, 0.999456, -0.0263344
5.412, 5.27819, 0.426378, -0.0148916, -0.998828, 0.0428699
5.41251, 5.28201, 0.425328, -0.014492, -0.999012, 0.0388566
5.41536, 5.28286, 0.418167, -0.0193929, -0.998379, 0.0493331
5.41202, 5.28794, 0.42086, -0.0137887, -0.999547, 0.018449
5.41332, 5.27868, 0.418724, -0.012952, -0.999018, 0.0377579
5.4117, 5.27818, 0.425508, -0.0161323, -0.998405, 0.0494455
5.41294, 5.27852, 0.419679, -0.010708, -0.999584, 0.0236596
5.41195, 5.28506, 0.419331, -0.0200358, -0.999072, 0.0318793
5.4131, 5.28469, 0.420425, 0.00782801, 0.999425, -0.0307553
5.41204, 5.28024, 0.424153, -0.00895142, -0.999151, 0.0366261
5.41208, 5.27622, 0.425249, 0.00958044, 0.999242, -0.0346739
5.41084, 5.28062, 0.417135, -0.0191148, -0.999081, 0.0343971
5.40868, 5.27174, 0.422223, -0.0201008, -0.999348, 0.0261819
5.41258, 5.27778, 0.417419, 0.0141822, 0.99896, -0.0293113
5.4121, 5.27741, 0.421121, 0.0130961, 0.998647, -0.0473922
5.41201, 5.28301, 0.419575, -0.0125696, -0.999221, 0.0303268
5.41239, 5.28008, 0.418156, 0.0112549, 0.999115, -0.0306573
5.41298, 5.27757, 0.42404, -0.0117938, -0.999272, 0.0311291
5.41304, 5.28043, 0.419278, 0.012719, 0.999261, -0.030984
5.41081, 5.28171, 0.420916, -0.0131432, -0.999116, 0.0364519
5.41071, 5.27703, 0.423189, -0.0224889, -0.999537, 0.0160507
5.41223, 5.28854, 0.422242, 0.00852782, 0.998422, -0.0487629
5.41306, 5.28393, 0.417031, 0.00541518, 0.998257, -0.0540373
5.41314, 5.27805, 0.420093, -0.0221172, -0.998673, 0.0355562
5.41381, 5.27745, 0.420443, 0.0125779, 0.999167, -0.0347974
5.41348, 5.29274, 0.424663, -0.0145364, -0.998432, 0.0459823
5.41344, 5.27831, 0.420839, -0.0101444, -0.999249, 0.0293597
5.41047, 5.27979, 0.421669, 0.0221357, 0.998867, -0.0369055
5.41265, 5.29774, 0.418516, 0.0121167, 0.99863, -0.0463416
5.41285, 5.27637, 0.420677, -0.0146645, -0.999028, 0.0399979
5.41301, 5.28441, 0.424622, 0.00972881, 0.998522, -0.0476115
5.41149, 5.28233, 0.419771, 0.017774, 0.999496, -0.0221369
5.41068, 5.27871, 0.423827, 0.0210299, 0.998303, -0.0498825
5.41244, 5.27986, 0.417916, 0.00882896, 0.99974, -0.017615
5.41126, 5.28197, 0.426693, -0.0110306, -0.999081, 0.0342986
5.41388, 5.28626, 0.417424, 0.0160222, 0.999051, -0.0355311
5.41248, 5.28246, 0.421307, -0.0122385, -0.998925, 0.0337253
5.41267, 5.27945, 0.422001, 0.0170275, 0.999087, -0.0353212
5.41148, 5.28377, 0.427784, 0.0115325, 0.999402, -0.02997
5.41444, 5.27977, 0.419496, 0.00858632, 0.999088, -0.0372058
5.41137, 5.2838, 0.419865, 0.0129461, 0.999195, -0.0291458
5.41089, 5.28365, 0.421763, 0.023373, 0.999009, -0.0325197
5.41058, 5.27776, 0.419797, -0.0148142, -0.999174, 0.0281426
5.41209, 5.27862, 0.421966, -0.00889126, -0.999265, 0.0332524
5.41436, 5.27852, 0.418839, -0.00496808, -0.998885, 0.0407527
5.41339, 5.27693, 0.423717, -0.00903687, -0.999726, 0.0114106
5.41378, 5.27776, 0.42032, -0.00775002, -0.99946, 0.0247662
5.4159, 5.27774, 0.41751, 0.00351403, 0.998881, -0.0433489
5.41123, 5.2833, 0.419464, 0.0138815, 0.998991, -0.0380046
5.41203, 5.28373, 0.420285, -0.0151403, -0.999384, 0.0277773
5.41076, 5.27585, 0.421119, 0.014105, 0.999538, -0.0226347
5.41237, 5.29992, 0.417214, -0.0122884, -0.999393, 0.0295505
5.41436, 5.29421, 0.4247, -0.00386403, -0.998641, 0.0466242
5.41288, 5.27894, 0.423296, -0.00740772, -0.999541, 0.0281532
5.41118, 5.28011, 0.416054, 0.0201352, 0.998618, -0.0459816
5.41003, 5.27848, 0.413506, 0.0184593, 0.99907, -0.0306655
5.41148, 5.27852, 0.420846, -0.0140652, -0.998402, 0.0486678
5.41331, 5.2779, 0.414621, -0.0180261, -0.999356, 0.025519
5.41094, 5.28454, 0.423205, 0.0147138, 0.998613, -0.0464473
5.41197, 5.27814, 0.424766, -0.00781007, -0.9991, 0.0400306
5.41498, 5.27825, 0.430317, 0.0131174, 0.998968, -0.0344988
5.41244, 5.27929, 0.420111, -0.0163579, -0.998941, 0.038801
5.41493, 5.28371, 0.418404, -0.00917965, -0.998587, 0.0448175
5.41237, 5.28719, 0.417578, 0.0164488, 0.998558, -0.0434993
5.41364, 5.27788, 0.422924, 0.0115866, 0.998378, -0.0514599
5.41307, 5.27863, 0.421053, -0.0118998, -0.999465, 0.0285124
5.41144, 5.27938, 0.416822, 0.0180222, 0.999139, -0.0295032
5.41455, 5.28297, 0.418538, -0.00938297, -0.999065, 0.0373406
5.41316, 5.28001, 0.419031, 0.00942441, 0.998807, -0.0451975
5.41247, 5.27694, 0.423185, 0.0124106, 0.999364, -0.0298194
5.41393, 5.27765, 0.420847, -0.0188102, -0.999012, 0.0322078
5.41259, 5.28374, 0.420524, -0.0156675, -0.999074, 0.0362692
5.41232, 5.28351, 0.420209, 0.013306, 0.998504, -0.0453085
5.41172, 5.28117, 0.420651, -0.0130193, -0.999346, 0.0297699
5.41392, 5.28424, 0.423029, -0.00715259, -0.998624, 0.0465156
5.41201, 5.27762, 0.427934, -0.00814134, -0.998579, 0.0480236
5.41167, 5.27799, 0.425463, -0.00872865, -0.999605, 0.0231603
5.41249, 5.28068, 0.422566, -0.00632253, -0.998239, 0.0565811
5.41283, 5.2874, 0.425607, -0.0205155, -0.998305, 0.0505013
5.41276, 5.27856, 0.419992, -0.0161516, -0.998196, 0.0544979
5.41261, 5.27684, 0.425516, 0.0165711, 0.999179, -0.0246608
5.41333, 5.27894, 0.417191, -0.0213729, -0.998963, 0.0292458
5.41116, 5.27703, 0.428958, 0.0136538, 0.999398, -0.0143552
5.4121, 5.27845, 0.422903, -0.0165682, -0.998802, 0.0420812
5.41279, 5.29047, 0.41614, 0.0064422, 0.998762, -0.0457064
5.41173, 5.28685, 0.422963, 0.0121029, 0.998943, -0.035387
5.4117, 5.29071, 0.418996, 0.00450429, 0.998911, -0.038527
5.41247, 5.27684, 0.421576, -0.0153228, -0.999483, 0.0192777
5.41342, 5.27708, 0.420064, -0.0152041, -0.998894, 0.0380916
5.41134, 5.27812, 0.414899, 0.0221831, 0.99848, -0.0440299
5.41242, 5.2838, 0.42032, -0.014832, -0.998618, 0.0464955
5.41352, 5.28598, 0.415684, -0.0114709, -0.999004, 0.0361583
5.41085, 5.2761, 0.426787, -0.0101269, -0.999635, 0.0218847
5.41246, 5.2783, 0.419426, 0.00955694, 0.999199, -0.0365808
5.412, 5.27818, 0.423954, 0.00695414, 0.998975, -0.0415806
5.41678, 5.28004, 0.414193, -0.000681635, -0.998882, 0.0335895
5.41076, 5.28253, 0.423288, 0.0142932, 0.99904, -0.0314472
5.41178, 5.27817, 0.421142, 0.0132851, 0.999294, -0.0282822
5.41307, 5.28338, 0.420347, -0.0165771, -0.999097, 0.0313603
5.41366, 5.27835, 0.41431, -0.0190896, -0.999223, 0.0301371
5.41168, 5.27802, 0.417177, -0.0138733, -0.999229, 0.0287728
5.41296, 5.29014, 0.418164, -0.0108168, -0.998869, 0.0437347
5.41316, 5.28027, 0.416033, -0.0172426, -0.999077, 0.0358305
5.41302, 5.27819, 0.422105, -0.0103189, -0.99886, 0.0394612
5.41224, 5.28495, 0.421402, 0.0076272, 0.998752, -0.0436144
5.41151, 5.27762, 0.42285, 0.0121456, 0.99926, -0.0304846
5.40939, 5.28517, 0.410644, -0.0173839, -0.999169, 0.0224921
5.41308, 5.27696, 0.421685, -0.0148167, -0.999408, 0.0285135
5.41349, 5.27846, 0.417758, -0.0157901, -0.999405, 0.0283047
5.41263, 5.28228, 0.424365, -0.0138212, -0.9993, 0.0280548
5.41295, 5.27862, 0.422688, 0.00437067, 0.999584, -0.0254603
5.41172, 5.27878, 0.420161, -0.0140896, -0.999096, 0.0367165
5.4135, 5.27812, 0.421027, -0.0128083, -0.99925, 0.0331179
5.41378, 5.27821, 0.416485, 0.0123057, 0.999072, -0.0360367
5.41271, 5.27851, 0.419395, 0.0124436, 0.998952, -0.0360128
5.41194, 5.28711, 0.41883, -0.0138496, -0.998846, 0.0376715
5.41078, 5.27892, 0.422004, -0.0123274, -0.999236, 0.0349485
5.41104, 5.27777, 0.424143, -0.0184205, -0.999127, 0.0367401
5.41229, 5.28226, 0.419978, 0.0113779, 0.998941, -0.0431932
5.4126, 5.28257, 0.41989, -0.0120838, -0.99841, 0.0489044
5.41321, 5.28518, 0.418086, 0.0130505, 0.998503, -0.0449784
5.41256, 5.28341, 0.418397, -0.0149398, -0.99894, 0.0366001
5.41218, 5.2768, 0.420811, 0.0133858, 0.998961, -0.0394384
5.41269, 5.28063, 0.420466, -0.0148482, -0.999, 0.0342563
5.41164, 5.2773, 0.41716, 0.011503, 0.999082, -0.0355628
5.41175, 5.27938, 0.417637, -0.0187739, -0.999033, 0.0387712
5.4095, 5.27693, 0.423352, -0.0185142, -0.99895, 0.038093
5.41333, 5.27941, 0.415519, -0.0139386, -0.999122, 0.0355262
5.41221, 5.28789, 0.424043, -0.0105827, -0.99877, 0.0431159
5.41286, 5.27812, 0.424672, 0.015946, 0.999227, -0.0344906
5.4128, 5.2792, 0.416246, -0.0145754, -0.999375, 0.023715
5.41548, 5.28018, 0.416244, 0.00663557, 0.999514, -0.027939
5.41519, 5.2815, 0.42025, -0.00830559, -0.998866, 0.0391904
5.41406, 5.29604, 0.419791, -0.00274093, -0.998222, 0.0561039
5.41366, 5.28363, 0.421521, -0.00762866, -0.9989, 0.0432976
5.41249, 5.28031, 0.421056, 0.0139428, 0.998278, -0.053432
5.41165, 5.26985, 0.424476, 0.0170849, 0.999147, -0.0329058
5.41202, 5.2957, 0.418381, -0.0100515, -0.998791, 0.0418755
5.41205, 5.28171, 0.417856, 0.0113837, 0.999611, -0.0198923
5.41399, 5.2787, 0.41917, 0.0106048, 0.999523, -0.0244628
5.41323, 5.27916, 0.416661, -0.0179239, -0.999107, 0.0322273
5.41037, 5.27783, 0.424232, -0.0160829, -0.999313, 0.0277281
5.4154, 5.29285, 0.421664, 0.0151044, 0.998073, -0.0561114
5.41301, 5.27835, 0.421513, 0.0110311, 0.999338, -0.0303091
5.41653, 5.28408, 0.418398, -0.00328363, -0.998506, 0.0502754
5.41197, 5.28331, 0.418978, 0.0217287, 0.998495, -0.042841
5.41263, 5.27946, 0.422645, 0.0104542, 0.998655, -0.0474526
5.41437, 5.29838, 0.418216, 0.014781, 0.997939, -0.0537353
5.41378, 5.27946, 0.42089, -0.00689679, -0.999135, 0.0375043
5.41259, 5.27649, 0.427195, -0.0140927, -0.999053, 0.0385459
5.4138, 5.28438, 0.416935, 0.00818389, 0.998585, -0.0463301
5.41154, 5.28136, 0.425939, 0.0104505, 0.998963, -0.0367545
5.41333, 5.2787, 0.422018, -0.0171002, -0.999539, 0.0195283
5.41373, 5.28109, 0.41422, 0.0154086, 0.998342, -0.0480168
5.41096, 5.27796, 0.419503, -0.0160152, -0.99948, 0.0254402
5.41377, 5.28867, 0.420973, -0.022538, -0.998752, 0.0406474
5.41392, 5.27931, 0.420235, 0.010596, 0.998595, -0.0431618
5.41183, 5.2786, 0.428046, -0.011146, -0.999334, 0.0308908
5.41156, 5.2889, 0.423138, 0.0189683, 0.998108, -0.0513113
5.41288, 5.27175, 0.423855, 0.016482, 0.999348, -0.0259992
5.4116, 5.28058, 0.420967, -0.0174795, -0.999116, 0.0352564
5.41219, 5.28385, 0.422306, -0.0169967, -0.998785, 0.0384727
5.41263, 5.28269, 0.419102, -0.0141346, -0.998882, 0.0404995
5.41281, 5.28506, 0.417608, 0.00761489, 0.998842, -0.0454741
5.41298, 5.28262, 0.420927, -0.0159078, -0.99929, 0.0308092
5.41365, 5.27814, 0.418769, -0.0167994, -0.999367, 0.0250628
5.41226, 5.2785, 0.422001, 0.0155699, 0.99892, -0.036604
5.41017, 5.28512, 0.420531, 0.0137847, 0.999245, -0.0320165
5.41246, 5.27899, 0.419437, 0.0130451, 0.999066, -0.0339041
5.41181, 5.288, 0.41346, 0.0139913, 0.999408, -0.0289253
5.41205, 5.27725, 0.419259, -0.00847746, -0.999741, 0.0168929
5.41168, 5.27843, 0.42325, 0.0168994, 0.998881, -0.0403643
5.41316, 5.28016, 0.418093, -0.00854161, -0.999227, 0.0310631
5.41332, 5.27506, 0.426259, -0.0115128, -0.998998, 0.0316999
5.413, 5.27931, 0.421475, -0.0118851, -0.998546, 0.0404324
5.41218, 5.27664, 0.418084, 0.0165711, 0.998643, -0.0434837
5.4118, 5.27916, 0.417967, 0.0124273, 0.999387, -0.0308631
5.41236, 5.27733, 0.420185, -0.0145802, -0.998866, 0.0390264
5.41204, 5.27902, 0.417232, -0.0207902, -0.999154, 0.0305731
5.41213, 5.27891, 0.41842, 0.00830324, 0.998958, -0.0429886
5.40922, 5.27887, 0.421759, 0.0218248, 0.998955, -0.030316
5.41372, 5.28225, 0.423385, 0.00644528, 0.998972, -0.0362873
5.41146, 5.2803, 0.423352, -0.0143892, -0.999189, 0.0344699
5.41383, 5.28007, 0.417956, 0.0159912, 0.999074, -0.0379029
5.41544, 5.27952, 0.417796, -0.00758113, -0.998975, 0.0393522
5.41598, 5.27919, 0.417633, -0.00398904, -0.999216, 0.0318677
5.41361, 5.27783, 0.418653, 0.0154267, 0.999083, -0.0365938
5.41078, 5.27761, 0.426571, -0.0113208, -0.999276, 0.0333534
5.41272, 5.27548, 0.424377, 0.0111473, 0.999236, -0.034917
5.41202, 5.28009, 0.425089, 0.0154094, 0.998413, -0.0511192
5.41343, 5.27796, 0.418782, 0.0174047, 0.999377, -0.0226719
5.41274, 5.28231, 0.418994, 0.0140434, 0.999063, -0.0309063
5.41359, 5.28047, 0.423286, 0.0132593, 0.998755, -0.0454417
5.41399, 5.28075, 0.416643, -0.014612, -0.999086, 0.038367
5.41074, 5.2848, 0.416194, 0.0230657, 0.99896, -0.0334188
5.4115, 5.27753, 0.424833, 0.0130133, 0.999189, -0.0356337
5.41454, 5.27883, 0.421363, -0.00559733, -0.999441, 0.0293576
5.41131, 5.27803, 0.420933, 0.010512, 0.999205, -0.0356941
5.41173, 5.2796, 0.417331, 0.0111362, 0.99917, -0.0257586
5.41143, 5.28021, 0.414539, 0.0177005, 0.999131, -0.030229
5.41301, 5.27896, 0.42348, -0.0140871, -0.999143, 0.0356365
5.4099, 5.28825, 0.426519, -0.0145341, -0.998681, 0.0438863
5.41036, 5.27991, 0.425746, 0.0146396, 0.999058, -0.0376148
5.41316, 5.27882, 0.422009, -0.00822271, -0.998984, 0.0381375
5.41227, 5.28548, 0.416972, 0.0103029, 0.998742, -0.0449516
5.41507, 5.2793, 0.425682, -0.0119731, -0.998775, 0.0413079
5.41368, 5.28287, 0.421068, 0.0105363, 0.999257, -0.0317169
5.41136, 5.28339, 0.422195, -0.0104715, -0.999418, 0.0246296
5.41264, 5.27765, 0.423507, -0.0161136, -0.999068, 0.0365385
5.41434, 5.28057, 0.419939, -0.015187, -0.999348, 0.0292439
5.41373, 5.27806, 0.414003, 0.0157429, 0.999222, -0.02321
5.41215, 5.27791, 0.423972, -0.00951569, -0.999001, 0.038046
5.41231, 5.28787, 0.42132, -0.0182723, -0.998782, 0.0413189
5.41387, 5.27996, 0.416873, 0.0175424, 0.998303, -0.0473661
5.41371, 5.27832, 0.419964, 0.00883616, 0.999397, -0.0285606
5.41266, 5.28136, 0.421055, 0.0134578, 0.999267, -0.0321341
5.40971, 5.2778, 0.424528, -0.017227, -0.998829, 0.0410099
5.41376, 5.27852, 0.421491, -0.011061, -0.998888, 0.0431652
5.41237, 5.27678, 0.418511, 0.0156785, 0.999391, -0.0182
5.41417, 5.2745, 0.418794, 0.0116305, 0.99867, -0.0362117
5.41352, 5.28344, 0.421449, -0.0171916, -0.998473, 0.0449964
5.41286, 5.27732, 0.41717, 0.0128316, 0.999491, -0.027191
5.4128, 5.27845, 0.424928, -0.0117038, -0.99954, 0.0264654
5.41107, 5.27624, 0.4177, -0.0145111, -0.999651, 0.019827
5.41344, 5.28417, 0.416616, 0.0120433, 0.998553, -0.049393
5.41271, 5.27808, 0.414594, 0.013107, 0.999266, -0.0309383
5.41402, 5.27996, 0.415154, 0.0187793, 0.999094, -0.0219001
5.41289, 5.28903, 0.42218, 0.00902154, 0.998993, -0.0381715
5.4153, 5.28564, 0.421782, -0.00894786, -0.999244, 0.0344515
5.41425, 5.28036, 0.416526, 0.0117442, 0.999251, -0.0295703
5.41248, 5.28069, 0.420585, 0.00847387, 0.998904, -0.0406729
5.41209, 5.27887, 0.419855, -0.0148885, -0.99885, 0.0407854
5.41248, 5.28276, 0.425116, -0.0162091, -0.998327, 0.0461895
5.41195, 5.27462, 0.422441, 0.0209949, 0.999066, -0.0262759
5.41404, 5.27864, 0.420019, 0.011179, 0.999135, -0.0375178
5.41228, 5.27824, 0.421993, -0.0166219, -0.998792, 0.0406031
5.41321, 5.27987, 0.420745, -0.00632757, -0.998784, 0.0416802
5.41251, 5.27943, 0.416341, 0.00947687, 0.999065, -0.032676
5.41142, 5.2843, 0.415804, 0.0104921, 0.998467, -0.0460139
5.41172, 5.27742, 0.418794, -0.0133126, -0.999007, 0.0386755
5.41397, 5.28379, 0.422953, -0.00450479, -0.998237, 0.0557201
5.41105, 5.27881, 0.418926, 0.0145332, 0.998229, -0.0520929
5.41349, 5.27876, 0.424652, 0.00822065, 0.999347, -0.0336218
5.41407, 5.27786, 0.417591, 0.0142548, 0.999644, -0.0187996
5.41549, 5.28494, 0.420088, -0.00428576, -0.998884, 0.0404091
5.41354, 5.27986, 0.416542, -0.00185228, 0.99875, -0.0410685
5.4137, 5.28779, 0.42126, -0.00721265, -0.999026, 0.0422416
5.41243, 5.27329, 0.418452, -0.0139331, -0.998946, 0.0411686
5.41168, 5.27935, 0.416498, 0.0143047, 0.999381, -0.0255216
5.41262, 5.27873, 0.418236, -0.0146921, -0.99876, 0.0449299
5.41083, 5.27781, 0.42456, 0.0173441, 0.998923, -0.0410069
5.4129, 5.28169, 0.427441, -0.0121703, -0.998385, 0.0515047
5.41261, 5.27683, 0.424458, 0.0113447, 0.999257, -0.0342286
5.41302, 5.27913, 0.422255, 0.00999364, 0.998997, -0.0357614
5.41206, 5.28514, 0.422184, 0.0193715, 0.998412, -0.0455904
5.41226, 5.27729, 0.422701, 0.0131783, 0.999443, -0.0262318
5.41296, 5.2787, 0.417447, 0.00915942, 0.998804, -0.0431605
5.41308, 5.28349, 0.4133, -0.0126737, -0.99872, 0.0435804
5.4116, 5.27811, 0.419434, 0.0146474, 0.999089, -0.0307626
5.41222, 5.27725, 0.422568, -0.012068, -0.998762, 0.0443418
5.4124, 5.28013, 0.421245, 0.0121029, 0.999432, -0.0280157
5.41057, 5.28042, 0.423437, 0.0114859, 0.99856, -0.0492188
5.41382, 5.27954, 0.420505, -0.0167576, -0.998983, 0.0348658
5.41709, 5.28337, 0.417798, 0.00828722, 0.998772, -0.0468881
5.41311, 5.28398, 0.418217, 0.0157022, 0.998519, -0.0469815
5.4133, 5.29041, 0.419285, -0.00982952, -0.998678, 0.0447367
5.41232, 5.27933, 0.421312, -0.0163089, -0.999513, 0.0173618
5.41445, 5.27782, 0.41469, 0.00960885, 0.998919, -0.0398477
5.4108, 5.27815, 0.42296, -0.0100324, -0.999646, 0.020751
5.41334, 5.27845, 0.422007, 0.012763, 0.998588, -0.046707
5.41253, 5.27691, 0.419252, 0.0111981, 0.999609, -0.0198762
5.41116, 5.27999, 0.422802, 0.0212269, 0.99895, -0.0332229
5.41113, 5.27864, 0.422518, 0.0139266, 0.999188, -0.0312397
5.41531, 5.27763, 0.422523, -0.0154261, -0.999071, 0.031297
5.41305, 5.28211, 0.422085, 0.0134922, 0.999204, -0.028124
5.41317, 5.28031, 0.41634, -0.00726105, -0.999392, 0.0156061
5.41226, 5.28283, 0.422384, 0.0182239, 0.998772, -0.0394655
5.41085, 5.28, 0.417961, 0.0168675, 0.999689, -0.0151095
5.41219, 5.28899, 0.416434, -0.00530097, -0.998497, 0.0451371
5.41286, 5.27651, 0.423787, 0.00742273, 0.999469, -0.0275858
5.41509, 5.27885, 0.417071, -0.01357, -0.999205, 0.0294422
5.40971, 5.28383, 0.421815, 0.0140554, 0.999252, -0.0307219
5.41219, 5.27664, 0.424172, -0.0120363, -0.998944, 0.0407127
5.41095, 5.27771, 0.415696, 0.0183142, 0.99889, -0.0339256
5.41271, 5.27772, 0.417741, -0.0187669, -0.99937, 0.0248671
5.41381, 5.27508, 0.42222, 0.0163482, 0.999015, -0.035238
5.41249, 5.27672, 0.418921, -0.0174814, -0.999143, 0.0245109
5.41287, 5.27783, 0.419547, 0.0191335, 0.998651, -0.045615
5.41245, 5.2784, 0.415899, -0.0158193, -0.99923, 0.0317633
5.41315, 5.28013, 0.41812, -0.0115025, -0.998855, 0.0427796
5.40986, 5.27885, 0.423245, 0.0219286, 0.998535, -0.0429704
5.41177, 5.28896, 0.418618, -0.0185685, -0.998913, 0.0403299
5.41272, 5.28098, 0.42134, -0.0163055, -0.998388, 0.0514723
5.41375, 5.28636, 0.417804, -0.00395182, -0.999235, 0.0360094
5.41196, 5.27785, 0.427321, 0.0136399, 0.999329, -0.0324357
5.41118, 5.2792, 0.419741, 0.0169209, 0.999249, -0.0285657
5.41363, 5.29103, 0.421987, 0.00716214, 0.998226, -0.0531108
5.4138, 5.27671, 0.421929, 0.0175619, 0.998983, -0.0356089
5.41118, 5.27801, 0.419901, -0.0127012, -0.999508, 0.0234156
5.41354, 5.28197, 0.414537, -0.0054435, -0.99872, 0.0456762
5.41211, 5.27908, 0.422604, -0.00691024, -0.999377, 0.0279085
5.41388, 5.27775, 0.422179, -0.0161674, -0.999514, 0.020709
5.41299, 5.27112, 0.42194, -0.00981138, -0.999, 0.0361535
5.41201, 5.27901, 0.421477, 0.0121511, 0.999195, -0.0361442
5.41387, 5.2846, 0.411795, -0.0204001, -0.998611, 0.0439492
5.4146, 5.281, 0.416756, 0.0109573, 0.998665, -0.0482654
5.41415, 5.2778, 0.420827, 0.00716066, 0.999193, -0.0359175
5.4123, 5.27905, 0.420468, 0.0172571, 0.999003, -0.0402862
5.41581, 5.28834, 0.418987, 0.00314363, 0.998505, -0.0480235
5.4122, 5.2767, 0.423921, 0.0178892, 0.999114, -0.0350631
5.41322, 5.2775, 0.418751, 0.0120332, 0.998843, -0.0419642
5.41048, 5.27737, 0.424143, -0.0160536, -0.999165, 0.0331069
5.41597, 5.29194, 0.417056, -0.0023009, -0.998767, 0.0439111
5.41608, 5.28428, 0.41704, -0.00130364, 0.999105, -0.0401938
5.41374, 5.28042, 0.4149, -0.00545183, -0.99873, 0.0461722
5.41331, 5.27934, 0.413631, -0.0100929, -0.999676, 0.02162
5.41326, 5.27999, 0.422209, -0.00798441, -0.999004, 0.0422916
5.41578, 5.27886, 0.41834, 0.00631102, 0.998767, -0.045724
5.41181, 5.27808, 0.426764, -0.0134251, -0.998847, 0.0420405
5.41097, 5.27712, 0.420076, 0.019282, 0.998667, -0.0416125
5.41206, 5.28311, 0.420414, -0.0115213, -0.999542, 0.0238475
5.41204, 5.27856, 0.423677, -0.026348, -0.998051, 0.0505572
5.4124, 5.2829, 0.416229, -0.0142199, -0.999559, 0.0184078
5.41542, 5.28738, 0.418802, -0.0102597, -0.998881, 0.0404198
5.41137, 5.27578, 0.423307, 0.0125821, 0.999303, -0.029314
5.4124, 5.27762, 0.420596, -0.0151069, -0.999014, 0.0388563
5.41178, 5.28882, 0.41996, -0.0182081, -0.998576, 0.0463879
5.41336, 5.28474, 0.416286, 5.86414e-06, 0.99868, -0.0428707
5.41176, 5.27838, 0.421679, -0.0115237, -0.999244, 0.0334985
5.41448, 5.2764, 0.421406, 0.00870769, 0.999045, -0.0397154
5.41079, 5.2788, 0.425296, -0.019001, -0.999423, 0.0257013
5.41345, 5.27752, 0.416669, -0.0188844, -0.999177, 0.0301071
5.41387, 5.278, 0.418519, 0.00812314, 0.999311, -0.0314167
5.41336, 5.28381, 0.418538, 0.0046736, 0.99894, -0.0383744
5.41304, 5.28816, 0.41703, 0.0142918, 0.997819, -0.0491764
5.412, 5.27995, 0.419455, 0.0193877, 0.999146, -0.0340381
5.41338, 5.27837, 0.424139, 0.0168443, 0.999377, -0.027825
5.41122, 5.28603, 0.421093, -0.0080981, -0.998696, 0.046658
5.41245, 5.27819, 0.424558, 0.0162323, 0.998473, -0.0509713
5.41352, 5.28062, 0.416072, -0.013771, -0.999286, 0.0298659
5.41117, 5.28026, 0.42247, 0.011309, 0.999521, -0.0255549
5.4138, 5.27733, 0.420462, 0.0117665, 0.999017, -0.040246
5.41582, 5.28134, 0.423706, 0.00615103, 0.998687, -0.0444467
5.41154, 5.278, 0.422238, 0.017322, 0.998957, -0.0323611
5.41292, 5.2849, 0.41714, -0.0176757, -0.998938, 0.037066
5.41399, 5.28512, 0.419696, -0.00669967, -0.998513, 0.0481832
5.41204, 5.27699, 0.42694, -0.0145693, -0.998873, 0.0387352
5.41558, 5.28516, 0.418385, 0.0096165, 0.998457, -0.0507622
5.41333, 5.27854, 0.422571, 0.00443948, 0.99923, -0.0338313
5.41301, 5.27923, 0.422355, 0.017344, 0.998823, -0.0373916
5.41233, 5.27903, 0.420659, -0.00927649, -0.999408, 0.0319269
5.41311, 5.28775, 0.426257, -0.0134541, -0.999445, 0.0268427
5.41491, 5.2809, 0.415977, -0.0198267, -0.999019, 0.0335824
5.41258, 5.28252, 0.417822, -0.0179022, -0.999216, 0.0310084
5.41181, 5.27517, 0.42752, -0.0078526, -0.998598, 0.0482696
5.40968, 5.2796, 0.422918, -0.0219979, -0.998582, 0.0401071
5.41299, 5.28625, 0.416332, 0.0133973, 0.998834, -0.0358997
5.4136, 5.27795, 0.420345, -0.0111231, -0.999467, 0.0259458
5.41221, 5.27925, 0.419624, 0.0130324, 0.998965, -0.0401065
5.41295, 5.27876, 0.418336, 0.00426891, 0.998958, -0.0410936
5.41473, 5.28768, 0.420798, 0.00105361, 0.998232, -0.0384589
5.41588, 5.27759, 0.420508, -0.00875028, -0.999652, 0.0210795
5.41234, 5.27794, 0.420032, 0.0128295, 0.999513, -0.0249094
5.41289, 5.28362, 0.418472, 0.0157223, 0.999043, -0.0320423
5.41288, 5.28346, 0.419991, -0.0175047, -0.998887, 0.0417161
5.41148, 5.28187, 0.428751, 0.014584, 0.99885, -0.0420152
5.4129, 5.27556, 0.426021, -0.0174602, -0.999382, 0.0285529
5.4131, 5.27892, 0.418233, -0.00917796, -0.999433, 0.0280785
5.41014, 5.27943, 0.421025, -0.0227022, -0.998543, 0.0395649
5.41347, 5.27736, 0.420321, 0.0167969, 0.999204, -0.0301582
5.41245, 5.27906, 0.421219, 0.0110226, 0.998584, -0.0470761
5.41141, 5.27995, 0.418465, -0.0166723, -0.998458, 0.0450173
5.41296, 5.27879, 0.421424, 0.00773046, 0.999333, -0.0336149
5.41239, 5.28902, 0.423007, 0.0151438, 0.998806, -0.0427418
5.41166, 5.27835, 0.422621, -0.0104265, -0.999136, 0.0314643
5.4112, 5.27693, 0.417659, -0.0133191, -0.99921, 0.0321617
5.41437, 5.28854, 0.423419, -0.00797791, -0.999151, 0.029303
5.41351, 5.27853, 0.419733, 0.0136741, 0.998871, -0.0435901
5.41386, 5.27938, 0.421482, 0.0112706, 0.999177, -0.0337024
5.41298, 5.27861, 0.422013, -0.00749381, -0.999176, 0.0383283
5.41481, 5.28358, 0.42388, 0.0131118, 0.999541, -0.0237849
5.41215, 5.29472, 0.418192, 0.011108, 0.999028, -0.0373981
5.41225, 5.28291, 0.424415, -0.0144841, -0.999352, 0.0277784
5.4122, 5.27995, 0.420391, -0.0176194, -0.999175, 0.031559
5.41067, 5.2779, 0.41485, 0.0146262, 0.999298, -0.0293884
5.41191, 5.27809, 0.42108, -0.0143787, -0.998857, 0.0410865
5.41489, 5.28889, 0.418438, 0.0112553, 0.998646, -0.0473334
5.41126, 5.27829, 0.419988, 0.0115471, 0.999192, -0.0325553
5.41249, 5.27826, 0.421681, 0.0116734, 0.999427, -0.02639
5.41146, 5.27988, 0.420096, -0.0108168, -0.999123, 0.0348127
5.41425, 5.2783, 0.422649, -0.00699812, -0.998927, 0.0379024
5.41124, 5.27838, 0.422952, 0.0131597, 0.998956, -0.04066
5.41164, 5.28449, 0.417001, 0.0103926, 0.999046, -0.0372817
5.41466, 5.28521, 0.42148, -0.00457292, -0.998942, 0.0446962
5.41108, 5.27565, 0.422682, 0.0134624, 0.999051, -0.0344922
5.41504, 5.28066, 0.416014, 0.00771129, 0.998367, -0.050515
5.41131, 5.27859, 0.412649, 0.0202269, 0.999322, -0.0260384
5.41226, 5.27622, 0.422991, -0.013648, -0.999471, 0.0262874
5.41271, 5.27682, 0.416283, 0.0157231, 0.998609, -0.0451014
5.41217, 5.27743, 0.423152, 0.0154919, 0.999142, -0.0325056
5.41284, 5.27841, 0.417462, 0.0136131, 0.999098, -0.0372798
5.41159, 5.27833, 0.423006, 0.0114202, 0.99934, -0.0302933
5.41268, 5.27899, 0.424849, -0.0156083, -0.998763, 0.0394117
5.41403, 5.28047, 0.415219, -0.0165434, -0.998645, 0.0426959
5.41221, 5.27807, 0.420937, 0.0121761, 0.999612, -0.0202409
5.41434, 5.28122, 0.415846, -0.0141006, -0.998391, 0.0456158
5.41216, 5.27979, 0.419714, 0.017093, 0.998772, -0.0358588
5.41207, 5.27703, 0.418134, 0.0149891, 0.998677, -0.0469199
5.41151, 5.27724, 0.427907, -0.0166845, -0.998915, 0.0407995
5.41214, 5.28375, 0.422328, -0.0149468, -0.998609, 0.0453914
5.41385, 5.28598, 0.418657, 0.00783794, 0.998171, -0.0561878
5.41299, 5.27806, 0.420315, 0.0119635, 0.998672, -0.042579
5.41328, 5.28483, 0.419925, -0.00739099, -0.99943, 0.0290698
5.41218, 5.27753, 0.422814, 0.0148051, 0.998715, -0.0411182
5.41219, 5.27895, 0.422908, 0.0223594, 0.998266, -0.0508118
5.41161, 5.28268, 0.42116, 0.00883783, 0.999493, -0.0253304
5.41296, 5.28001, 0.416701, -0.0161248, -0.999229, 0.0286024
5.41197, 5.28574, 0.418536, 0.0120153, 0.99916, -0.0357485
5.41414, 5.2803, 0.421857, -0.0153951, -0.999037, 0.0342953
5.41367, 5.29002, 0.422335, 0.0111593, 0.998818, -0.0433122
5.41281, 5.2821, 0.421696, 0.0159912, 0.999171, -0.0293686
5.4116, 5.27697, 0.41921, 0.0159788, 0.998781, -0.0373266
5.41227, 5.2884, 0.420165, 0.0172967, 0.998691, -0.0386218
5.41296, 5.27718, 0.422593, 0.00864756, 0.99912, -0.0362938
5.41512, 5.28903, 0.419371, -0.00086707, 0.998603, -0.0447116
5.41241, 5.27771, 0.419616, -0.0182868, -0.999205, 0.0316726
5.41078, 5.28347, 0.418283, -0.0185055, -0.999615, 0.0184349
5.41325, 5.29839, 0.41757, -0.0142919, -0.998414, 0.0444051
5.41345, 5.27795, 0.419119, 0.0131397, 0.999281, -0.0322563
5.41337, 5.27832, 0.413974, -0.0176907, -0.99936, 0.0220438
5.41312, 5.27792, 0.416313, 0.0140195, 0.999246, -0.0319734
5.41123, 5.28551, 0.420078, -0.014518, -0.999269, 0.0269394
5.41367, 5.2818, 0.422975, 0.0143687, 0.999029, -0.0368869
5.40974, 5.28125, 0.418482, 0.0219229, 0.998889, -0.0356039
5.41261, 5.2783, 0.415334, 0.0199554, 0.998704, -0.0406929
5.41167, 5.28766, 0.420142, -0.0168156, -0.998198, 0.0467545
5.41314, 5.27702, 0.42204, 0.0155275, 0.999427, -0.0194912
5.41332, 5.27878, 0.419315, -0.0147506, -0.998894, 0.0366213
5.4144, 5.27983, 0.420225, 0.00882855, 0.998914, -0.0442081
5.41165, 5.27843, 0.41923, 0.0146974, 0.998945, -0.0374482
5.41266, 5.27987, 0.42141, 0.0132137, 0.998553, -0.0476022
5.41625, 5.27901, 0.416709, -0.00199635, -0.999275, 0.0333729
5.41292, 5.27518, 0.422858, -0.0229987, -0.998001, 0.0548715
5.41243, 5.28417, 0.424429, -0.0170376, -0.998057, 0.0558272
5.41228, 5.28151, 0.419579, -0.0167325, -0.998506, 0.0446131
5.41135, 5.27742, 0.423621, 0.0100847, 0.999285, -0.026762
5.41067, 5.27881, 0.421498, 0.018087, 0.999005, -0.0294864
5.41272, 5.28021, 0.421498, 0.0171209, 0.998998, -0.0368661
5.41173, 5.28384, 0.415539, -0.0174037, -0.998572, 0.0428724
5.41142, 5.28036, 0.415188, -0.0170947, -0.998554, 0.0452862
5.41414, 5.29019, 0.419246, -0.0163111, -0.998382, 0.0435588
5.41242, 5.27766, 0.422064, 0.0188064, 0.99903, -0.0278402
5.4125, 5.28276, 0.420548, 0.0131009, 0.998937, -0.0390944
5.41435, 5.27894, 0.420101, -0.0141339, -0.998446, 0.0514208
5.41166, 5.28142, 0.419632, -0.0128437, -0.999139, 0.034504
5.4142, 5.27713, 0.418648, 0.0108719, 0.999316, -0.0284321
5.41295, 5.27906, 0.415024, 0.0112314, 0.999356, -0.0239166
5.41205, 5.2786, 0.417871, 0.0208291, 0.999259, -0.0270204
5.41062, 5.2875, 0.422663, 0.012443, 0.999076, -0.0316446
5.41292, 5.2858, 0.419998, -0.0115201, -0.998934, 0.0414067
5.41242, 5.27853, 0.420361, -0.0146111, -0.999264, 0.0285587
5.41418, 5.27904, 0.416226, 0.0090719, 0.998741, -0.0470966
5.41252, 5.28327, 0.41802, 0.0168428, 0.999232, -0.0294212
5.41423, 5.28748, 0.416625, 0.0123651, 0.999126, -0.0296612
5.41537, 5.28003, 0.416934, -0.0019941, -0.99933, 0.0318249
5.41219, 5.28154, 0.421374, 0.0155012, 0.999364, -0.0300449
5.41413, 5.27716, 0.422075, 0.0223362, 0.999049, -0.0276344
5.41231, 5.27952, 0.419642, 0.0108927, 0.999657, -0.0177315
5.41356, 5.27825, 0.419795, 0.0241926, 0.998713, -0.040218
5.41114, 5.27929, 0.417383, 0.0157722, 0.999186, -0.0341196
5.41147, 5.28032, 0.422062, 0.0100494, 0.999372, -0.0312094
5.41514, 5.28234, 0.417617, 0.011401, 0.999538, -0.0250575
5.41381, 5.2842, 0.417674, -0.00387217, -0.998583, 0.0484961
5.41344, 5.2784, 0.41639, 0.0176755, 0.99956, -0.0204362
5.41278, 5.28382, 0.4245, -0.0192131, -0.998512, 0.0419431
5.41389, 5.27942, 0.416167, 0.0155848, 0.99844, -0.0508138
5.41333, 5.27869, 0.424361, 0.013313, 0.999083, -0.0298745
5.41174, 5.27898, 0.418729, 0.0140398, 0.999567, -0.0152685
5.41621, 5.28567, 0.413904, 0.00345044, 0.997378, -0.0622487
5.41199, 5.27857, 0.419477, 0.0176167, 0.998866, -0.0400379
5.41436, 5.27912, 0.420557, -0.0167186, -0.998309, 0.0520845
5.41144, 5.27916, 0.420081, 0.0209645, 0.998529, -0.0445797
5.40916, 5.27943, 0.419367, 0.0194963, 0.999025, -0.0285143
5.41299, 5.28012, 0.419269, -0.00944, -0.999548, 0.0247442
5.41421, 5.2808, 0.417965, 0.0151757, 0.999264, -0.0316087
5.41043, 5.2793, 0.432489, 0.014338, 0.998316, -0.0521188
5.41359, 5.2779, 0.420313, 0.00668547, 0.999333, -0.0333086
5.41223, 5.27908, 0.42606, -0.0127917, -0.998996, 0.0355912
5.41317, 5.2803, 0.419985, 0.0134055, 0.998963, -0.0364508
5.41203, 5.27783, 0.419122, 0.0242953, 0.998753, -0.0381059
5.41486, 5.27869, 0.416772, -0.00486399, -0.999275, 0.0352956
5.41148, 5.28357, 0.417199, -0.0128777, -0.998908, 0.0388193
5.41097, 5.27762, 0.419338, 0.0156279, 0.999105, -0.0318758
5.41476, 5.28327, 0.425993, -0.00963188, -0.998805, 0.0415429
5.41215, 5.28014, 0.418834, 0.0161499, 0.998797, -0.0398045
5.41135, 5.27929, 0.421409, 0.013643, 0.999237, -0.0334115
5.41362, 5.27861, 0.417755, 0.0101567, 0.999024, -0.0372697
5.41091, 5.28509, 0.418845, -0.0195606, -0.999214, 0.0311391
5.41456, 5.27945, 0.416801, -0.0257554, -0.998724, 0.0365522
5.41374, 5.2793, 0.417389, 0.0153743, 0.998962, -0.0366747
5.41087, 5.27844, 0.425782, 0.0111836, 0.999361, -0.0289928
5.41535, 5.29066, 0.422511, 0.00159681, 0.999036, -0.0401526
5.41224, 5.27615, 0.424972, 0.0122019, 0.999296, -0.0317338
5.41204, 5.28134, 0.426354, 0.00853418, 0.999111, -0.0337562
5.41267, 5.28541, 0.417593, 0.0162408, 0.998838, -0.0397507
5.41194, 5.27828, 0.41583, 0.0133254, 0.999184, -0.0346146
5.41314, 5.28433, 0.42089, 0.0136956, 0.999111, -0.0337425
5.41225, 5.27464, 0.423304, -0.0107427, -0.999614, 0.0188857
5.41178, 5.2804, 0.421809, -0.0174641, -0.999169, 0.0315657
5.41223, 5.28006, 0.414341, 0.0156306, 0.99852, -0.0476035
5.41115, 5.27916, 0.420296, 0.00817023, 0.999333, -0.029856
5.41235, 5.26625, 0.419297, 0.00855391, 0.99899, -0.022495
5.41427, 5.29141, 0.420388, 0.0212147, 0.997868, -0.0591546
5.41333, 5.2844, 0.422012, -0.00934592, -0.998814, 0.0452823
5.41019, 5.27801, 0.423672, 0.0193688, 0.99909, -0.0341078
5.41339, 5.27886, 0.41383, 0.0212807, 0.999119, -0.0304066
5.41183, 5.27796, 0.420415, -0.0169367, -0.998666, 0.0433987
5.41394, 5.27221, 0.423929, -0.0113241, -0.999234, 0.0239448
5.41494, 5.27789, 0.413678, 0.00825489, 0.999055, -0.032881
5.41141, 5.27323, 0.424987, 0.0120541, 0.999309, -0.0291208
5.41386, 5.27957, 0.413067, 0.0179963, 0.998633, -0.0452432
5.41302, 5.27785, 0.420675, -0.0151606, -0.998987, 0.0370236
5.41562, 5.27778, 0.423118, -0.0108949, -0.999305, 0.031692
5.41507, 5.2853, 0.418921, 0.0146128, 0.998725, -0.0455744
5.4128, 5.28076, 0.423685, 0.0085531, 0.998794, -0.0404397
5.41499, 5.27792, 0.416536, 0.0185806, 0.999544, -0.0166833
5.41377, 5.28512, 0.42434, -0.0156121, -0.998392, 0.0509552
5.41303, 5.29038, 0.422599, 0.00492166, 0.99753, -0.0633411
5.41249, 5.27746, 0.422351, 0.0181027, 0.99851, -0.0450123
5.41292, 5.28246, 0.421552, -0.0173719, -0.998528, 0.0442651
5.41185, 5.27889, 0.41691, 0.0167387, 0.999034, -0.0349752
5.41409, 5.27702, 0.420402, -0.0135032, -0.999369, 0.02779
5.41122, 5.28322, 0.426837, 0.00980493, 0.999023, -0.0399786
5.41125, 5.28443, 0.422968, 0.0109143, 0.998573, -0.0444633
5.41438, 5.28537, 0.412965, -0.0199279, -0.99832, 0.0468816
5.41283, 5.27847, 0.422119, 0.0109762, 0.998593, -0.0469395
5.41126, 5.28255, 0.424124, 0.0176005, 0.998591, -0.0469433
5.41277, 5.27896, 0.419701, -0.0152833, -0.999286, 0.031385
5.41312, 5.27804, 0.415158, -0.00894047, -0.998527, 0.0505696
5.41274, 5.28064, 0.423592, -0.00630977, -0.998684, 0.049149
5.41279, 5.27818, 0.419305, 0.0125359, 0.998333, -0.052754
5.41079, 5.28268, 0.421925, -0.0252837, -0.998181, 0.0492311
5.41159, 5.27681, 0.42239, 0.0194913, 0.999336, -0.0222983
5.41036, 5.27753, 0.427874, -0.0140912, -0.999056, 0.0367529
5.41033, 5.27756, 0.427837, -0.0137986, -0.998809, 0.044146
5.41525, 5.28909, 0.418371, -0.00564025, -0.999018, 0.0405787
5.41179, 5.28497, 0.417071, -0.0117686, -0.99855, 0.0463958
5.41154, 5.28263, 0.417177, -0.011848, -0.999552, 0.0239078
5.41147, 5.27845, 0.416423, 0.0117571, 0.999634, -0.0194564
5.41262, 5.28229, 0.424843, 0.0151047, 0.999445, -0.0212725
5.41069, 5.2793, 0.425052, -0.011024, -0.998522, 0.0486575
5.41377, 5.27825, 0.412538, 0.0137749, 0.999268, -0.0332648
5.41338, 5.27903, 0.418747, -0.00646062, -0.998968, 0.042268
5.41284, 5.27917, 0.418265, -0.0114997, -0.998859, 0.0413594
5.41328, 5.27812, 0.425883, 0.00780779, 0.998517, -0.0495494
5.41323, 5.27921, 0.422185, 0.0133831, 0.998313, -0.0535495
5.41173, 5.27873, 0.420345, 0.0107695, 0.999167, -0.0333237
5.41051, 5.2793, 0.425664, -0.0148242, -0.999194, 0.0292544
5.41066, 5.27812, 0.422989, -0.013827, -0.998806, 0.032136
5.41641, 5.28201, 0.416148, -0.0120034, -0.999232, 0.0308901
5.41276, 5.27709, 0.420506, 0.00644845, 0.99919, -0.0294599
5.41159, 5.27934, 0.422904, 0.0173915, 0.999178, -0.0308901
5.41336, 5.27826, 0.419855, 0.0119791, 0.999628, -0.0195453
5.41237, 5.28385, 0.420503, -0.00668377, -0.99933, 0.0325344
5.412, 5.28914, 0.417751, -0.0125031, -0.998869, 0.0403795
5.41269, 5.27999, 0.419317, 0.010239, 0.999181, -0.0355551
5.41209, 5.27673, 0.42572, -0.0174468, -0.999076, 0.0340959
5.40971, 5.27895, 0.426827, -0.0149671, -0.998594, 0.0462457
5.41479, 5.29266, 0.42066, 0.0101947, 0.999047, -0.037002
5.41554, 5.28465, 0.426362, -0.00976511, -0.998595, 0.0484597
5.41144, 5.27836, 0.420573, -0.010346, -0.998808, 0.039203
5.41138, 5.29356, 0.424897, 0.0118555, 0.998907, -0.0373781
5.41326, 5.29543, 0.42171, -0.020116, -0.998431, 0.0476242
5.41201, 5.27862, 0.419028, -0.0173601, -0.999238, 0.0292809
5.41228, 5.27811, 0.425152, -0.00905783, -0.99883, 0.0448978
5.4154, 5.2802, 0.417824, -0.00566462, -0.998858, 0.0448964
5.41119, 5.27991, 0.419949, -0.0143196, -0.999348, 0.0308396
5.41395, 5.28001, 0.420196, 0.013487, 0.999005, -0.0378596
5.41241, 5.27897, 0.416107, -0.0169712, -0.999117, 0.0321199
5.41305, 5.27739, 0.417461, -0.0142764, -0.998957, 0.0391482
5.41304, 5.28056, 0.422251, 0.0121259, 0.998627, -0.046695
5.41467, 5.2827, 0.414741, -0.0117263, -0.99912, 0.0356124
5.41125, 5.28098, 0.422078, -0.016051, -0.998743, 0.0385312
5.41268, 5.2797, 0.420238, 0.00997871, 0.99947, -0.0273583
5.41135, 5.27747, 0.423469, -0.0179228, -0.999043, 0.0339851
5.41443, 5.29513, 0.422275, 0.0167429, 0.998593, -0.0475528
5.41364, 5.28292, 0.42217, 0.00730576, 0.99871, -0.0433899
5.41288, 5.27937, 0.421644, 0.019422, 0.9991, -0.0278955
5.41199, 5.28708, 0.422576, 0.0131525, 0.998475, -0.0494226
5.41154, 5.28954, 0.415728, -0.0219141, -0.998747, 0.0390528
5.41347, 5.28871, 0.420204, -0.0136762, -0.998476, 0.0434868
5.41216, 5.27777, 0.419811, 0.020054, 0.999025, -0.0351707
5.41326, 5.2794, 0.420693, -0.0119174, -0.999428, 0.0308674
5.4114, 5.27811, 0.424382, -0.0158762, -0.998943, 0.0367111
5.41414, 5.28781, 0.41732, -0.00472701, -0.998846, 0.0434397
5.41148, 5.28153, 0.420362, -0.0158496, -0.9989, 0.0343678
5.41207, 5.2796, 0.418303, -0.0183516, -0.998805, 0.0394804
5.41215, 5.28433, 0.420178, 0.0162238, 0.999081, -0.0303479
5.4162, 5.29054, 0.420234, -0.000394507, 0.998658, -0.043656
5.41497, 5.2814, 0.417825, -0.0175033, -0.998954, 0.0328471
5.41397, 5.27901, 0.419413, -0.0143411, -0.9991, 0.0329318
5.41265, 5.27676, 0.4264, 0.0155378, 0.999214, -0.0335349
5.41209, 5.28289, 0.422742, 0.0146314, 0.999173, -0.0338764
5.41364, 5.28351, 0.411756, 0.0169646, 0.998655, -0.0367202
5.41222, 5.27791, 0.413319, 0.0139611, 0.999257, -0.0310214
5.41275, 5.28877, 0.418796, -0.0172754, -0.998121, 0.0561865
5.41351, 5.27594, 0.416872, -0.0133559, -0.999199, 0.0303845
5.41373, 5.27928, 0.417092, 0.00815752, 0.99912, -0.0374597
5.4122, 5.27949, 0.416775, 0.0164766, 0.998692, -0.0446179
5.41473, 5.28939, 0.418012, 0.00965997, 0.998913, -0.0407
5.41307, 5.28007, 0.413478, 0.0148648, 0.999135, -0.031272
5.41306, 5.28039, 0.419671, 0.0173168, 0.998741, -0.0421528
5.41371, 5.27953, 0.417576, 0.0137439, 0.999102, -0.0362245
5.41417, 5.28067, 0.415622, -0.0124745, -0.999273, 0.0316536
5.41266, 5.27683, 0.421892, 0.0184929, 0.998967, -0.0367725
5.41057, 5.27988, 0.425433, 0.0151357, 0.998754, -0.0448497
5.41305, 5.28878, 0.419331, -0.00797467, -0.99939, 0.0299771
5.41371, 5.28187, 0.42331, 0.00707526, 0.99903, -0.0377669
5.41293, 5.27797, 0.423154, 0.0113654, 0.999296, -0.0297922
5.41041, 5.27605, 0.427078, 0.00918112, 0.999625, -0.0191192
5.41494, 5.27953, 0.414835, 0.00507416, 0.999059, -0.0228572
5.41382, 5.28121, 0.419321, 0.00323482, 0.999271, -0.0323272
5.41281, 5.28031, 0.418313, 0.0179567, 0.998875, -0.036968
5.41354, 5.28587, 0.418627, -0.0106908, -0.998813, 0.0406586
5.41189, 5.28294, 0.423335, 0.0181269, 0.998792, -0.036086
5.41359, 5.27825, 0.412879, -0.0147273, -0.99935, 0.0289041
5.41465, 5.28501, 0.415732, -0.0111918, -0.997917, 0.0580987
5.41209, 5.27175, 0.418658, 0.0133385, 0.999302, -0.0313375
5.40979, 5.29246, 0.431179, -0.0176765, -0.999441, 0.0270587
5.41474, 5.27956, 0.417824, -0.0137353, -0.998572, 0.0454676
5.41143, 5.27777, 0.417863, -0.0142782, -0.999423, 0.0257273
5.41103, 5.27875, 0.422074, -0.0144547, -0.998744, 0.0433157
5.41158, 5.28486, 0.418291, 0.00587802, 0.999202, -0.0346839
5.41187, 5.28034, 0.421294, 0.0142494, 0.998801, -0.0418529
5.41423, 5.28948, 0.421105, -0.000653942, -0.99796, 0.0592534
5.41201, 5.28163, 0.416943, 0.0156924, 0.998793, -0.0423221
5.41281, 5.27984, 0.419244, -0.0133777, -0.99869, 0.0437038
5.41274, 5.27909, 0.416261, -0.0168887, -0.998471, 0.043896
5.41169, 5.27888, 0.412705, -0.0247617, -0.998383, 0.0496302
5.4118, 5.28317, 0.422629, 0.0180068, 0.998475, -0.0468693
5.41166, 5.27772, 0.423992, 0.014134, 0.998373, -0.0513658
5.41595, 5.27951, 0.418533, -0.00774186, -0.999107, 0.0375028
5.41146, 5.2784, 0.416416, -0.0190926, -0.998914, 0.0356799
5.41297, 5.28175, 0.422043, -0.016334, -0.998855, 0.0397416
5.41267, 5.28329, 0.425844, 0.0149753, 0.998379, -0.0506134
5.41329, 5.28367, 0.419717, 0.0123419, 0.999828, -0.01025
5.41115, 5.27885, 0.417346, -0.0135469, -0.998986, 0.0373133
5.41282, 5.27923, 0.420848, 0.00721741, 0.998139, -0.0587507
5.4132, 5.27968, 0.424089, -0.0151483, -0.998811, 0.0416602
5.41163, 5.28235, 0.42507, 0.0154784, 0.999161, -0.0355448
5.41138, 5.27903, 0.418814, -0.00778542, -0.999089, 0.0385906
5.4109, 5.28904, 0.423815, -0.0171044, -0.998401, 0.0494961
5.41185, 5.28016, 0.425096, -0.0118214, -0.998452, 0.051432
5.41227, 5.27782, 0.424706, -0.0140329, -0.999522, 0.0260208
5.41426, 5.28138, 0.42426, -0.00752656, -0.999191, 0.0358189
5.41308, 5.28416, 0.423033, 0.0113763, 0.998787, -0.0453391
5.41339, 5.27786, 0.42467, -0.00859588, -0.999458, 0.0275052
5.41325, 5.27745, 0.417905, -0.0125552, -0.999193, 0.0339327
5.41149, 5.29054, 0.419421, 0.0155458, 0.998509, -0.0438802
5.41307, 5.27722, 0.421579, -0.0110292, -0.999038, 0.0382968
5.41278, 5.27944, 0.419732, -0.011789, -0.999361, 0.0260524
5.41169, 5.27975, 0.421642, -0.016479, -0.998905, 0.0337144
5.41254, 5.27855, 0.419898, 0.0128132, 0.999095, -0.0368379
5.41109, 5.28284, 0.426498, 0.0102597, 0.999174, -0.032926
5.41156, 5.28078, 0.423139, 0.0125832, 0.998939, -0.0382786
5.41225, 5.28363, 0.425058, 0.0140525, 0.998552, -0.0469724
5.41179, 5.27963, 0.420998, 0.0123581, 0.999194, -0.0344232
5.41386, 5.27909, 0.421393, -0.00993561, -0.998944, 0.0402263
5.41084, 5.27996, 0.420993, 0.0152731, 0.998639, -0.043667
5.4134, 5.2795, 0.411713, 0.0167707, 0.998476, -0.0470152
5.4119, 5.27818, 0.422871, -0.0162497, -0.998877, 0.039851
5.41115, 5.27645, 0.415791, 0.0174218, 0.99923, -0.021572
5.41159, 5.27846, 0.421227, 0.0112652, 0.998729, -0.0432871
5.41509, 5.28349, 0.411073, -0.0236521, -0.99804, 0.0512394
5.41128, 5.28825, 0.419876, 0.0190596, 0.998451, -0.0465932
5.41137, 5.27764, 0.421885, 0.0200542, 0.99872, -0.0410146
5.41088, 5.2779, 0.421382, -0.0132078, -0.999009, 0.0373154
5.41456, 5.28484, 0.415006, -0.00851557, -0.99867, 0.0396693
5.41604, 5.277, 0.417384, -0.0137281, -0.998861, 0.0383853
5.41187, 5.28502, 0.418364, 0.00908095, 0.999157, -0.0331149
5.41069, 5.27695, 0.421756, -0.0166262, -0.999312, 0.0301324
5.41115, 5.27929, 0.421964, -0.0107875, -0.998944, 0.0369503
5.41398, 5.28245, 0.419968, -0.0114421, -0.999303, 0.0298991
5.41522, 5.28057, 0.420437, 0.00470905, 0.999201, -0.0309641
5.41332, 5.27889, 0.414689, -0.0125991, -0.999662, 0.0205972
5.4135, 5.27931, 0.421822, 0.0155415, 0.99919, -0.029942
5.41268, 5.28509, 0.421204, 0.0160737, 0.998489, -0.0452274
5.41191, 5.27915, 0.421328, 0.0129681, 0.998853, -0.0401502
5.41362, 5.28172, 0.419546, -0.00669697, -0.998964, 0.0398638
5.41078, 5.28415, 0.420061, 0.0136039, 0.998672, -0.043811
5.41268, 5.28417, 0.415633, -0.017553, -0.998843, 0.0403641
5.41549, 5.27817, 0.418953, 0.0143705, 0.999282, -0.0330089
5.41234, 5.27629, 0.420335, -0.010627, -0.999315, 0.0330111
5.41197, 5.28022, 0.421919, -0.0159844, -0.999085, 0.0358279
5.41425, 5.2771, 0.419982, -0.0111296, -0.998855, 0.0379719
5.41284, 5.2786, 0.423408, -0.0073624, -0.999226, 0.0346577
5.41163, 5.27854, 0.421034, 0.0176158, 0.999013, -0.033358
5.411, 5.27774, 0.423203, -0.0209798, -0.999292, 0.0266553
5.41228, 5.28249, 0.422997, -0.0178007, -0.998561, 0.0494847
5.41075, 5.27931, 0.415629, -0.0173637, -0.999393, 0.0271974
5.4136, 5.27847, 0.418694, -0.0111742, -0.999581, 0.0224082
5.41405, 5.2798, 0.421035, -0.00768613, -0.999092, 0.033184
5.41311, 5.28275, 0.426226, -0.00311813, -0.99936, 0.0336388
5.41544, 5.28539, 0.418488, 0.00134805, 0.998531, -0.04575
5.41236, 5.27768, 0.420324, 0.0241614, 0.998961, -0.0317372
5.41059, 5.27829, 0.419989, 0.0150714, 0.998737, -0.0450816
5.41199, 5.27578, 0.42542, 0.00652555, 0.999395, -0.0164888
5.41297, 5.28311, 0.417055, 0.0138816, 0.999153, -0.0325092
5.41178, 5.27933, 0.421639, 0.0113261, 0.999657, -0.0228134
5.41026, 5.27791, 0.420938, -0.0180784, -0.998722, 0.0406932
5.4126, 5.28006, 0.421032, -0.016573, -0.99862, 0.0436939
5.41123, 5.2786, 0.42198, -0.0187205, -0.998905, 0.0374404
5.41239, 5.27842, 0.422048, 0.0166438, 0.999135, -0.0304815
5.41246, 5.28104, 0.422694, 0.0145562, 0.999244, -0.0297508
5.41231, 5.27716, 0.420111, -0.0159041, -0.999383, 0.0267473
5.412, 5.28146, 0.427734, 0.0174482, 0.999211, -0.0299037
5.41048, 5.28201, 0.423456, -0.0145965, -0.999184, 0.0315806
5.40923, 5.27712, 0.421638, -0.01315, -0.999435, 0.0284681
5.41012, 5.27651, 0.425409, 0.0191653, 0.999402, -0.0266322
5.4112, 5.27901, 0.422308, 0.0114632, 0.99907, -0.0336122
5.41331, 5.27912, 0.420315, 0.0102564, 0.999302, -0.0328675
5.41407, 5.27799, 0.419322, 0.0147949, 0.998831, -0.0353308
5.41189, 5.27652, 0.420115, -0.0181318, -0.999137, 0.0290792
5.41217, 5.28026, 0.4247, 0.00991268, 0.999239, -0.0347654
5.41383, 5.27792, 0.417297, -0.0177479, -0.999115, 0.0344419
5.41449, 5.27915, 0.415896, -0.00866697, -0.999269, 0.0302948
5.41263, 5.27736, 0.426537, -0.0141479, -0.999163, 0.0314013
5.41408, 5.27758, 0.419908, 0.0125879, 0.999226, -0.0326766
5.41273, 5.27866, 0.422288, -0.00939995, -0.998902, 0.0407769
5.4139, 5.287, 0.419004, 0.0187852, 0.998807, -0.0368829
5.4124, 5.27327, 0.423276, 0.00559774, 0.999494, -0.0280141
5.41202, 5.27884, 0.417592, -0.0195508, -0.998874, 0.0333301
5.41285, 5.28694, 0.424856, 0.00450669, 0.998963, -0.0430959
5.4131, 5.27321, 0.419627, -0.0150253, -0.998986, 0.0369459
