5.41234, 5.28317, 0.42085, 0.0116886, 0.998752, -0.0435618
5.41246, 5.27977, 0.419226, 0.0115896, 0.999147, -0.0336267
5.41081, 5.28329, 0.417801, -0.0184391, -0.999004, 0.0324032
5.41192, 5.27708, 0.423473, -0.0132654, -0.999033, 0.0359146
5.41183, 5.28076, 0.422706, -0.013421, -0.998976, 0.0374981
5.41113, 5.27914, 0.42266, 0.0114919, 0.998974, -0.0380892
5.41206, 5.27935, 0.423688, 0.010727, 0.998925, -0.0396573
5.41227, 5.27917, 0.41974, -0.0142633, -0.999216, 0.0290111
5.41135, 5.28076, 0.422972, -0.013182, -0.999137, 0.0331812
5.41118, 5.28474, 0.419547, -0.0118754, -0.999065, 0.0349602
5.41294, 5.2806, 0.421996, -0.0108031, -0.999084, 0.0351865
5.41226, 5.27992, 0.422602, -0.0134273, -0.998714, 0.0436222
5.41108, 5.27822, 0.422625, -0.0159, -0.998841, 0.0409664
5.41182, 5.27915, 0.421419, -0.0151446, -0.999239, 0.0298074
5.41248, 5.27988, 0.420646, -0.0107815, -0.999051, 0.0354713
5.41162, 5.27669, 0.421561, -0.0110792, -0.999213, 0.030601
5.41223, 5.28002, 0.420602, 0.0119087, 0.999056, -0.035882
5.41205, 5.2784, 0.421318, -0.0166846, -0.998884, 0.0361478
5.41214, 5.28073, 0.418978, -0.0166254, -0.99905, 0.030317
5.41166, 5.28024, 0.423911, -0.0138409, -0.998701, 0.0442434
5.41134, 5.28011, 0.420097, 0.0136965, 0.999272, -0.0280395
5.41234, 5.27952, 0.420458, 0.0136136, 0.99921, -0.0323095
5.41216, 5.27972, 0.423863, 0.0119532, 0.9992, -0.0326212
5.41152, 5.28048, 0.422574, 0.0154013, 0.99907, -0.0350435
5.41199, 5.2792, 0.42193, -0.0136709, -0.999158, 0.0317811
5.41204, 5.28029, 0.420563, 0.0121045, 0.998837, -0.0408145
5.41199, 5.27871, 0.42412, -0.0151023, -0.999122, 0.0324783
5.41126, 5.28197, 0.422396, 0.0180746, 0.998863, -0.0376457
5.41125, 5.28442, 0.422554, -0.0122703, -0.999023, 0.0372777
5.41161, 5.2787, 0.420988, -0.0167098, -0.998936, 0.0371
5.41214, 5.27964, 0.418092, -0.0150534, -0.999077, 0.0332594
5.41181, 5.27895, 0.42264, 0.0131953, 0.999162, -0.0342528
5.41175, 5.28108, 0.420995, -0.0158613, -0.998872, 0.0369509
5.41316, 5.28498, 0.421944, 0.00989645, 0.999066, -0.0358218
5.41292, 5.28072, 0.419802, -0.0143888, -0.99923, 0.0305694
5.41167, 5.28051, 0.422599, 0.013136, 0.999233, -0.0312598
5.41196, 5.2812, 0.420054, 0.0128016, 0.999214, -0.0320514
5.41136, 5.27902, 0.420472, -0.0142876, -0.999129, 0.0340552
5.41204, 5.279, 0.420055, -0.0113603, -0.999208, 0.0336146
5.41217, 5.28035, 0.420726, -0.0145811, -0.999009, 0.0334043
5.41252, 5.28035, 0.421526, -0.0124483, -0.998853, 0.0377098
5.412, 5.28085, 0.421606, 0.0139291, 0.999049, -0.0338789
5.41163, 5.27908, 0.422809, -0.0140836, -0.999182, 0.0334898
5.41246, 5.27881, 0.421704, -0.0130247, -0.999125, 0.035431
5.41105, 5.28506, 0.42212, -0.0121355, -0.999112, 0.0332674
5.4119, 5.28033, 0.42023, 0.0182316, 0.998993, -0.0331059
5.41241, 5.28238, 0.421304, 0.0082951, 0.999026, -0.0383266
5.41144, 5.27825, 0.421202, 0.0119704, 0.998752, -0.0381459
5.41251, 5.27827, 0.423317, 0.013926, 0.999274, -0.0274646
5.41165, 5.28308, 0.419814, 0.00894189, 0.999198, -0.0345526
5.41192, 5.27907, 0.422402, 0.010571, 0.999181, -0.0315613
5.41317, 5.28122, 0.418488, -0.0149083, -0.999054, 0.0326253
5.41245, 5.2817, 0.418169, 0.0138219, 0.998859, -0.0397691
5.41171, 5.27997, 0.417821, 0.0137122, 0.999028, -0.0354544
5.41141, 5.27848, 0.421404, 0.0118503, 0.998865, -0.0388079
5.41193, 5.28093, 0.421549, -0.0152575, -0.999018, 0.0344599
5.41116, 5.27999, 0.421029, -0.0153053, -0.999171, 0.0315343
5.4111, 5.2813, 0.423627, 0.0137505, 0.998872, -0.0406091
5.41241, 5.27921, 0.419724, 0.0126597, 0.999122, -0.0340757
5.41157, 5.28022, 0.421941, -0.0163604, -0.999022, 0.0348346
5.41239, 5.28218, 0.42063, 0.0118282, 0.999064, -0.0352911
5.41206, 5.27996, 0.421979, 0.00814068, 0.999309, -0.0315564
5.41275, 5.28049, 0.423322, -0.0076123, -0.99907, 0.0358539
5.41288, 5.27981, 0.419802, 0.0126313, 0.999035, -0.0322334
5.41243, 5.28081, 0.420579, 0.0108041, 0.999124, -0.0333137
5.41257, 5.27845, 0.419385, 0.0157778, 0.999, -0.0361509
5.41201, 5.27867, 0.422505, 0.0115924, 0.999181, -0.0316022
5.41211, 5.28407, 0.42139, 0.011789, 0.998959, -0.0371406
5.41257, 5.28102, 0.418925, 0.0138782, 0.998905, -0.039832
5.41245, 5.28087, 0.419482, -0.0129791, -0.998929, 0.0377644
5.41189, 5.28078, 0.420918, -0.0149162, -0.999101, 0.031774
5.41223, 5.28115, 0.422536, -0.00994759, -0.999232, 0.0348592
5.41182, 5.2808, 0.420962, 0.0130674, 0.999011, -0.0372283
5.41234, 5.28089, 0.421255, -0.00918895, -0.999102, 0.0365454
5.41224, 5.28061, 0.420862, -0.015706, -0.999133, 0.0307058
5.41246, 5.28052, 0.421653, -0.0153735, -0.998914, 0.0397711
5.41178, 5.27806, 0.422871, 0.0112493, 0.999341, -0.0280755
5.41184, 5.27943, 0.4226, -0.00996647, -0.999144, 0.0330167
5.41192, 5.28156, 0.420733, -0.0122226, -0.999081, 0.0354553
5.41301, 5.28005, 0.420836, 0.0119491, 0.99891, -0.0372762
5.4125, 5.2817, 0.41889, 0.0133491, 0.999091, -0.0328319
5.41326, 5.28372, 0.420549, 0.0123925, 0.998824, -0.0410506
5.41106, 5.27818, 0.422471, -0.0139937, -0.999085, 0.0368011
5.41222, 5.28359, 0.420264, -0.0104327, -0.99897, 0.0372845
5.41221, 5.28121, 0.42134, 0.0121293, 0.999152, -0.0334216
5.41251, 5.28406, 0.422774, 0.0161883, 0.998754, -0.0391121
5.41275, 5.28087, 0.419048, 0.0131677, 0.998936, -0.0384931
5.41133, 5.28045, 0.421827, -0.0151209, -0.999035, 0.0337506
5.41273, 5.28067, 0.418886, 0.0135552, 0.999186, -0.0321855
5.41134, 5.28004, 0.423044, 0.0129068, 0.99927, -0.0306688
5.41162, 5.28398, 0.421267, -0.0117244, -0.999169, 0.0319882
5.41262, 5.27947, 0.422131, 0.0107972, 0.99908, -0.0361624
5.41245, 5.28291, 0.423646, 0.0160002, 0.998836, -0.0404487
5.41199, 5.28025, 0.421657, -0.0120241, -0.999093, 0.035999
5.41159, 5.279, 0.42213, 0.014572, 0.998936, -0.0371652
5.41193, 5.28141, 0.42462, -0.015312, -0.998604, 0.0447492
5.41147, 5.27905, 0.423566, 0.0172334, 0.998993, -0.0350052
5.41254, 5.28143, 0.419535, -0.0107909, -0.999159, 0.0320265
5.41117, 5.2831, 0.423573, 0.0141385, 0.999057, -0.0366031
5.41269, 5.27855, 0.421731, -0.0106858, -0.99919, 0.0322913
5.41242, 5.27908, 0.421805, -0.015889, -0.998994, 0.0336782
5.41205, 5.27935, 0.424815, -0.0141219, -0.999011, 0.0372006
5.41287, 5.28005, 0.420212, -0.013744, -0.998883, 0.0373635
5.41222, 5.27742, 0.42406, -0.0131142, -0.999032, 0.0358287
5.41241, 5.28277, 0.422619, 0.0137801, 0.998867, -0.0381465
5.41175, 5.28003, 0.422682, -0.0140208, -0.999061, 0.0335641
5.41206, 5.27813, 0.422182, -0.0146435, -0.998949, 0.0365148
5.4113, 5.27911, 0.420946, 0.0131357, 0.999071, -0.0354853
5.41213, 5.27946, 0.423781, -0.0119442, -0.999059, 0.0368692
5.41185, 5.28044, 0.422099, -0.0138747, -0.998951, 0.0371331
5.41115, 5.2806, 0.421215, 0.0154824, 0.999072, -0.0328668
5.41211, 5.27911, 0.423851, -0.0132879, -0.999211, 0.0316786
5.41167, 5.28064, 0.422842, 0.0160248, 0.999, -0.0353073
5.41168, 5.27628, 0.423125, 0.0101474, 0.999397, -0.027414
5.41197, 5.28096, 0.422891, -0.0149667, -0.998835, 0.0411347
5.41336, 5.28559, 0.421432, -0.013072, -0.999021, 0.0369995
5.4118, 5.28036, 0.420989, -0.0117313, -0.998962, 0.0381298
5.41146, 5.27869, 0.420373, -0.0166951, -0.998943, 0.0359253
5.41125, 5.2773, 0.421893, -0.0169068, -0.999174, 0.0285499
5.41292, 5.28016, 0.422965, -0.0108303, -0.999126, 0.0344286
5.41147, 5.28168, 0.422249, 0.0135921, 0.999203, -0.0309804
5.41218, 5.28033, 0.4212, 0.0122983, 0.998883, -0.0402127
5.41178, 5.27851, 0.420502, -0.0132476, -0.999168, 0.0328244
5.41226, 5.28374, 0.422088, -0.0122804, -0.999236, 0.0307742
5.41155, 5.28089, 0.421118, -0.0135282, -0.999375, 0.0275604
5.41234, 5.28425, 0.419116, -0.0115611, -0.99911, 0.0351021
5.412, 5.2798, 0.422986, 0.0141194, 0.999226, -0.0276789
5.41234, 5.28194, 0.419942, 0.0127586, 0.999187, -0.0323893
5.41201, 5.28016, 0.423696, -0.0128547, -0.999085, 0.0345382
5.41269, 5.28045, 0.419725, 0.0109169, 0.999158, -0.0339025
5.412, 5.27904, 0.423671, -0.0180201, -0.99902, 0.0343641
5.41312, 5.27899, 0.421193, 0.0092452, 0.999123, -0.0373836
5.41282, 5.28223, 0.419642, -0.0109498, -0.99902, 0.0371669
5.41145, 5.28023, 0.422379, 0.0116395, 0.99906, -0.0359689
5.41339, 5.27992, 0.419918, 0.0118929, 0.999205, -0.0326366
5.41128, 5.28244, 0.422614, 0.0126511, 0.999018, -0.0353681
5.41181, 5.2826, 0.42325, -0.0134939, -0.998941, 0.040332
5.41218, 5.2808, 0.420092, 0.0152438, 0.998926, -0.036489
5.41221, 5.27742, 0.419549, 0.0108039, 0.999308, -0.0246878
5.41235, 5.27786, 0.422904, 0.0142229, 0.999042, -0.0353157
5.41189, 5.27904, 0.424296, 0.014055, 0.999041, -0.0361853
5.41226, 5.28339, 0.419632, 0.0109435, 0.999264, -0.0318309
5.41088, 5.27746, 0.421649, -0.0141287, -0.999129, 0.0342034
5.41197, 5.27912, 0.419846, 0.0168872, 0.999259, -0.0264474
5.4122, 5.27845, 0.422751, 0.0123811, 0.999124, -0.0346053
5.41142, 5.2805, 0.42085, 0.0136127, 0.999023, -0.0368157
5.41125, 5.27991, 0.422298, 0.0136602, 0.99929, -0.0296719
5.41194, 5.27916, 0.421309, -0.0125885, -0.99916, 0.0290224
5.41225, 5.27864, 0.422827, -0.0154604, -0.999179, 0.033307
5.41161, 5.28029, 0.421535, -0.0126427, -0.999235, 0.0280992
5.41187, 5.28116, 0.420967, 0.0161832, 0.998986, -0.0368027
5.41204, 5.28098, 0.424765, -0.015059, -0.998971, 0.0381348
5.41264, 5.28111, 0.420856, 0.014143, 0.999112, -0.034251
5.41195, 5.28062, 0.423638, 0.0163638, 0.998987, -0.0361067
5.41247, 5.28075, 0.421264, -0.0154325, -0.998837, 0.0372832
5.41365, 5.28158, 0.420097, 0.00953777, 0.999138, -0.0344875
5.41355, 5.28013, 0.421705, -0.010321, -0.99929, 0.0296049
5.41212, 5.27969, 0.422364, 0.0132222, 0.998951, -0.0366162
5.41231, 5.28026, 0.419284, -0.0135566, -0.999201, 0.0307674
5.4122, 5.27972, 0.422967, -0.010913, -0.99896, 0.0386166
5.41296, 5.28273, 0.420363, -0.00982551, -0.999098, 0.0357603
5.41251, 5.28286, 0.422091, -0.00970048, -0.99866, 0.0454652
5.41224, 5.28338, 0.420174, 0.0111909, 0.999076, -0.0353615
5.4125, 5.28033, 0.422188, 0.0151323, 0.998924, -0.038027
5.41291, 5.28153, 0.420268, -0.0103853, -0.998621, 0.0454078
5.41404, 5.28083, 0.420232, 0.0127046, 0.998873, -0.0405463
5.41208, 5.27834, 0.421168, 0.0143599, 0.999157, -0.0330593
5.41232, 5.27949, 0.422013, 0.0115835, 0.998972, -0.0354256
5.41257, 5.28109, 0.422018, -0.0122346, -0.99895, 0.038618
5.41277, 5.28002, 0.41949, 0.0103746, 0.998959, -0.0384492
5.41212, 5.28344, 0.422004, 0.0145349, 0.998809, -0.040358
5.41274, 5.28192, 0.422002, -0.0113739, -0.999121, 0.0326333
5.41111, 5.28087, 0.423905, -0.011454, -0.999058, 0.0346387
5.41169, 5.27947, 0.421351, 0.0150276, 0.999063, -0.034754
5.41179, 5.28078, 0.423365, -0.0132036, -0.998823, 0.0399779
5.41223, 5.28018, 0.420523, -0.0130089, -0.999099, 0.0346011
5.41224, 5.2809, 0.421869, -0.0160956, -0.998993, 0.0359547
5.41174, 5.27973, 0.425655, 0.0116018, 0.99931, -0.0300205
5.41266, 5.28586, 0.424818, 0.012793, 0.998628, -0.0440455
5.4116, 5.27826, 0.42223, 0.0135073, 0.999274, -0.0301489
5.41317, 5.27763, 0.420058, 0.0144457, 0.998915, -0.0372579
5.4117, 5.27793, 0.418461, -0.0167074, -0.998916, 0.0347488
5.41219, 5.28231, 0.421458, -0.0124835, -0.998878, 0.039825
5.41262, 5.27934, 0.420931, -0.0142681, -0.999075, 0.0357469
5.41104, 5.28017, 0.422398, -0.0134776, -0.998994, 0.0381735
5.41264, 5.28053, 0.422932, -0.0117574, -0.998983, 0.0368023
5.4121, 5.27875, 0.423095, -0.0125246, -0.998813, 0.0388579
5.41289, 5.2834, 0.419946, -0.0106826, -0.999083, 0.0373822
5.41089, 5.27839, 0.421677, -0.0140559, -0.999187, 0.0326496
5.41237, 5.279, 0.424106, 0.0124281, 0.999336, -0.0296437
5.41123, 5.28105, 0.422617, 0.0130631, 0.999201, -0.0312339
5.41209, 5.2785, 0.422875, 0.0128211, 0.999142, -0.0320573
5.41252, 5.28084, 0.4206, -0.0130664, -0.999208, 0.0324839
5.41183, 5.27792, 0.422795, -0.0152066, -0.999121, 0.0324062
5.41342, 5.28207, 0.419298, -0.01064, -0.998754, 0.0430951
5.41173, 5.28232, 0.422261, -0.0138599, -0.998773, 0.0373423
5.41179, 5.27754, 0.422781, -0.014087, -0.999068, 0.0345169
5.41173, 5.27932, 0.420718, -0.013456, -0.999084, 0.0362469
5.4117, 5.28318, 0.42461, -0.0158963, -0.998941, 0.0365002
5.41283, 5.28202, 0.423778, 0.0115562, 0.998773, -0.0426998
5.41327, 5.28287, 0.421838, 0.0114951, 0.998988, -0.0381735
5.41161, 5.27929, 0.420912, -0.0122201, -0.999093, 0.0330963
5.41202, 5.27905, 0.424954, -0.0141021, -0.999221, 0.0321766
5.41128, 5.28109, 0.423478, 0.0155466, 0.998948, -0.0361682
5.41158, 5.27986, 0.422921, 0.0113798, 0.999022, -0.0351469
5.41257, 5.28219, 0.421526, -0.00982445, -0.999128, 0.032842
5.4125, 5.28272, 0.422079, -0.0138498, -0.998987, 0.03777
5.41326, 5.28122, 0.421885, 0.0096534, 0.999112, -0.0363391
5.4117, 5.28425, 0.420328, -0.0118375, -0.999098, 0.0342578
5.41195, 5.27756, 0.421613, 0.0123852, 0.999217, -0.0324974
5.41259, 5.28306, 0.420461, 0.0139086, 0.999122, -0.0317233
5.412, 5.2807, 0.42243, 0.0137011, 0.999146, -0.032279
5.41361, 5.28011, 0.4198, 0.00953777, 0.999312, -0.0309471
5.41266, 5.27994, 0.422432, -0.0108526, -0.999033, 0.0377059
5.4121, 5.28224, 0.419606, -0.012834, -0.999219, 0.0314192
5.41156, 5.27813, 0.42265, -0.0151965, -0.999088, 0.0349305
5.41158, 5.28049, 0.42219, 0.0124268, 0.999193, -0.0302729
5.41157, 5.27925, 0.421828, 0.0136604, 0.99916, -0.0323709
5.41206, 5.27972, 0.422259, 0.0120995, 0.998879, -0.0389101
5.41335, 5.28351, 0.421816, -0.0122226, -0.998894, 0.0403687
5.41241, 5.27979, 0.422652, -0.0116611, -0.999304, 0.0320988
5.41125, 5.27872, 0.421284, -0.015204, -0.999278, 0.0296946
5.41266, 5.28016, 0.422035, -0.0111021, -0.999246, 0.0310322
5.41172, 5.27931, 0.423219, 0.0112319, 0.999232, -0.0310304
5.41141, 5.27921, 0.423167, -0.0157886, -0.998929, 0.0363994
5.41195, 5.28003, 0.421436, 0.0122867, 0.999049, -0.0372769
5.41217, 5.27975, 0.418537, 0.0146643, 0.999059, -0.0341303
5.41272, 5.28095, 0.420929, 0.0135209, 0.998848, -0.0381428
5.41249, 5.27984, 0.421619, 0.0123897, 0.999286, -0.0298228
5.41163, 5.28324, 0.422593, -0.0176087, -0.998854, 0.037307
5.41201, 5.2811, 0.420241, -0.0113862, -0.999352, 0.0290902
5.41198, 5.27844, 0.422236, -0.0144318, -0.998634, 0.0433742
5.4118, 5.28076, 0.42336, -0.00965379, -0.999348, 0.03061
5.41137, 5.28014, 0.421024, -0.015619, -0.999397, 0.0259415
5.41221, 5.28221, 0.420858, -0.0171529, -0.998942, 0.03426
5.41228, 5.27925, 0.421904, 0.00935491, 0.998969, -0.0375902
5.41202, 5.28113, 0.421008, -0.0140755, -0.999135, 0.0338658
5.41188, 5.28083, 0.422714, 0.0129654, 0.998702, -0.0447976
5.41323, 5.27925, 0.42169, -0.0134127, -0.999011, 0.0363924
5.41127, 5.27868, 0.420359, -0.0138883, -0.999269, 0.0281007
5.41109, 5.28011, 0.422844, 0.0142858, 0.99903, -0.0351127
5.41267, 5.28103, 0.420329, 0.0137596, 0.999035, -0.0368318
5.41226, 5.27929, 0.423854, -0.0133151, -0.999175, 0.0336831
5.4118, 5.28078, 0.421468, -0.0141367, -0.999156, 0.0323912
5.41199, 5.27911, 0.420502, 0.016218, 0.999131, -0.0316989
5.41187, 5.28106, 0.422471, -0.0140573, -0.99905, 0.0346811
5.4119, 5.27829, 0.422262, 0.0113413, 0.999134, -0.0349248
5.41264, 5.28092, 0.421113, 0.0118582, 0.99921, -0.0326825
5.41208, 5.28344, 0.419944, 0.0121522, 0.999086, -0.0358111
5.413, 5.2805, 0.419396, -0.0139678, -0.998808, 0.0394363
5.41167, 5.28074, 0.423324, -0.0126095, -0.999192, 0.0329695
5.41231, 5.28156, 0.421787, 0.0129607, 0.999246, -0.0315668
5.41276, 5.28009, 0.42189, 0.0110685, 0.999148, -0.0358435
5.41186, 5.28131, 0.422705, -0.0141269, -0.99876, 0.0425939
5.41314, 5.28032, 0.420884, 0.0103885, 0.999137, -0.0348202
5.41215, 5.28131, 0.422596, -0.0147348, -0.998818, 0.0415833
5.41261, 5.28112, 0.420378, -0.0128084, -0.998827, 0.0387256
5.41191, 5.28137, 0.420722, 0.0134032, 0.99888, -0.0387847
5.41231, 5.27984, 0.419112, -0.0114588, -0.999129, 0.0338704
5.41176, 5.27987, 0.422453, -0.0146956, -0.998741, 0.0435355
5.41175, 5.27862, 0.423371, -0.0146251, -0.999154, 0.0323779
5.41264, 5.27929, 0.422041, 0.010358, 0.999418, -0.0270224
5.41243, 5.28226, 0.41853, 0.0161756, 0.999039, -0.0350744
5.41223, 5.28021, 0.420962, -0.0146845, -0.999208, 0.0322806
5.41352, 5.28428, 0.419422, 0.00953236, 0.999035, -0.0364206
5.41187, 5.28109, 0.420219, 0.0145929, 0.999, -0.0347667
5.41298, 5.28111, 0.419663, 0.0131777, 0.999012, -0.0356895
5.41326, 5.28006, 0.419989, 0.0114462, 0.998921, -0.0360708
5.41305, 5.28182, 0.421914, -0.0130172, -0.998967, 0.0365628
5.41151, 5.2811, 0.424002, -0.0121932, -0.999073, 0.0366166
5.41187, 5.28136, 0.419913, -0.0156859, -0.998883, 0.0379738
5.41334, 5.28255, 0.419774, 0.0136038, 0.999026, -0.0345877
5.41261, 5.27929, 0.422153, 0.0134035, 0.999199, -0.0312282
5.41254, 5.28379, 0.421344, 0.0126173, 0.998888, -0.0407921
5.41171, 5.27907, 0.422305, 0.0153183, 0.99906, -0.034693
5.41277, 5.27973, 0.418571, -0.0139072, -0.999349, 0.0297954
5.41212, 5.27816, 0.422393, -0.00960233, -0.999063, 0.038399
5.41122, 5.28455, 0.422367, -0.0111827, -0.998792, 0.040331
5.41254, 5.27752, 0.419773, -0.0126211, -0.999181, 0.0327136
5.41247, 5.28165, 0.423484, 0.0147455, 0.999007, -0.0363581
5.41185, 5.2794, 0.421501, 0.0149983, 0.999141, -0.0328958
5.41115, 5.27887, 0.423149, -0.0136755, -0.999159, 0.034639
5.41285, 5.27836, 0.422143, 0.014387, 0.998987, -0.0367326
5.41203, 5.28152, 0.42196, -0.0168583, -0.99899, 0.034646
5.41242, 5.27885, 0.420362, -0.012467, -0.998954, 0.0367747
5.41209, 5.28359, 0.423715, 0.0115885, 0.998955, -0.0410418
5.41229, 5.27773, 0.422442, -0.0131717, -0.999302, 0.0304921
5.41226, 5.27979, 0.421554, -0.0138801, -0.999078, 0.0322049
5.41184, 5.28099, 0.423285, 0.0136001, 0.999051, -0.0361805
5.41231, 5.28099, 0.419323, 0.0121059, 0.998932, -0.0365315
5.41295, 5.28346, 0.422487, 0.0124364, 0.998896, -0.0383122
5.41309, 5.27983, 0.420319, 0.0144799, 0.998937, -0.0377612
5.41247, 5.28087, 0.420528, -0.0121745, -0.999165, 0.0336305
5.4134, 5.27942, 0.420829, -0.0105833, -0.99914, 0.0319543
5.41268, 5.28139, 0.418753, -0.0121793, -0.99913, 0.0326977
5.4134, 5.27926, 0.420686, 0.00869225, 0.999178, -0.0352223
5.414, 5.28291, 0.419702, 0.00752842, 0.998993, -0.0399429
5.41203, 5.28349, 0.421707, -0.0160379, -0.998843, 0.0372576
5.41256, 5.28144, 0.421361, -0.0134535, -0.998981, 0.0371829
5.41247, 5.28113, 0.418614, 0.0130051, 0.999055, -0.0355579
5.41314, 5.28128, 0.42018, 0.0124125, 0.999144, -0.0342522
5.41234, 5.28157, 0.421493, -0.0121916, -0.999182, 0.0325568
5.4116, 5.28015, 0.420498, -0.0140121, -0.998885, 0.0393539
5.41217, 5.27887, 0.42115, -0.0139067, -0.999296, 0.0293492
5.41162, 5.28068, 0.422699, -0.0135373, -0.999237, 0.0324204
5.41272, 5.27851, 0.420729, 0.0136181, 0.999188, -0.0313335
5.41201, 5.27901, 0.42219, 0.0121063, 0.999119, -0.035273
5.4132, 5.28205, 0.422063, 0.0111501, 0.99897, -0.0396316
5.41149, 5.27926, 0.424367, 0.0145484, 0.99921, -0.031951
5.41161, 5.27998, 0.417971, -0.016133, -0.998977, 0.0354139
5.41137, 5.28096, 0.422887, -0.0129592, -0.99887, 0.0391485
5.41183, 5.27875, 0.424402, 0.0118779, 0.999165, -0.0299538
5.41184, 5.2786, 0.421526, -0.0125035, -0.999045, 0.0371486
5.41247, 5.28374, 0.420919, 0.00870627, 0.998824, -0.0420176
5.41218, 5.27868, 0.420079, 0.0140632, 0.999101, -0.0342833
5.41281, 5.28133, 0.419968, -0.0118404, -0.999039, 0.0319332
5.41263, 5.27898, 0.421998, 0.01403, 0.999025, -0.0364198
5.41176, 5.27981, 0.42264, -0.0116404, -0.999137, 0.0357365
5.41227, 5.27914, 0.422546, 0.0136488, 0.999119, -0.0344118
5.41236, 5.28178, 0.421274, 0.0129371, 0.99903, -0.0318772
5.41171, 5.28, 0.42208, 0.0143865, 0.99901, -0.0364521
5.41178, 5.27973, 0.42274, 0.0138578, 0.999052, -0.0332803
5.41224, 5.28157, 0.423434, -0.0108226, -0.999231, 0.0303382
5.41212, 5.28327, 0.422587, 0.0105579, 0.998931, -0.0378732
5.41198, 5.28024, 0.424369, 0.0120049, 0.998993, -0.0377717
5.41317, 5.28041, 0.421754, -0.00882782, -0.999186, 0.0341599
5.41202, 5.28087, 0.420275, -0.0123384, -0.999155, 0.0300797
5.41251, 5.28158, 0.421128, -0.0146069, -0.999226, 0.0308513
5.41194, 5.28428, 0.423249, -0.011873, -0.998923, 0.0365886
5.4117, 5.28204, 0.42279, -0.011216, -0.999032, 0.0378185
5.41187, 5.2752, 0.423344, 0.00999649, 0.999225, -0.0325546
5.4119, 5.28156, 0.423893, -0.014951, -0.998878, 0.0390857
5.41276, 5.28122, 0.421993, 0.00992357, 0.998956, -0.0395191
5.41292, 5.28183, 0.421656, -0.00967635, -0.999254, 0.0321448
5.4127, 5.28246, 0.422152, -0.0124589, -0.998992, 0.035438
5.41257, 5.28087, 0.422456, -0.0122927, -0.999152, 0.0331994
5.41205, 5.2819, 0.422038, -0.0127996, -0.99907, 0.030599
5.41272, 5.279, 0.421938, -0.0117607, -0.999219, 0.0319645
5.41216, 5.28042, 0.422154, 0.0130821, 0.999193, -0.0340268
5.41261, 5.28017, 0.420526, 0.00858431, 0.999325, -0.0286977
5.41299, 5.28185, 0.42069, -0.0131501, -0.998984, 0.03509
5.4124, 5.28075, 0.42206, -0.0106734, -0.998958, 0.0368727
5.4118, 5.28246, 0.422648, -0.0133874, -0.999013, 0.0346284
5.41172, 5.2787, 0.422512, 0.0137356, 0.999293, -0.0303009
5.4133, 5.28391, 0.422446, -0.0104547, -0.998979, 0.0380393
5.41234, 5.27997, 0.423466, 0.0105851, 0.999259, -0.0324213
5.41213, 5.27918, 0.418553, 0.0136349, 0.999161, -0.031425
5.41285, 5.2788, 0.424014, 0.0158299, 0.998944, -0.0370589
5.41273, 5.28116, 0.422381, 0.0108182, 0.999074, -0.0356112
5.41226, 5.27776, 0.423809, -0.0141743, -0.999062, 0.0355079
5.41239, 5.28189, 0.422597, 0.0123953, 0.998698, -0.0421893
5.41206, 5.2807, 0.425839, -0.00951384, -0.998951, 0.0370137
5.41173, 5.28029, 0.423525, -0.0108414, -0.999244, 0.0309864
5.41205, 5.27961, 0.421655, -0.0129783, -0.99898, 0.0379531
5.41204, 5.28071, 0.424845, 0.00947657, 0.99916, -0.0336933
5.41314, 5.27992, 0.423447, 0.00917511, 0.999119, -0.0337214
5.4121, 5.28091, 0.421547, -0.0128966, -0.998841, 0.0390217
5.41147, 5.28089, 0.424007, -0.0103249, -0.999104, 0.0372381
5.41268, 5.28125, 0.419622, 0.00988009, 0.999262, -0.0303929
5.41312, 5.28145, 0.418494, -0.0121987, -0.999157, 0.0333701
5.41233, 5.27994, 0.421816, 0.0102491, 0.999217, -0.0332231
5.4128, 5.28003, 0.418608, -0.0139877, -0.999145, 0.0343894
5.41262, 5.2792, 0.421159, -0.0149854, -0.999099, 0.0333136
5.41242, 5.28058, 0.422441, 0.00965579, 0.999122, -0.036532
5.41215, 5.2808, 0.422801, -0.0160521, -0.999072, 0.0347544
5.41201, 5.28203, 0.420453, -0.0147146, -0.998901, 0.0390738
5.41177, 5.28105, 0.420355, -0.0136511, -0.998925, 0.0376382
5.41229, 5.27861, 0.419964, 0.0127026, 0.999236, -0.0313536
5.41234, 5.28023, 0.423306, -0.0120283, -0.999091, 0.0360624
5.41158, 5.27863, 0.42309, 0.0131296, 0.999174, -0.0336825
5.41251, 5.27956, 0.421479, 0.0130782, 0.999237, -0.02989
5.41309, 5.28008, 0.423417, 0.0124886, 0.998841, -0.0387024
5.41254, 5.27916, 0.422283, 0.0112811, 0.999226, -0.0330942
5.41189, 5.27877, 0.420101, 0.0126606, 0.999059, -0.0355136
5.41267, 5.27917, 0.421145, -0.00843181, -0.999068, 0.0368324
5.41186, 5.2801, 0.419734, 0.0118353, 0.999027, -0.0368678
5.4122, 5.2839, 0.421981, 0.0105057, 0.999219, -0.0321033
5.41146, 5.27968, 0.420938, 0.0130078, 0.999342, -0.0279161
5.41219, 5.28146, 0.420477, -0.0109294, -0.999093, 0.0351277
5.41211, 5.27874, 0.420309, 0.0160788, 0.99895, -0.0357834
5.41162, 5.27955, 0.424806, -0.012531, -0.999271, 0.0309352
5.41276, 5.27904, 0.422296, -0.0102269, -0.999163, 0.0345435
5.41243, 5.28033, 0.420786, -0.0113031, -0.999178, 0.0333301
5.41282, 5.27812, 0.422079, 0.0124159, 0.999296, -0.0311095
5.41223, 5.28014, 0.423526, -0.0125814, -0.998869, 0.0398401
5.4117, 5.28057, 0.42396, -0.0127626, -0.999016, 0.0372697
5.41265, 5.28367, 0.422214, -0.00783559, -0.999264, 0.0325427
5.41189, 5.27908, 0.424661, 0.0137586, 0.999068, -0.0353825
5.4114, 5.27944, 0.421486, 0.0144714, 0.999085, -0.0350341
5.41132, 5.2768, 0.423348, 0.0120287, 0.999134, -0.0310644
5.41263, 5.28202, 0.418321, -0.0138498, -0.999235, 0.0312752
5.41204, 5.28116, 0.422574, -0.0114289, -0.999084, 0.0375446
5.412, 5.28317, 0.4247, -0.0132055, -0.998864, 0.0388088
5.41115, 5.27838, 0.422021, 0.0117467, 0.999128, -0.0342556
5.41272, 5.27961, 0.422369, -0.0097263, -0.999175, 0.0332445
5.41222, 5.28038, 0.422448, 0.012319, 0.999027, -0.0363171
5.41152, 5.27954, 0.42168, -0.0161711, -0.999189, 0.0304009
5.41225, 5.28037, 0.419761, 0.0126535, 0.998983, -0.0355043
5.41253, 5.27782, 0.420652, 0.0149173, 0.998914, -0.0373444
5.41215, 5.27843, 0.420672, 0.0152881, 0.999139, -0.030096
5.41263, 5.27924, 0.421152, 0.0121973, 0.999253, -0.0303036
5.41238, 5.28136, 0.419231, 0.0132861, 0.99912, -0.0345734
5.41214, 5.27993, 0.422339, 0.010009, 0.999094, -0.0355201
5.41201, 5.27878, 0.419258, 0.0117334, 0.999124, -0.0335128
5.41152, 5.27958, 0.422549, -0.0127013, -0.998939, 0.0393554
5.4117, 5.27963, 0.420553, 0.0167464, 0.999276, -0.0243685
5.41297, 5.27981, 0.420729, 0.0100714, 0.998854, -0.0389837
5.413, 5.28109, 0.422524, -0.00795121, -0.998955, 0.0394435
5.41157, 5.28044, 0.422441, 0.0148196, 0.998886, -0.0383869
5.41268, 5.28061, 0.42392, -0.0121092, -0.99891, 0.0384872
5.41256, 5.27999, 0.422385, 0.0111384, 0.999279, -0.0327175
5.41184, 5.28182, 0.422822, -0.00981225, -0.998841, 0.0414302
5.41222, 5.28021, 0.42163, -0.0106018, -0.99921, 0.0344167
5.41233, 5.28229, 0.421679, -0.0103324, -0.998885, 0.0404657
5.41262, 5.28125, 0.422225, -0.0126402, -0.999166, 0.0322253
5.41206, 5.28101, 0.420184, -0.0142642, -0.99915, 0.032894
5.41195, 5.27896, 0.421609, -0.0149456, -0.998954, 0.0373571
5.41298, 5.28167, 0.420385, 0.0120758, 0.998885, -0.038799
5.41203, 5.28165, 0.42251, 0.0114678, 0.999048, -0.0364708
5.41148, 5.27996, 0.423113, -0.0112628, -0.999289, 0.0308078
5.41209, 5.27857, 0.422199, 0.0126295, 0.999272, -0.0315302
5.41301, 5.27845, 0.421121, 0.0121159, 0.999107, -0.0351386
5.41178, 5.28062, 0.422096, 0.0127429, 0.998953, -0.0388293
5.41173, 5.28261, 0.423836, 0.0149112, 0.998868, -0.0403967
5.41208, 5.28262, 0.423127, -0.0137141, -0.999034, 0.0315846
5.41284, 5.28466, 0.422866, 0.0103915, 0.999073, -0.0349866
5.41281, 5.27911, 0.419778, -0.0109728, -0.999162, 0.0347356
5.41271, 5.27722, 0.421877, 0.0146698, 0.999232, -0.0302146
5.41204, 5.27767, 0.422596, -0.0157195, -0.998877, 0.0383284
5.41264, 5.27972, 0.420381, 0.0135941, 0.999119, -0.0328226
5.41191, 5.28443, 0.420323, -0.0143678, -0.998852, 0.0407323
5.41202, 5.27998, 0.42218, 0.0109979, 0.999009, -0.038124
5.4121, 5.28165, 0.424856, 0.0126871, 0.999002, -0.0358659
5.41285, 5.28278, 0.422434, 0.013603, 0.998797, -0.0398557
5.41297, 5.28033, 0.423657, 0.013123, 0.998989, -0.0366035
5.41258, 5.28073, 0.420678, -0.0141, -0.999084, 0.033228
5.41386, 5.28025, 0.41786, 0.0131326, 0.999041, -0.0357602
5.41193, 5.28039, 0.419883, 0.0147912, 0.999045, -0.0328407
5.41167, 5.27997, 0.423212, -0.0133197, -0.999367, 0.0285595
5.41265, 5.28161, 0.420618, -0.0149227, -0.998908, 0.0374565
5.41209, 5.28315, 0.420581, -0.00935635, -0.999246, 0.03319
5.41203, 5.28087, 0.420694, 0.0133662, 0.998972, -0.0356658
5.41249, 5.28102, 0.422338, 0.0120176, 0.999141, -0.0318445
5.41224, 5.27944, 0.420452, -0.0153317, -0.99899, 0.0360787
5.41225, 5.28307, 0.420599, -0.0133174, -0.999123, 0.0309958
5.41245, 5.28118, 0.423062, -0.0133233, -0.998717, 0.0434706
5.41279, 5.2792, 0.421781, -0.0129276, -0.999366, 0.0264855
5.41295, 5.28338, 0.421206, -0.0127085, -0.999129, 0.0348254
5.41137, 5.27863, 0.423411, -0.0140024, -0.999254, 0.0301016
5.4127, 5.28494, 0.420559, 0.0117693, 0.998781, -0.0401414
5.41278, 5.27947, 0.419577, 0.00966347, 0.999052, -0.0375101
5.41263, 5.2798, 0.421501, -0.0142192, -0.998678, 0.0415398
5.41175, 5.28033, 0.419224, -0.0133199, -0.999135, 0.0340118
5.41298, 5.27986, 0.421097, 0.00928589, 0.999085, -0.0361395
5.4132, 5.28195, 0.419148, -0.00854998, -0.999197, 0.0323368
5.41253, 5.27986, 0.420807, -0.0137679, -0.998904, 0.0362772
5.41345, 5.2805, 0.420289, -0.010933, -0.998683, 0.0432054
5.41204, 5.28133, 0.420565, -0.0166456, -0.998931, 0.0377043
5.41338, 5.2818, 0.418567, 0.0090888, 0.999175, -0.0312292
5.41229, 5.28218, 0.419883, -0.00892652, -0.999103, 0.0359311
5.41094, 5.2807, 0.424716, 0.0149488, 0.999042, -0.0353967
5.41267, 5.27962, 0.422733, 0.0137282, 0.999346, -0.0286823
5.412, 5.27961, 0.424479, -0.0115651, -0.999146, 0.0340446
5.41311, 5.28212, 0.421009, 0.0103605, 0.999071, -0.0341986
5.41243, 5.28087, 0.422194, 0.0137559, 0.999182, -0.0324759
5.41228, 5.28007, 0.422089, 0.0136477, 0.999031, -0.0373417
5.41221, 5.27874, 0.423665, 0.0150925, 0.998684, -0.0432736
5.41142, 5.27832, 0.421881, -0.0130895, -0.999188, 0.0331666
5.41288, 5.28009, 0.423012, 0.0114123, 0.999156, -0.0344414
5.41189, 5.27991, 0.421307, 0.0114556, 0.999029, -0.0368776
5.41197, 5.27804, 0.423153, 0.0138593, 0.999246, -0.0292884
5.41321, 5.28075, 0.420538, -0.0129813, -0.99903, 0.0351921
5.41224, 5.28064, 0.420921, -0.00871471, -0.999203, 0.0331788
5.41242, 5.27924, 0.420948, -0.0155329, -0.999153, 0.0315609
5.41165, 5.2818, 0.421734, 0.0166433, 0.99898, -0.0365618
5.41209, 5.28115, 0.423631, -0.0130391, -0.999049, 0.0357366
5.41244, 5.28072, 0.420131, 0.0116899, 0.999254, -0.0324498
5.41183, 5.28283, 0.42319, -0.0169397, -0.998795, 0.039881
5.41183, 5.28074, 0.423341, 0.0120417, 0.999073, -0.0343137
5.41238, 5.28296, 0.425671, -0.0118546, -0.999242, 0.0336916
5.41134, 5.27905, 0.42121, -0.0143547, -0.999219, 0.0295549
5.41263, 5.28081, 0.422044, 0.0109254, 0.998945, -0.0392128
5.41226, 5.27864, 0.419787, -0.0157579, -0.998965, 0.0352803
5.41188, 5.28026, 0.424618, 0.014234, 0.999143, -0.0332717
5.41265, 5.28268, 0.421489, -0.0115127, -0.998812, 0.0408494
5.41294, 5.28256, 0.421981, 0.012533, 0.999184, -0.0342839
5.412, 5.27917, 0.42168, -0.0124069, -0.999232, 0.027875
5.41247, 5.28206, 0.422223, 0.0140746, 0.999095, -0.0344542
5.4123, 5.27915, 0.419718, 0.0122639, 0.999214, -0.0316492
5.41256, 5.27859, 0.422267, -0.0127296, -0.999068, 0.0368784
5.41221, 5.28122, 0.420886, 0.0111265, 0.99909, -0.0347565
5.41198, 5.28051, 0.421275, 0.0136629, 0.999151, -0.033244
5.41248, 5.2795, 0.421824, 0.0125895, 0.999134, -0.0314169
5.41242, 5.28158, 0.424187, -0.0133808, -0.999226, 0.0321785
5.41201, 5.27774, 0.421952, 0.0127908, 0.99923, -0.0324029
5.41219, 5.27817, 0.420586, 0.0151955, 0.998866, -0.0382596
5.41196, 5.27808, 0.422552, -0.0137693, -0.999292, 0.0273001
5.41204, 5.28026, 0.420768, -0.0146567, -0.998977, 0.0364783
5.41197, 5.28038, 0.422301, -0.0124627, -0.999089, 0.0333997
5.41206, 5.27955, 0.424217, -0.0125107, -0.999033, 0.0366911
5.41152, 5.27902, 0.423852, -0.0131118, -0.99884, 0.0431326
5.41248, 5.27948, 0.420189, 0.0133152, 0.999026, -0.0372174
5.41218, 5.2798, 0.420348, 0.0129501, 0.999041, -0.0339534
5.41229, 5.2784, 0.420465, -0.0170358, -0.999121, 0.0311456
5.41203, 5.28011, 0.420076, 0.0131042, 0.999116, -0.0332449
5.41228, 5.27922, 0.420174, 0.0156145, 0.998825, -0.0397223
5.4117, 5.27829, 0.421475, -0.0146103, -0.998861, 0.038452
5.41231, 5.27899, 0.423734, -0.0131029, -0.999172, 0.032162
5.41184, 5.2788, 0.423833, -0.0127824, -0.999261, 0.0316774
5.41155, 5.28185, 0.421004, 0.0136982, 0.999376, -0.0270129
5.4119, 5.28265, 0.422672, 0.0150452, 0.998867, -0.0384754
5.41323, 5.27981, 0.41944, 0.00912863, 0.999099, -0.0358061
5.41237, 5.28163, 0.421985, -0.0113709, -0.99902, 0.0376255
5.41327, 5.28436, 0.418164, -0.0149095, -0.999079, 0.0325056
5.41195, 5.27959, 0.42304, 0.0122637, 0.999135, -0.0337322
5.41208, 5.27984, 0.420559, 0.0105284, 0.99911, -0.0334198
5.4125, 5.28294, 0.422046, -0.0121883, -0.998928, 0.0381597
5.41225, 5.28197, 0.421565, -0.0116638, -0.998816, 0.0421142
5.41274, 5.27949, 0.419634, 0.0146214, 0.999194, -0.0318022
5.4118, 5.28108, 0.423224, -0.0135337, -0.999069, 0.0369404
5.4127, 5.28253, 0.420931, 0.0136719, 0.998986, -0.0368543
5.41202, 5.28138, 0.424609, -0.0142288, -0.99899, 0.0367835
5.41265, 5.28148, 0.420869, -0.00970416, -0.998802, 0.0417385
5.41275, 5.27979, 0.42164, 0.0116117, 0.999085, -0.0366759
5.41323, 5.2797, 0.421523, 0.0109427, 0.999177, -0.0322835
5.41318, 5.28211, 0.420267, -0.00906684, -0.999051, 0.0356887
5.41275, 5.28045, 0.420043, -0.0151262, -0.998921, 0.0376942
5.41213, 5.27933, 0.421556, -0.0132346, -0.999263, 0.0303007
5.41192, 5.27949, 0.422607, 0.0126571, 0.999017, -0.0384757
5.41195, 5.27976, 0.421568, 0.0157599, 0.998695, -0.0431898
5.41327, 5.28434, 0.419299, 0.00983838, 0.998911, -0.03579
5.41207, 5.27836, 0.421164, 0.0126731, 0.999077, -0.036776
5.41131, 5.27844, 0.422039, 0.0131043, 0.999074, -0.0355838
5.41233, 5.28238, 0.422744, -0.0121307, -0.998969, 0.0343467
5.4127, 5.28128, 0.422723, 0.0108888, 0.999177, -0.0340605
5.41293, 5.28234, 0.422869, -0.0109956, -0.999072, 0.035626
5.41273, 5.2791, 0.422078, 0.0139739, 0.999072, -0.0346254
5.41203, 5.27983, 0.426083, 0.012701, 0.999065, -0.0370446
5.41289, 5.27864, 0.423793, -0.0144931, -0.998851, 0.040553
5.41127, 5.28198, 0.422459, -0.0145239, -0.998723, 0.0412461
5.41279, 5.27968, 0.420449, 0.0134439, 0.99915, -0.0336838
5.41326, 5.28249, 0.42105, 0.0118345, 0.999079, -0.0351213
5.41192, 5.28229, 0.420039, 0.0166742, 0.999157, -0.0314998
5.41207, 5.27803, 0.422999, 0.0125637, 0.999231, -0.0283318
5.41342, 5.27974, 0.418852, 0.0158388, 0.998949, -0.0348704
5.41273, 5.28375, 0.4206, 0.0113853, 0.998751, -0.0440587
5.41265, 5.27904, 0.422554, 0.0139933, 0.999039, -0.0344329
5.41238, 5.28152, 0.419718, 0.0122034, 0.999207, -0.0328582
5.41171, 5.27794, 0.422478, -0.0131906, -0.999277, 0.0297651
5.41229, 5.28269, 0.421271, 0.00947216, 0.999338, -0.0300321
5.41267, 5.27998, 0.421928, 0.0119217, 0.999009, -0.037592
5.41206, 5.27949, 0.421094, -0.0119602, -0.999244, 0.0301863
5.41274, 5.28105, 0.41956, -0.0109218, -0.999109, 0.0355456
5.41216, 5.28117, 0.42046, 0.0108998, 0.999125, -0.0356479
5.41308, 5.28116, 0.423769, -0.0121865, -0.999135, 0.0339364
5.41279, 5.27851, 0.420121, 0.0133378, 0.99916, -0.0314156
5.41311, 5.28004, 0.422589, -0.0112117, -0.999045, 0.0362597
5.41162, 5.28021, 0.421916, 0.014531, 0.999051, -0.0344593
5.4129, 5.28034, 0.41971, 0.0127792, 0.998836, -0.0424485
5.41207, 5.28022, 0.422171, -0.0128052, -0.999254, 0.0323131
5.41206, 5.27947, 0.422384, -0.012349, -0.998949, 0.038198
5.41216, 5.27894, 0.421144, -0.0135759, -0.99916, 0.0328676
5.41184, 5.28033, 0.423048, 0.012986, 0.99912, -0.0340863
5.4134, 5.28058, 0.421198, 0.00967916, 0.999173, -0.0311444
5.41295, 5.27989, 0.420156, -0.0146292, -0.999008, 0.035974
5.41149, 5.27937, 0.421475, 0.0134467, 0.999164, -0.0323613
5.41256, 5.27819, 0.419843, 0.0143143, 0.999146, -0.0326034
5.41199, 5.27985, 0.422351, -0.0148534, -0.998837, 0.0376078
5.413, 5.27904, 0.421956, -0.0093834, -0.999142, 0.0303639
5.41395, 5.27972, 0.422993, -0.00994393, -0.998851, 0.0388295
5.41239, 5.28072, 0.418458, -0.0135479, -0.999231, 0.0323053
5.41289, 5.27953, 0.423335, 0.0137456, 0.999129, -0.031728
5.41297, 5.2797, 0.421423, 0.0139545, 0.999088, -0.0360413
5.41269, 5.28145, 0.423141, -0.0140302, -0.998997, 0.0370253
5.41248, 5.28253, 0.422489, -0.0145255, -0.998997, 0.0365183
5.41205, 5.28312, 0.422904, 0.0127979, 0.999103, -0.0334845
5.41264, 5.28098, 0.420056, 0.0141502, 0.998854, -0.0395914
5.41214, 5.28152, 0.419455, -0.0118801, -0.998835, 0.0399946
5.41309, 5.283, 0.420748, 0.0116568, 0.998987, -0.0351593
5.4133, 5.27875, 0.422319, -0.00814134, -0.999195, 0.0341384
5.41196, 5.27919, 0.420162, -0.0110112, -0.999283, 0.0289582
5.4123, 5.28204, 0.420099, 0.01323, 0.998953, -0.037875
5.41218, 5.27895, 0.420772, -0.0115622, -0.999164, 0.0350896
5.41255, 5.28053, 0.4213, 0.0130096, 0.999054, -0.0354248
5.41248, 5.28036, 0.419688, 0.0136314, 0.998976, -0.0379182
5.41249, 5.27947, 0.421968, 0.0155269, 0.998879, -0.0407232
5.41214, 5.28372, 0.423683, -0.0145141, -0.998802, 0.0399871
5.41213, 5.27877, 0.421061, 0.0120647, 0.999114, -0.0342841
5.41319, 5.2834, 0.421516, -0.0109785, -0.999065, 0.0356087
5.41323, 5.27928, 0.42195, 0.0134285, 0.998986, -0.0383054
5.41257, 5.27938, 0.421984, -0.0141727, -0.999095, 0.0334244
5.41242, 5.28079, 0.423428, -0.0117035, -0.998791, 0.0434121
5.4135, 5.28034, 0.418823, -0.00963261, -0.999224, 0.0307196
5.41196, 5.28086, 0.420438, 0.0143513, 0.998977, -0.0377357
5.41238, 5.28119, 0.422127, -0.01513, -0.99886, 0.0393597
5.41208, 5.28128, 0.423076, 0.0147747, 0.99888, -0.0379732
5.41163, 5.28022, 0.419975, -0.0108481, -0.999254, 0.0304798
5.41206, 5.28038, 0.423158, -0.0119107, -0.999309, 0.0293055
5.41294, 5.27809, 0.420385, -0.0144244, -0.999146, 0.0334726
5.41234, 5.28069, 0.421169, 0.01262, 0.998984, -0.0371974
5.41206, 5.2794, 0.4218, -0.0143144, -0.999111, 0.0347556
5.41217, 5.28137, 0.419671, -0.0114364, -0.99912, 0.0359374
5.41255, 5.28379, 0.419486, 0.0132177, 0.998841, -0.0402906
5.41254, 5.28019, 0.421977, -0.012257, -0.999116, 0.0345847
5.41323, 5.28014, 0.418472, 0.0130722, 0.998785, -0.0414812
5.41359, 5.28158, 0.42095, 0.00844717, 0.998964, -0.0390886
5.41271, 5.27974, 0.421098, 0.0133052, 0.999002, -0.0384374
5.41201, 5.27898, 0.419931, 0.0162168, 0.99922, -0.0295274
5.41352, 5.28412, 0.4189, 0.0113341, 0.999192, -0.0341153
5.4118, 5.28015, 0.424187, -0.0105683, -0.999258, 0.0317381
5.41248, 5.28082, 0.422535, 0.0135293, 0.999226, -0.0327338
5.41184, 5.27956, 0.42367, 0.0147213, 0.999186, -0.0322881
5.41222, 5.28175, 0.422427, -0.0143826, -0.998828, 0.0410664
5.41296, 5.27835, 0.420517, -0.010873, -0.99914, 0.0348017
5.4122, 5.27823, 0.420859, -0.0132107, -0.999081, 0.0345417
5.41294, 5.27923, 0.421887, -0.0115467, -0.998978, 0.0385497
5.41323, 5.28157, 0.422967, 0.010852, 0.999091, -0.0360267
5.41245, 5.28289, 0.421257, -0.0127619, -0.99887, 0.0399034
5.41309, 5.28404, 0.421043, 0.0141388, 0.998736, -0.0413303
5.41304, 5.27958, 0.421576, -0.0126943, -0.999115, 0.0341881
5.41203, 5.28154, 0.422703, 0.0121796, 0.998603, -0.0460473
5.41224, 5.28058, 0.420079, 0.0109878, 0.998981, -0.0378777
5.41171, 5.27974, 0.420038, 0.0163932, 0.999151, -0.0321322
5.41163, 5.28126, 0.423082, -0.0150717, -0.999082, 0.0344948
5.41244, 5.28007, 0.423014, -0.0109662, -0.999429, 0.027018
5.41194, 5.28107, 0.42235, -0.0130006, -0.998956, 0.0374975
5.41169, 5.27883, 0.42305, 0.0133294, 0.998941, -0.0392187
5.41301, 5.27863, 0.420368, -0.0109228, -0.999127, 0.0364894
5.41228, 5.27824, 0.423132, 0.0155481, 0.999235, -0.0305006
5.41224, 5.28018, 0.419184, -0.012671, -0.999182, 0.0328247
5.41394, 5.28132, 0.417979, 0.0123387, 0.999207, -0.0299713
5.41361, 5.27901, 0.418455, 0.0120011, 0.999279, -0.0310278
5.41275, 5.27823, 0.420874, -0.0128869, -0.999058, 0.0348903
5.41199, 5.27783, 0.423254, 0.0137811, 0.999094, -0.0343267
5.41212, 5.27949, 0.422053, 0.0128349, 0.998889, -0.0370205
5.41172, 5.2826, 0.423702, 0.0138678, 0.998631, -0.0449638
5.41181, 5.27819, 0.419519, -0.0153798, -0.999035, 0.0352859
5.41217, 5.28145, 0.418264, 0.0152019, 0.998902, -0.0361997
5.41279, 5.28364, 0.420127, 0.0107577, 0.998801, -0.0399735
5.41202, 5.28079, 0.42141, 0.0149281, 0.999146, -0.0339968
5.41131, 5.28134, 0.420267, -0.0136852, -0.999031, 0.0303036
5.4125, 5.28077, 0.422157, 0.0156893, 0.998776, -0.0427282
5.41269, 5.28106, 0.41952, 0.0124027, 0.999194, -0.0323119
5.41317, 5.2841, 0.421875, 0.0127707, 0.9985, -0.046327
5.4137, 5.28056, 0.419879, 0.0102482, 0.999072, -0.0371855
5.41303, 5.28156, 0.419742, 0.0142605, 0.998848, -0.037268
5.41295, 5.2814, 0.423034, 0.0146175, 0.998601, -0.0461924
5.41293, 5.28216, 0.419723, 0.0132598, 0.998936, -0.0388702
5.41157, 5.28313, 0.424399, -0.0144869, -0.999099, 0.0349527
5.41294, 5.2822, 0.422709, -0.0108, -0.998992, 0.0364455
5.41235, 5.2817, 0.4208, 0.0139663, 0.999207, -0.0319253
5.41288, 5.27795, 0.422062, 0.0116629, 0.999201, -0.0340741
5.41212, 5.27911, 0.420097, -0.0151014, -0.998879, 0.0375473
5.41112, 5.28078, 0.422663, 0.013022, 0.999091, -0.0346959
5.41254, 5.2814, 0.421406, 0.0118454, 0.999075, -0.0373846
5.41262, 5.2821, 0.421188, 0.011195, 0.998986, -0.0377127
5.41312, 5.28021, 0.419656, 0.00974406, 0.999046, -0.0388953
5.41179, 5.28068, 0.423284, 0.0130177, 0.999282, -0.0287937
5.41241, 5.27896, 0.422504, 0.0129248, 0.998807, -0.041934
5.41204, 5.27765, 0.423789, 0.0105728, 0.999221, -0.0346074
5.41355, 5.28098, 0.420409, 0.0100961, 0.999128, -0.0338042
5.41228, 5.28066, 0.42135, 0.0155454, 0.99862, -0.0438227
5.41301, 5.28044, 0.418895, -0.0125499, -0.99894, 0.0372086
5.4122, 5.28136, 0.424179, -0.0112704, -0.998817, 0.0420199
5.41173, 5.27897, 0.422418, 0.0137166, 0.999376, -0.0278
5.4131, 5.2817, 0.420054, -0.0113019, -0.999019, 0.0387041
5.41239, 5.27829, 0.418902, -0.0126467, -0.999123, 0.0364723
5.4134, 5.28142, 0.420796, 0.0127097, 0.998958, -0.0389979
5.41288, 5.28172, 0.42272, 0.0109541, 0.998993, -0.0381583
5.41201, 5.27839, 0.422985, -0.015674, -0.99906, 0.035632
5.41327, 5.27993, 0.419118, 0.010258, 0.999141, -0.0329513
5.41319, 5.28008, 0.419443, -0.0136652, -0.999091, 0.0332367
5.41199, 5.28257, 0.42165, 0.0137008, 0.99927, -0.030155
5.41176, 5.28049, 0.420419, -0.014756, -0.999205, 0.031388
5.41332, 5.28026, 0.420669, 0.0122735, 0.999099, -0.0354867
5.41238, 5.28109, 0.420801, 0.0137474, 0.998959, -0.0357387
5.41344, 5.28048, 0.419227, -0.0140013, -0.998901, 0.0343602
5.41167, 5.2772, 0.424527, -0.0113026, -0.999234, 0.032096
5.41217, 5.28178, 0.421664, -0.0155204, -0.999128, 0.0302092
5.41237, 5.27788, 0.421726, -0.0125143, -0.9992, 0.0333298
5.41212, 5.27852, 0.421929, -0.0125726, -0.999069, 0.0337743
5.41148, 5.27986, 0.421497, 0.0160399, 0.99885, -0.0368423
5.4137, 5.28092, 0.420482, 0.00984127, 0.999144, -0.0339231
5.41289, 5.285, 0.420544, -0.0128353, -0.998909, 0.0365432
5.41123, 5.27784, 0.424366, 0.0128396, 0.999389, -0.0293452
5.41204, 5.28065, 0.422702, -0.0126603, -0.998822, 0.0413566
5.41187, 5.27849, 0.420644, 0.0153405, 0.998882, -0.0377978
5.4126, 5.28139, 0.42015, 0.0123136, 0.998985, -0.0376001
5.41248, 5.28198, 0.420383, -0.0139031, -0.999118, 0.0339824
5.41295, 5.27957, 0.420927, 0.015138, 0.999208, -0.0322873
5.41264, 5.27926, 0.421437, -0.0118416, -0.999046, 0.0359617
5.41262, 5.28078, 0.422277, -0.0111674, -0.999023, 0.0339301
5.412, 5.27896, 0.423937, -0.0154435, -0.998999, 0.0365876
5.41369, 5.28134, 0.419901, -0.0101633, -0.999233, 0.0315992
5.41228, 5.27933, 0.421654, -0.0101131, -0.999282, 0.0284319
5.4123, 5.28, 0.42192, 0.0154091, 0.998879, -0.038799
5.41345, 5.28043, 0.420223, -0.0107632, -0.999026, 0.0357744
5.41254, 5.27956, 0.4247, -0.0125728, -0.999016, 0.0378115
5.41245, 5.28039, 0.423391, -0.0142527, -0.999102, 0.0339152
5.41315, 5.27828, 0.41913, -0.0112536, -0.999043, 0.0368315
5.41196, 5.27954, 0.420313, -0.0166447, -0.998912, 0.0379921
5.41297, 5.28129, 0.420049, -0.011455, -0.99918, 0.033494
5.41247, 5.28157, 0.420592, 0.0111664, 0.999142, -0.0355452
5.41311, 5.28385, 0.421905, 0.0139201, 0.999169, -0.0314945
5.4126, 5.28293, 0.420313, -0.012211, -0.999202, 0.0338785
5.41206, 5.28316, 0.421248, -0.0134488, -0.999233, 0.0314119
5.41268, 5.27971, 0.421676, 0.0157677, 0.999209, -0.0296598
5.41257, 5.28115, 0.421552, -0.0132199, -0.999065, 0.037036
5.41248, 5.27874, 0.422174, -0.0129776, -0.999147, 0.0332023
5.41175, 5.28567, 0.421245, 0.0138234, 0.998737, -0.0432436
5.41196, 5.27892, 0.421395, -0.0159262, -0.999245, 0.0288279
5.41202, 5.27879, 0.421305, 0.0129164, 0.998984, -0.0389415
5.41204, 5.27908, 0.423088, 0.012369, 0.999135, -0.0352292
5.41325, 5.27977, 0.419272, 0.00973612, 0.998855, -0.040986
5.41212, 5.27976, 0.421228, -0.0117143, -0.999129, 0.0350219
5.41254, 5.27807, 0.422677, -0.0135245, -0.99908, 0.0364124
5.41276, 5.28199, 0.421621, 0.0111268, 0.999293, -0.029454
5.41322, 5.27858, 0.419239, -0.0130609, -0.999161, 0.031982
5.41242, 5.28056, 0.421578, 0.014608, 0.998863, -0.0401506
5.4132, 5.28018, 0.420995, 0.0108992, 0.999116, -0.0335938
5.41185, 5.2789, 0.423665, 0.0138825, 0.999177, -0.0323702
5.41205, 5.28072, 0.419206, 0.0148564, 0.999226, -0.0326437
5.41266, 5.28028, 0.421216, -0.0121205, -0.999196, 0.0291144
5.4129, 5.28228, 0.420583, -0.0124251, -0.99914, 0.0342125
5.41219, 5.28123, 0.423405, -0.0138899, -0.999109, 0.0336188
5.41223, 5.27913, 0.421347, 0.013563, 0.999223, -0.0314066
5.41313, 5.28193, 0.421158, -0.013634, -0.999029, 0.0366728
5.41182, 5.27991, 0.42074, 0.0175761, 0.998981, -0.0331141
5.41193, 5.27948, 0.421669, -0.0129137, -0.998926, 0.0393665
5.41171, 5.28187, 0.421598, -0.0139327, -0.998953, 0.0373912
5.41204, 5.28111, 0.41892, 0.0158164, 0.998904, -0.0389549
5.41221, 5.27953, 0.420075, -0.0109219, -0.999213, 0.0331587
5.41241, 5.27879, 0.42134, -0.0123667, -0.998903, 0.0382358
5.41335, 5.28098, 0.423108, -0.0085289, -0.998837, 0.0404795
5.41273, 5.28088, 0.422509, 0.0126114, 0.999197, -0.0335674
5.41375, 5.28218, 0.418814, 0.0126805, 0.999136, -0.0339247
5.41332, 5.28066, 0.420261, -0.0146042, -0.999032, 0.0359222
5.41267, 5.28263, 0.421486, 0.0117272, 0.998851, -0.0405203
5.41235, 5.27888, 0.423903, -0.0118183, -0.999147, 0.0316945
5.41197, 5.2797, 0.421957, -0.0112255, -0.999274, 0.0325855
5.41265, 5.27894, 0.421023, 0.0116759, 0.99907, -0.0349845
5.41219, 5.2783, 0.420387, -0.0142239, -0.999259, 0.0287411
5.41178, 5.27969, 0.420928, 0.0160583, 0.998997, -0.0367155
5.41347, 5.28478, 0.421178, -0.0122349, -0.998878, 0.0393052
5.41212, 5.27988, 0.422062, -0.0149448, -0.999126, 0.0338024
5.41242, 5.27799, 0.418816, -0.0148235, -0.998874, 0.0376848
5.41203, 5.28068, 0.422698, 0.0121032, 0.999121, -0.0336076
5.4118, 5.27999, 0.421249, 0.0148216, 0.998971, -0.0390548
5.4117, 5.2802, 0.422093, -0.0147703, -0.999238, 0.030066
5.41236, 5.28005, 0.418109, 0.0146546, 0.999075, -0.0346214
5.41256, 5.28123, 0.420581, 0.00969088, 0.999085, -0.0370655
5.41428, 5.28114, 0.422913, 0.0107308, 0.998796, -0.0444226
5.41231, 5.27981, 0.422544, -0.0119658, -0.999359, 0.0278135
5.41258, 5.27843, 0.423334, -0.0121691, -0.999167, 0.0346682
5.41224, 5.28138, 0.422173, 0.0116533, 0.999204, -0.0315272
5.41271, 5.28202, 0.419711, 0.0125541, 0.999097, -0.0342092
5.41265, 5.27965, 0.421665, -0.0139124, -0.998981, 0.0379357
5.41267, 5.28376, 0.419453, -0.00920582, -0.998941, 0.038834
5.41278, 5.28046, 0.421698, 0.0125032, 0.999103, -0.0346229
5.41226, 5.28104, 0.423066, -0.0111364, -0.998841, 0.0433298
5.41336, 5.28121, 0.418177, 0.00991827, 0.999101, -0.0357816
5.41244, 5.28103, 0.42221, 0.0143767, 0.99899, -0.034008
5.41212, 5.27977, 0.422592, -0.0148448, -0.999052, 0.0367196
5.41277, 5.28142, 0.422283, -0.00833365, -0.999149, 0.036048
5.41172, 5.28042, 0.421979, 0.0136091, 0.999019, -0.0379199
5.41211, 5.27943, 0.421363, -0.0119075, -0.99912, 0.0317215
5.41243, 5.27957, 0.42021, -0.0150129, -0.999185, 0.0317505
5.4118, 5.27798, 0.422315, 0.0112386, 0.999242, -0.0310488
5.41144, 5.2774, 0.423217, -0.0151233, -0.999179, 0.0295174
5.4117, 5.27795, 0.423404, 0.0153459, 0.999026, -0.0358841
5.41334, 5.2801, 0.420493, -0.00945914, -0.999097, 0.0374675
5.41351, 5.27946, 0.421314, -0.0123403, -0.998868, 0.0410876
5.41233, 5.28422, 0.420205, 0.0150247, 0.998897, -0.0399219
5.41264, 5.2782, 0.42071, -0.0120107, -0.99933, 0.0303279
5.41258, 5.27903, 0.421435, 0.013498, 0.999179, -0.0326504
5.41227, 5.28178, 0.420972, 0.0132979, 0.999017, -0.0331147
5.41195, 5.27979, 0.419882, 0.0151254, 0.998966, -0.0372558
5.41236, 5.27837, 0.422384, -0.0132538, -0.999237, 0.0304293
5.41244, 5.28132, 0.422388, -0.010872, -0.999122, 0.0346385
5.4133, 5.28008, 0.422654, 0.0109471, 0.999071, -0.0375755
5.4121, 5.27854, 0.421956, -0.0141985, -0.999029, 0.0361125
5.41234, 5.27967, 0.421903, 0.0153416, 0.999141, -0.0329939
5.41317, 5.28035, 0.423135, 0.011039, 0.998881, -0.0383664
5.4128, 5.27825, 0.420585, -0.0135676, -0.999072, 0.0368134
5.41363, 5.27999, 0.420902, -0.00884603, -0.999146, 0.0348148
5.4131, 5.28186, 0.419844, 0.0129175, 0.999083, -0.0321444
5.41222, 5.27778, 0.425382, 0.0118793, 0.998807, -0.0413611
5.41247, 5.27976, 0.422965, -0.0143569, -0.998903, 0.0381972
5.41331, 5.27955, 0.419942, 0.0134124, 0.998977, -0.0353255
5.41151, 5.28024, 0.419538, 0.0179025, 0.998897, -0.0375917
5.41216, 5.27851, 0.421766, -0.0127606, -0.99924, 0.0321576
5.41284, 5.279, 0.420915, -0.0168685, -0.99896, 0.0371187
5.41245, 5.27921, 0.419483, 0.0145115, 0.999066, -0.0337766
5.41263, 5.27838, 0.420975, 0.0159002, 0.998982, -0.0368885
5.41305, 5.28008, 0.421431, 0.0140837, 0.999149, -0.0318676
5.41264, 5.2795, 0.42245, 0.0132222, 0.999141, -0.0342887
5.41304, 5.28013, 0.421601, 0.0119759, 0.998993, -0.0377965
5.41181, 5.28062, 0.420614, 0.0148574, 0.999244, -0.0302581
5.41357, 5.28461, 0.418723, -0.00910847, -0.998968, 0.0352191
5.41265, 5.28068, 0.42151, -0.012333, -0.998847, 0.0393004
5.41184, 5.28069, 0.421054, 0.0123563, 0.998946, -0.0405206
5.41229, 5.27835, 0.423357, 0.011373, 0.999042, -0.0366389
5.41298, 5.28677, 0.423098, 0.0103218, 0.998934, -0.040484
5.41217, 5.28043, 0.419527, 0.0125126, 0.999123, -0.0343618
5.41167, 5.27874, 0.421107, 0.0143269, 0.999204, -0.0319329
5.41189, 5.27978, 0.422281, 0.0170976, 0.998792, -0.0378575
5.41179, 5.27813, 0.423811, -0.0133208, -0.999041, 0.0362441
5.41251, 5.27954, 0.423214, 0.0125841, 0.999356, -0.0293238
5.41296, 5.27907, 0.421599, 0.0112638, 0.99904, -0.0382563
5.4125, 5.28059, 0.420687, -0.0139912, -0.999235, 0.030885
5.41203, 5.28271, 0.422476, -0.0105634, -0.999004, 0.0384239
5.41113, 5.27865, 0.422591, 0.0140227, 0.999177, -0.0333806
5.41298, 5.27816, 0.420456, -0.0132916, -0.99917, 0.0310014
5.41217, 5.28446, 0.422919, -0.0139012, -0.998881, 0.0402904
5.41203, 5.27987, 0.419685, 0.0159351, 0.999109, -0.0307575
5.41308, 5.27999, 0.4197, -0.00981994, -0.999021, 0.0387062
5.4126, 5.27954, 0.420614, -0.0135656, -0.999276, 0.0286669
5.41218, 5.28159, 0.418849, 0.017134, 0.999076, -0.0321364
5.41328, 5.28024, 0.422428, -0.00977456, -0.998887, 0.0384575
5.41325, 5.28147, 0.419747, -0.0161076, -0.998888, 0.0387159
5.41347, 5.28008, 0.419444, 0.0133325, 0.999094, -0.0337738
5.41234, 5.28175, 0.423449, 0.0126558, 0.999032, -0.0355354
5.41194, 5.2797, 0.421209, 0.0136023, 0.998844, -0.0396907
5.41245, 5.28318, 0.422658, 0.013062, 0.99913, -0.0322273
5.4126, 5.28206, 0.421358, 0.0118167, 0.999147, -0.0352231
5.41289, 5.28237, 0.419562, 0.0153173, 0.998725, -0.0420952
5.41236, 5.27945, 0.421363, 0.0140867, 0.999155, -0.0338336
5.4123, 5.27897, 0.422385, 0.0100117, 0.999406, -0.0293272
5.41332, 5.28201, 0.419601, -0.00963658, -0.999222, 0.0328364
5.41203, 5.2787, 0.421843, -0.0145097, -0.999134, 0.0315871
5.41245, 5.28116, 0.42166, 0.0149814, 0.999025, -0.0356588
5.41221, 5.27715, 0.423209, -0.0126766, -0.999174, 0.0333133
5.41275, 5.28053, 0.421777, -0.0157909, -0.998973, 0.035955
5.41323, 5.27841, 0.419848, 0.0136717, 0.99922, -0.0321238
5.41204, 5.27939, 0.424609, 0.0147064, 0.999104, -0.0306289
5.41282, 5.27962, 0.421554, 0.0114779, 0.999194, -0.0353668
5.41311, 5.27935, 0.419737, -0.0133688, -0.999019, 0.0360407
5.41246, 5.28221, 0.421062, 0.0111393, 0.999039, -0.0367412
5.413, 5.28, 0.422661, 0.0132387, 0.998836, -0.0389433
5.41305, 5.28179, 0.418502, 0.0102758, 0.999004, -0.0342061
5.41273, 5.2781, 0.41934, 0.0123355, 0.999121, -0.0333811
5.41214, 5.28209, 0.422107, -0.0115367, -0.999241, 0.0311663
5.41234, 5.28225, 0.421977, 0.0132732, 0.998824, -0.0406418
5.41215, 5.28064, 0.422561, -0.0141118, -0.998887, 0.0399119
5.41307, 5.28309, 0.420663, -0.0115187, -0.998949, 0.0371454
5.41188, 5.28022, 0.42377, -0.0155346, -0.99886, 0.0395912
5.41158, 5.2838, 0.422949, 0.0156995, 0.99896, -0.0365419
5.41253, 5.28061, 0.423697, -0.015194, -0.999178, 0.032542
5.41254, 5.28324, 0.420425, -0.0131874, -0.998741, 0.0428849
5.41288, 5.27873, 0.422117, -0.0110541, -0.99901, 0.0391627
5.41216, 5.28129, 0.422341, 0.0145162, 0.999027, -0.036434
5.41251, 5.2835, 0.418521, -0.0158658, -0.998926, 0.0383026
5.41245, 5.2802, 0.421543, -0.0132395, -0.999142, 0.0341603
5.41274, 5.2829, 0.420998, 0.0139623, 0.99859, -0.0459306
5.41234, 5.27848, 0.420998, 0.012213, 0.998739, -0.0451367
5.41242, 5.28052, 0.422772, 0.0128884, 0.999048, -0.0360384
5.41207, 5.28013, 0.424254, -0.0103893, -0.998989, 0.0406848
5.41267, 5.2826, 0.420974, -0.0122162, -0.999041, 0.0354033
5.41225, 5.27822, 0.421427, -0.0144405, -0.999012, 0.0369478
5.41243, 5.2815, 0.423126, -0.0129042, -0.999055, 0.0351318
5.41203, 5.27925, 0.42329, -0.013565, -0.998944, 0.0380972
5.41316, 5.28146, 0.421236, 0.0149666, 0.998775, -0.0420349
5.4123, 5.28258, 0.422299, 0.0152531, 0.999037, -0.0338365
5.41274, 5.27979, 0.421656, 0.0133609, 0.998859, -0.0414737
5.41346, 5.28608, 0.419567, 0.0121869, 0.998875, -0.0401575
5.41255, 5.2801, 0.419492, 0.012687, 0.999384, -0.028146
5.41178, 5.27867, 0.422668, 0.0136484, 0.999211, -0.0323365
5.41265, 5.28123, 0.420048, -0.0158356, -0.998969, 0.0341085
5.4123, 5.28003, 0.420625, 0.0140376, 0.998819, -0.0408486
5.41349, 5.27995, 0.418338, 0.0125155, 0.999076, -0.0358286
5.4122, 5.28044, 0.422506, -0.0156108, -0.999086, 0.0335259
5.41254, 5.27968, 0.423154, 0.0142089, 0.998851, -0.040777
5.41294, 5.27758, 0.422723, 0.0147048, 0.999098, -0.0338703
5.41274, 5.27931, 0.421389, 0.014479, 0.998863, -0.037374
5.41259, 5.28046, 0.417733, -0.0135996, -0.999066, 0.0341351
5.41209, 5.27997, 0.424321, -0.0144964, -0.999016, 0.0347352
5.41224, 5.27897, 0.420139, 0.0133325, 0.999168, -0.0339197
5.41318, 5.28352, 0.420946, -0.0131897, -0.999132, 0.0332398
5.41317, 5.27862, 0.422296, 0.0124863, 0.999041, -0.0353853
5.41258, 5.28297, 0.421931, -0.0131013, -0.998757, 0.0424119
5.41256, 5.28263, 0.423504, -0.013873, -0.998701, 0.0445508
5.41213, 5.28079, 0.421576, -0.0124817, -0.999218, 0.0332522
5.41341, 5.27998, 0.422048, 0.0114589, 0.999002, -0.0383244
5.41348, 5.27961, 0.419891, 0.0105778, 0.999231, -0.0308493
5.41248, 5.27971, 0.420519, -0.0121845, -0.999133, 0.0329714
5.41265, 5.28158, 0.422141, -0.0129652, -0.999086, 0.0351402
5.4119, 5.27954, 0.422622, 0.0158534, 0.999163, -0.0327808
5.41307, 5.27862, 0.419394, -0.0153836, -0.999003, 0.0357328
5.41214, 5.28249, 0.422217, 0.0153526, 0.999024, -0.0342152
5.41255, 5.28137, 0.420714, -0.0134609, -0.998987, 0.0352033
5.41271, 5.28044, 0.420251, 0.0141338, 0.998973, -0.0366408
5.41305, 5.27923, 0.420777, -0.0102646, -0.998908, 0.0378286
5.41233, 5.2799, 0.419982, -0.00967609, -0.999238, 0.0312775
5.41208, 5.27893, 0.423538, -0.0126276, -0.999165, 0.0330094
5.41266, 5.27897, 0.423404, 0.0140511, 0.999094, -0.0347451
5.41226, 5.28127, 0.42096, -0.0104476, -0.998846, 0.0383041
5.41265, 5.28323, 0.42056, 0.0132834, 0.999104, -0.0341185
5.41222, 5.28058, 0.421474, -0.0133393, -0.999036, 0.0347667
5.413, 5.28286, 0.421032, 0.0120748, 0.998702, -0.0434082
5.41298, 5.27884, 0.421603, 0.0138188, 0.999039, -0.0378033
5.41184, 5.2819, 0.421513, -0.0167907, -0.999003, 0.0329338
5.41138, 5.28064, 0.420978, 0.0148107, 0.999275, -0.0292752
5.41216, 5.28223, 0.422238, 0.0136373, 0.998695, -0.0434982
5.4122, 5.27802, 0.422519, 0.015405, 0.998963, -0.0367507
5.41276, 5.28229, 0.422405, 0.0124276, 0.999179, -0.0328618
5.41268, 5.27956, 0.419977, -0.0141842, -0.998924, 0.0383529
5.4129, 5.28082, 0.418895, 0.0150222, 0.998874, -0.0365912
5.41319, 5.28046, 0.421156, -0.017255, -0.998826, 0.0364599
5.4122, 5.2824, 0.423354, -0.012886, -0.999253, 0.0299506
5.41196, 5.28027, 0.42149, 0.0142763, 0.998963, -0.0360293
5.4126, 5.27909, 0.422129, 0.0150779, 0.998637, -0.0460143
5.41231, 5.27993, 0.421344, 0.0137026, 0.999072, -0.0356634
5.41218, 5.2815, 0.421923, 0.0131772, 0.999119, -0.0357001
5.41267, 5.27941, 0.420352, -0.0109224, -0.998887, 0.0407712
5.41202, 5.27982, 0.42281, -0.0101377, -0.99904, 0.0380289
5.41272, 5.28469, 0.421294, 0.0110129, 0.998832, -0.0389766
5.41218, 5.27907, 0.421958, -0.0132986, -0.999291, 0.0324249
5.41265, 5.28197, 0.420383, 0.0148207, 0.998942, -0.0375237
5.41264, 5.28076, 0.421903, 0.010848, 0.998934, -0.0395265
5.41275, 5.28047, 0.422123, 0.0166894, 0.998906, -0.0376159
5.41151, 5.27922, 0.420297, 0.0160861, 0.998929, -0.0357748
5.41277, 5.28286, 0.419188, -0.0118336, -0.998997, 0.0362636
5.41209, 5.28126, 0.421022, -0.014377, -0.998955, 0.0369027
5.41256, 5.28225, 0.421898, -0.0128815, -0.998964, 0.03798
5.41209, 5.27987, 0.423429, -0.0146574, -0.999, 0.0382256
5.41217, 5.27796, 0.419373, -0.0127113, -0.999036, 0.0360881
5.41269, 5.28256, 0.420781, 0.0130699, 0.998748, -0.0436624
5.41187, 5.2801, 0.424546, 0.0159731, 0.999183, -0.0304486
5.41224, 5.27913, 0.421879, 0.0136275, 0.999128, -0.0330587
5.41229, 5.2797, 0.422207, -0.0122752, -0.998985, 0.0364039
5.41199, 5.28091, 0.422204, 0.0132386, 0.999207, -0.0326737
5.41191, 5.28205, 0.42679, -0.0147664, -0.998888, 0.0383489
5.41138, 5.28014, 0.421334, -0.0156426, -0.999011, 0.0357729
5.4126, 5.27818, 0.420963, 0.0124782, 0.99914, -0.03432
5.41218, 5.27782, 0.420791, -0.00876812, -0.999341, 0.0307004
5.41254, 5.27928, 0.422344, 0.00983982, 0.999245, -0.0322366
5.41336, 5.28238, 0.42053, 0.0114482, 0.998832, -0.0415031
5.41216, 5.28229, 0.421911, 0.0152878, 0.998794, -0.0415248
5.41233, 5.27935, 0.419318, -0.0149832, -0.998968, 0.0357954
5.41294, 5.28187, 0.422215, 0.0119195, 0.998944, -0.038155
5.41096, 5.28034, 0.42261, 0.0144321, 0.998876, -0.040508
5.41145, 5.28159, 0.423427, -0.0162658, -0.999036, 0.0342761
5.41238, 5.27857, 0.422323, 0.0156941, 0.998839, -0.0397812
5.41309, 5.28131, 0.421008, -0.0139647, -0.999105, 0.0336127
5.4123, 5.27975, 0.423799, -0.0119965, -0.999031, 0.0384938
5.412, 5.28036, 0.423003, 0.0114126, 0.999194, -0.0349129
5.41169, 5.27912, 0.421905, 0.0145771, 0.9992, -0.0331449
5.4123, 5.28177, 0.421038, -0.0135694, -0.999154, 0.0340628
5.41251, 5.28258, 0.422887, -0.0115328, -0.998827, 0.0420374
5.41207, 5.28179, 0.421745, 0.0121283, 0.999096, -0.0343435
5.412, 5.28087, 0.423099, -0.0132489, -0.999229, 0.0328086
5.41113, 5.28001, 0.424242, 0.0137884, 0.998999, -0.0363948
5.41198, 5.28156, 0.424797, -0.0154189, -0.999033, 0.0371595
5.41273, 5.28133, 0.419538, 0.0115721, 0.999198, -0.0325351
5.41111, 5.28147, 0.42219, 0.0132937, 0.998997, -0.0379185
5.41257, 5.28094, 0.420475, 0.0113871, 0.999107, -0.0361806
5.41338, 5.28544, 0.421379, -0.0128731, -0.999198, 0.0290704
5.41264, 5.27969, 0.422334, 0.0141236, 0.999183, -0.0328446
5.41233, 5.28011, 0.42331, 0.0111698, 0.999212, -0.0331746
5.41164, 5.28095, 0.424254, -0.0145488, -0.999095, 0.0345756
5.41194, 5.27919, 0.421587, 0.0117529, 0.999095, -0.0347069
5.41164, 5.28343, 0.424207, 0.0138702, 0.999025, -0.0356489
5.41184, 5.28398, 0.422314, -0.0141413, -0.999116, 0.0361324
5.41312, 5.27935, 0.418847, 0.0116177, 0.999172, -0.0340646
5.41167, 5.28126, 0.419765, 0.0167721, 0.999017, -0.0335131
5.41173, 5.27841, 0.42394, -0.00981237, -0.998817, 0.0412024
5.41212, 5.27921, 0.419692, -0.0154905, -0.999303, 0.028709
5.41174, 5.27947, 0.424728, 0.0134494, 0.999212, -0.0312137
5.41342, 5.27892, 0.420937, 0.00957033, 0.999185, -0.0353239
5.41248, 5.28362, 0.421173, 0.0116771, 0.998966, -0.0360929
5.41234, 5.27985, 0.420933, 0.0139288, 0.998883, -0.0411781
5.41292, 5.2784, 0.423778, 0.0132942, 0.999072, -0.0358839
5.41259, 5.28048, 0.421229, 0.0133044, 0.998974, -0.0343819
5.41244, 5.27954, 0.423449, -0.0128614, -0.999215, 0.0337876
5.41293, 5.27956, 0.420778, 0.012928, 0.999024, -0.0336642
5.41252, 5.28028, 0.424002, -0.00981398, -0.999034, 0.0382049
5.41256, 5.28197, 0.420172, 0.0120681, 0.99898, -0.035852
5.41252, 5.2804, 0.4236, 0.012001, 0.998987, -0.0390569
5.41277, 5.28285, 0.420016, 0.00974925, 0.998951, -0.0395913
5.41173, 5.27801, 0.422917, 0.0152292, 0.99905, -0.0320648
5.41206, 5.28037, 0.422337, -0.014267, -0.999013, 0.0359232
5.4114, 5.2805, 0.423944, -0.0153847, -0.999058, 0.0352519
5.41225, 5.28227, 0.421835, 0.0130203, 0.999098, -0.0332005
5.41247, 5.27988, 0.423561, 0.0114636, 0.999159, -0.0363065
5.41198, 5.27983, 0.421541, -0.0147697, -0.999239, 0.0274379
5.41212, 5.28293, 0.42051, -0.0140002, -0.99923, 0.0307538
5.41309, 5.2799, 0.423765, -0.013647, -0.999112, 0.0337944
5.41319, 5.28029, 0.421855, 0.0115686, 0.999299, -0.0306786
5.41329, 5.27874, 0.420163, 0.0111251, 0.999429, -0.0275328
5.41301, 5.27822, 0.421431, -0.0102173, -0.998992, 0.0398126
5.41235, 5.28331, 0.421089, -0.0122289, -0.999072, 0.0351838
5.41235, 5.28048, 0.422522, 0.013951, 0.998767, -0.0409371
5.41237, 5.28123, 0.423694, 0.0135924, 0.998976, -0.0391393
5.4126, 5.28116, 0.421915, -0.0122224, -0.998758, 0.044493
5.4136, 5.27887, 0.420872, -0.0102646, -0.998928, 0.0397687
5.41266, 5.28116, 0.42132, -0.00869411, -0.999265, 0.0322814
5.41277, 5.2815, 0.420408, -0.0103612, -0.999255, 0.0320054
5.41181, 5.28437, 0.421429, 0.0162708, 0.998642, -0.0449644
5.41206, 5.2836, 0.42454, 0.0100937, 0.998751, -0.0427887
5.41328, 5.28544, 0.420599, -0.00912365, -0.999114, 0.0355388
