5.41207, 5.28305, 0.422491, -0.0130511, -0.999299, 0.03508
5.4126, 5.28531, 0.419724, -0.000229392, 0.997938, -0.0641782
5.40734, 5.28115, 0.410784, -0.0182415, -0.998638, 0.0488726
5.41073, 5.28236, 0.422384, 0.0175002, 0.999651, -0.0198057
5.41461, 5.27509, 0.421121, 0.0175891, 0.999759, -0.0131265
5.41597, 5.27673, 0.421842, -0.0142951, -0.999057, 0.0409983
5.41826, 5.27697, 0.419638, -0.0107445, -0.999738, 0.0201877
5.41302, 5.27736, 0.415578, -0.00477152, -0.999673, 0.0251297
5.41351, 5.27857, 0.412607, -0.00431104, -0.999835, 0.0176601
5.41831, 5.28415, 0.425332, -0.00340336, -0.99864, 0.0520331
5.41104, 5.27965, 0.414388, 0.0152325, 0.999396, -0.031225
5.41062, 5.31563, 0.425248, -0.0120423, -0.999499, 0.0292537
5.4124, 5.27597, 0.434867, -0.0176378, -0.999724, 0.0155062
5.41258, 5.31472, 0.425476, 0.0204678, 0.997824, -0.0626713
5.41413, 5.27677, 0.423224, -0.0131146, -0.999549, 0.0270003
5.41255, 5.27789, 0.424499, -0.0136745, -0.998777, 0.0475126
5.41349, 5.27409, 0.429826, -0.0128965, -0.999765, 0.0174153
5.41372, 5.31897, 0.416842, -0.0073618, -0.999737, 0.0217084
5.41021, 5.27965, 0.422664, 0.0143441, 0.999497, -0.0282803
5.40817, 5.27897, 0.419986, -0.0125262, -0.999701, 0.0210089
5.40946, 5.27561, 0.428105, 0.015755, 0.998958, -0.0428332
5.41834, 5.31657, 0.41373, 0.00387299, -0.999471, 0.0322981
5.41298, 5.27665, 0.415982, 0.0217768, 0.999509, -0.0225135
5.40977, 5.27569, 0.420438, -0.0106872, -0.999943, -3.96421e-05
5.40394, 5.27993, 0.426954, -0.0267507, -0.999227, 0.0288023
5.41548, 5.27905, 0.418499, -0.00522014, -0.999323, 0.036429
5.41554, 5.31469, 0.420246, 0.00775824, 0.999057, -0.0427073
5.41164, 5.27098, 0.421448, 0.0121359, 0.999714, -0.0205957
5.41504, 5.27653, 0.412634, 0.0266686, 0.999355, -0.0240422
5.41056, 5.27864, 0.428356, 0.0439588, 0.996384, -0.0727138
5.40965, 5.27325, 0.418935, 0.0215042, 0.999573, 0.019759
5.41177, 5.28072, 0.428058, -0.0166893, -0.999088, 0.03929
5.41352, 5.27857, 0.422891, -0.017915, -0.999827, 0.00505098
5.42248, 5.31356, 0.415517, 0.00717059, 0.998114, -0.060961
5.41032, 5.27736, 0.425288, -0.0144712, -0.999636, 0.0227805
5.41244, 5.27653, 0.413926, 0.0101126, 0.999332, -0.0351203
5.41488, 5.31451, 0.416974, -0.011331, -0.998507, 0.0534366
5.41176, 5.27625, 0.427437, -0.0167346, -0.999582, 0.0235955
5.41044, 5.27897, 0.415803, 0.0146669, 0.999696, -0.0198193
5.4152, 5.27897, 0.414995, 0.0085305, 0.999748, -0.0207538
5.41133, 5.27509, 0.410824, 0.0168858, 0.9998, 0.0107369
5.41088, 5.27805, 0.425526, 0.000980901, 0.999298, -0.0374499
5.41133, 5.27797, 0.416478, 0.0203765, 0.999715, -0.0124208
5.41749, 5.27553, 0.412658, 0.00590524, 0.999332, -0.0360725
5.41378, 5.27853, 0.409521, 0.0225396, 0.99937, -0.0274151
5.41686, 5.27836, 0.401384, 0.0173274, 0.999636, -0.020675
5.41469, 5.27763, 0.417344, -0.016728, 0.997395, -0.0701681
5.41218, 5.27859, 0.421012, -0.00114795, 0.999232, -0.0391543
5.41671, 5.28165, 0.417614, -0.00548866, -0.999416, 0.0337142
5.41093, 5.27869, 0.421531, -0.0148682, -0.999882, 0.00375297
5.41484, 5.27709, 0.420265, -0.00972808, -0.999751, 0.0201062
5.41681, 5.27857, 0.418956, -0.00369878, -0.999864, 0.0160735
5.41487, 5.35318, 0.42513, -0.015763, 0.997924, -0.0624385
5.41599, 5.27409, 0.407947, -0.0149075, -0.999752, 0.0165312
5.41198, 5.27421, 0.41987, 0.0065313, 0.999122, -0.0413878
5.40586, 5.28097, 0.4178, 0.0229973, 0.99973, 0.00321616
5.40926, 5.28478, 0.410679, -0.0143616, -0.997794, 0.0648111
5.41335, 5.31436, 0.41766, -0.0236549, -0.996698, 0.0776791
5.40942, 5.27677, 0.428998, -0.0148954, -0.999549, 0.0260604
5.41022, 5.2832, 0.425665, 0.0129321, 0.999141, -0.0393841
5.4138, 5.27637, 0.428917, 0.00703711, 0.99963, -0.0262605
5.40749, 5.27765, 0.416877, 0.0225263, 0.999469, -0.0235559
5.41072, 5.28197, 0.409804, 0.0092378, 0.999724, -0.0215869
5.41334, 5.27669, 0.429068, -0.0139673, -0.999887, 0.0055833
5.41565, 5.27425, 0.429685, 0.0112521, 0.999596, -0.0261077
5.41314, 5.27637, 0.415961, 0.00551454, 0.999643, -0.0261353
5.41187, 5.27725, 0.426813, -0.015449, -0.999589, 0.0241677
5.41918, 5.31634, 0.409095, 0.0130366, 0.999648, -0.0231045
5.41569, 5.27369, 0.4121, -0.00126761, -0.999905, 0.0137474
5.41204, 5.28097, 0.418142, -0.0194378, -0.999735, 0.0123327
5.41095, 5.27709, 0.427089, -0.0193775, -0.999803, 0.00427773
5.40896, 5.28109, 0.417823, 0.0125999, 0.9998, -0.0155489
5.41255, 5.27649, 0.423918, -0.00801496, -0.998887, 0.0464744
5.41224, 5.32345, 0.428637, -0.0434923, -0.995512, 0.084051
5.41091, 5.27744, 0.419386, -0.0320531, -0.998381, 0.046991
5.41339, 5.27725, 0.421962, -0.0150482, -0.99962, 0.0230906
5.41697, 5.27853, 0.421994, 0.0127558, 0.999384, -0.0326845
5.41068, 5.23579, 0.432922, 0.0251723, 0.999521, -0.0180106
5.41258, 5.28453, 0.413888, -0.0124146, -0.999376, 0.0330833
5.41647, 5.31238, 0.434745, -0.00311222, -0.997504, 0.0705462
5.41024, 5.27377, 0.43455, 0.00590588, 0.999558, -0.0291471
5.41332, 5.27401, 0.432263, 0.000741934, 0.99883, -0.0483446
5.41483, 5.31562, 0.428683, 0.00277176, 0.99859, -0.0530077
5.4076, 5.27765, 0.443807, -0.012058, -0.999404, 0.0323588
5.41239, 5.27768, 0.419342, 0.0110725, 0.998598, -0.0517551
5.40882, 5.27957, 0.422251, 0.00641865, 0.999848, -0.0162201
5.4122, 5.28109, 0.410931, 0.00878383, 0.999764, -0.0198496
5.41427, 5.27857, 0.419515, 0.013217, 0.999836, -0.0123602
5.41134, 5.28272, 0.423288, -0.029406, -0.999059, 0.0318703
5.4111, 5.27665, 0.414505, 0.0322691, 0.999442, 0.00866789
5.41282, 5.32003, 0.424168, 0.0064024, 0.998163, -0.0602487
5.41265, 5.28077, 0.419624, 0.00501551, 0.99956, -0.0292242
5.41328, 5.28056, 0.414363, -0.0220789, -0.998553, 0.0490381
5.41095, 5.28005, 0.413832, -0.00713485, -0.999305, 0.0365897
5.41515, 5.31609, 0.415649, 0.00615396, 0.999786, -0.0197587
5.41166, 5.27692, 0.412348, -0.022607, -0.997867, 0.0612384
5.40844, 5.27369, 0.435064, 0.0038864, 0.999872, -0.0155284
5.40959, 5.28153, 0.410399, -0.0182027, -0.999362, 0.0307343
5.40416, 5.31437, 0.405849, -0.0425884, -0.997509, 0.0562373
5.40905, 5.27765, 0.423149, 0.0132468, 0.99941, -0.0316948
5.40894, 5.2806, 0.430798, 0.0138354, 0.999025, -0.0419255
5.41236, 5.27697, 0.421932, -0.0113516, -0.999742, 0.0196964
5.41716, 5.28339, 0.40395, -0.00119783, 0.999956, -0.00926799
5.41156, 5.28193, 0.413094, -0.0212644, -0.99927, 0.0317421
5.41215, 5.28272, 0.398496, -0.0251096, -0.999065, 0.0351894
5.41561, 5.27769, 0.418134, 0.00829345, 0.999958, 0.00400484
5.41153, 5.27505, 0.431845, -0.00757288, -0.999297, 0.0367127
5.41119, 5.27997, 0.414843, -0.0183854, -0.999704, 0.0159048
5.41001, 5.27857, 0.417955, 0.00824969, 0.999842, -0.0157763
5.4065, 5.3111, 0.435194, -0.0276206, -0.997757, 0.0609837
5.41064, 5.27857, 0.408893, -0.0165427, -0.999849, 0.00535118
5.41759, 5.27547, 0.415575, -0.0417397, -0.997504, 0.056957
5.41669, 5.27632, 0.42796, 0.00742788, 0.999189, -0.0395841
5.41075, 5.27409, 0.422092, 0.0187719, 0.999801, -0.00681993
5.41122, 5.28165, 0.430228, -0.0129062, -0.999503, 0.028773
5.40893, 5.30975, 0.429518, 0.00452109, 0.999527, -0.0304243
5.41204, 5.30739, 0.428046, -0.00743355, -0.997557, 0.0694672
5.41114, 5.27796, 0.420083, 0.0100739, 0.998341, -0.0566852
5.41056, 5.27677, 0.425849, 0.0224554, 0.999544, -0.0202034
5.41236, 5.27477, 0.428488, 0.0306364, 0.99953, -0.0009748
5.40926, 5.28576, 0.412565, -0.00724809, -0.999522, 0.030054
5.41285, 5.32129, 0.429246, -0.0079031, 0.999782, -0.0193505
5.41262, 5.27457, 0.412691, 0.0171335, 0.999819, -0.00827826
5.41269, 5.28193, 0.41387, 0.00611833, 0.999223, -0.0389371
5.41304, 5.27825, 0.40429, -0.00235969, -0.999578, -0.0289363
5.41202, 5.27477, 0.4151, -0.0103391, -0.999539, 0.0285278
5.41199, 5.26865, 0.440844, 0.00392435, 0.999466, -0.0324477
5.41165, 5.2806, 0.427661, -0.0192748, -0.998951, 0.0415323
5.41116, 5.27977, 0.413501, 0.00601833, 0.999553, -0.0292849
5.40964, 5.31697, 0.416777, -0.00582998, -0.999742, 0.0219677
5.40866, 5.27709, 0.431777, 0.0168729, 0.999789, -0.0117354
5.41313, 5.31497, 0.423223, -0.01477, -0.998854, 0.0455266
5.41305, 5.27753, 0.420816, 0.00845484, 0.999386, -0.0340011
5.41124, 5.27981, 0.423247, -0.0187755, -0.996933, 0.0759802
5.41121, 5.27532, 0.42818, -0.00579292, -0.999165, 0.0404503
5.41597, 5.27693, 0.421472, -0.00511737, -0.999263, 0.0380447
5.41177, 5.27809, 0.413618, 0.0169764, 0.999806, -0.00998376
5.41173, 5.27697, 0.429137, -0.0150187, -0.999718, 0.0183913
5.41353, 5.27421, 0.426849, 0.0112531, 0.999106, -0.0407408
5.40903, 5.28439, 0.44186, -0.00272169, 0.999988, -0.00393447
5.41137, 5.28065, 0.428288, -0.00768836, -0.999452, 0.0321831
5.42122, 5.27897, 0.402638, 0.0104733, 0.999725, 0.0209763
5.41509, 5.31391, 0.424453, 0.00939128, 0.999229, -0.0381256
5.41321, 5.27697, 0.421649, 0.0103846, 0.999736, -0.0204932
5.41679, 5.31534, 0.425278, -0.0150892, -0.999656, 0.0214434
5.41367, 5.27665, 0.41459, -1.04245e-05, -0.99945, 0.0331521
5.40946, 5.27453, 0.429702, 0.020987, 0.999347, -0.0294246
5.41643, 5.27701, 0.419092, 0.00747151, 0.998834, -0.0476896
5.41322, 5.27897, 0.424088, -0.0117186, -0.999719, 0.0206121
5.41815, 5.27697, 0.415158, -0.0019407, -0.999712, 0.0239062
5.40709, 5.27537, 0.436646, 0.0177481, 0.999663, -0.0189622
5.41079, 5.28069, 0.428656, -0.00929422, -0.999908, 0.00988415
5.41373, 5.31485, 0.423355, 0.014192, 0.998777, -0.0473585
5.41351, 5.27573, 0.416221, 0.0120685, 0.999046, -0.0419601
5.41252, 5.27577, 0.424377, 0.0279764, 0.999562, -0.0097024
5.41257, 5.27509, 0.430483, 0.0194383, 0.999771, -0.00896829
5.40768, 5.27836, 0.426504, -0.00490604, -0.999638, 0.026442
5.41832, 5.28196, 0.415497, 0.00697677, 0.998344, -0.057105
5.41418, 5.27939, 0.415091, 0.000896425, -0.999991, 0.00415984
5.41059, 5.32122, 0.430815, -0.0100895, -0.999609, 0.0260876
5.41116, 5.27625, 0.417359, 0.00729545, 0.999577, -0.0281522
5.41263, 5.27769, 0.425235, 0.00894631, 0.999945, -0.00552141
5.40928, 5.2754, 0.434639, 0.00342373, 0.997913, -0.0644868
5.41592, 5.27697, 0.420388, -0.00523097, -0.999747, 0.0218569
5.41504, 5.28077, 0.413312, -0.00441716, -0.999552, 0.0295893
5.41768, 5.28136, 0.41227, 0.0190915, 0.999668, -0.0172783
5.41258, 5.27465, 0.43964, -0.01285, -0.999412, 0.0318002
5.41597, 5.28189, 0.418382, -0.00537128, 0.999148, -0.0409109
5.41293, 5.27525, 0.425871, 0.0183049, 0.999623, -0.0204774
5.41356, 5.29061, 0.427081, 0.00146252, 0.998115, -0.0613541
5.40936, 5.27544, 0.426804, -0.0164742, -0.998379, 0.0544847
5.41745, 5.27469, 0.421002, -0.00218317, -0.999981, 0.00570062
5.41185, 5.28327, 0.420379, 0.0129229, 0.998707, -0.0491656
5.41068, 5.2796, 0.423132, 0.0130924, 0.998947, -0.043963
5.41133, 5.27823, 0.427612, 0.018282, 0.998208, -0.0569867
5.41981, 5.2843, 0.41555, -0.00166566, 0.999704, -0.0242912
5.41131, 5.28023, 0.426329, 0.0351926, 0.998214, -0.0482654
5.41865, 5.28389, 0.41592, -0.00259998, 0.999022, -0.0441393
5.41273, 5.31537, 0.428964, -0.0103238, -0.997492, 0.0700177
5.41473, 5.27863, 0.421622, -0.00259493, 0.997414, -0.0718304
5.41264, 5.2812, 0.432936, 0.0113588, 0.999098, -0.0409265
5.41689, 5.28197, 0.412419, -0.0103293, -0.999734, 0.0206218
5.41001, 5.2832, 0.426695, 0.00313934, 0.999141, -0.0413177
5.41241, 5.27521, 0.429592, -0.0105575, -0.999145, 0.0399619
5.41588, 5.28376, 0.415978, -0.017192, -0.999558, 0.0242408
5.41129, 5.27877, 0.421536, 0.00767698, 0.999545, -0.0291564
5.40956, 5.27589, 0.432625, -0.0163317, -0.998793, 0.0463293
5.41722, 5.27597, 0.417361, 0.00648263, 0.999704, -0.0234287
5.41214, 5.27736, 0.410145, 0.0197238, 0.999686, -0.0154661
5.41236, 5.27825, 0.411846, -0.0248726, -0.999619, 0.0119642
5.4258, 5.28255, 0.407171, -0.0042354, -0.998497, 0.0546338
5.4098, 5.2806, 0.430784, -0.0158404, -0.998978, 0.0423433
5.4096, 5.27777, 0.424586, 0.0139878, 0.999555, -0.0263459
5.41239, 5.27569, 0.428789, -0.00934954, -0.999952, 0.00296454
5.4164, 5.27609, 0.423813, 0.00671666, 0.999769, -0.0204108
5.41311, 5.27969, 0.417114, 0.00636242, 0.999892, -0.0132585
5.41284, 5.28305, 0.416249, 0.0144748, 0.999301, -0.03446
5.41497, 5.30869, 0.429527, 0.00693677, 0.999903, -0.0120888
5.41421, 5.31375, 0.412324, -0.0122445, -0.999548, 0.0274705
5.4095, 5.28619, 0.414135, 0.0040368, 0.999108, -0.042039
5.41219, 5.28156, 0.432423, 0.026893, 0.998548, -0.0466717
5.41527, 5.27577, 0.414675, 0.00326576, 0.999522, -0.0307545
5.41263, 5.2802, 0.418649, -0.00374364, -0.999108, 0.0420706
5.41309, 5.31591, 0.429297, 0.0195674, 0.998332, -0.0543187
5.41265, 5.27593, 0.43135, 0.0190223, 0.999254, -0.0336247
5.41226, 5.31625, 0.415962, -0.00149152, 0.997866, -0.0652786
5.40817, 5.27849, 0.425257, -0.018248, -0.998905, 0.0430831
5.41172, 5.27657, 0.426524, -0.0119402, -0.999814, 0.0151176
5.41783, 5.28469, 0.417209, -0.0103202, -0.999886, 0.0110231
5.41559, 5.27828, 0.410358, -0.0393627, -0.998694, 0.0325806
5.41166, 5.28165, 0.408481, 0.00549211, 0.999394, -0.0343837
5.4113, 5.30885, 0.424631, 0.0156078, 0.997868, -0.0633638
5.4187, 5.31936, 0.410455, 0.0112319, 0.997516, -0.0695424
5.41019, 5.27577, 0.412751, 0.0150855, 0.999547, -0.0260421
5.41057, 5.2792, 0.420225, 0.00675372, 0.999118, -0.0414444
5.4174, 5.31384, 0.417493, -0.0107466, -0.99786, 0.0644922
5.41226, 5.31623, 0.433706, 0.02508, 0.996615, -0.0782881
5.41036, 5.28445, 0.434808, 0.00898225, 0.997491, -0.0702171
5.41177, 5.27757, 0.422407, 0.0152727, 0.999833, -0.0100584
5.41392, 5.2843, 0.409866, 4.93632e-05, -0.9997, 0.024512
5.41469, 5.27889, 0.422427, -0.00479232, 0.999085, -0.0425007
5.40805, 5.27397, 0.435757, 0.0105777, 0.999697, -0.0222063
5.40778, 5.2802, 0.4276, 0.000653072, 0.999113, -0.0421101
5.41631, 5.28317, 0.405359, 0.0366107, 0.997754, -0.0560975
5.41416, 5.27809, 0.417951, -0.00927961, -0.99975, 0.0203399
5.41654, 5.2812, 0.419048, 0.000552432, 0.99912, -0.0419514
5.41375, 5.27509, 0.426741, -0.00920076, -0.999807, 0.0173813
5.41105, 5.27765, 0.422608, -0.0111958, -0.999481, 0.0302021
5.41049, 5.28269, 0.414738, 0.00144666, 0.999963, -0.00842134
5.41197, 5.27869, 0.407538, -0.0155582, -0.999872, 0.00362233
5.41272, 5.31103, 0.433443, 0.0183942, 0.999287, -0.0329728
5.40981, 5.28006, 0.426052, 0.0246797, 0.997675, -0.0635233
5.41198, 5.27697, 0.41972, -0.0149653, -0.999725, 0.0180738
5.40943, 5.31603, 0.43741, -0.0107961, -0.999305, 0.0356805
5.41268, 5.31029, 0.421288, 0.0173829, 0.999188, -0.0363465
5.41507, 5.28162, 0.428069, 0.00722455, -0.997487, 0.0704792
5.40619, 5.2826, 0.410112, -0.0432403, -0.998992, 0.0120234
5.41454, 5.28124, 0.418992, 0.00507381, 0.999599, -0.0278425
5.40936, 5.27751, 0.427726, -0.0230125, -0.997976, 0.0592873
5.41289, 5.28109, 0.41067, 0.0163724, 0.99979, -0.0122855
5.41745, 5.27965, 0.416189, 0.00434886, 0.999396, -0.0344754
5.41052, 5.30863, 0.445925, 0.0220404, 0.998558, -0.048951
5.40984, 5.27969, 0.417514, -0.0137004, -0.999904, 0.0020871
5.41912, 5.28253, 0.416525, 0.00653181, 0.999354, -0.0353404
5.40996, 5.31528, 0.422911, -0.0106078, -0.999166, 0.0394299
5.41383, 5.27736, 0.414237, 0.0181967, 0.999663, -0.0184929
5.40809, 5.27465, 0.433737, -0.0129942, -0.999491, 0.0291403
5.41135, 5.2832, 0.424025, -0.0199853, -0.99912, 0.036883
5.41374, 5.27957, 0.420446, -0.00910549, -0.999813, 0.0170769
5.41216, 5.29231, 0.416593, 0.0192185, 0.996543, -0.0808197
5.41658, 5.31437, 0.41312, 0.0370195, 0.997495, -0.0602731
5.41281, 5.28293, 0.413197, 0.00089982, 0.999241, -0.0389436
5.41563, 5.27425, 0.421954, 0.0175615, 0.999624, -0.0210364
5.41472, 5.27705, 0.426421, -0.0179528, -0.999308, 0.0325677
5.41351, 5.28041, 0.420587, 0.00195555, -0.99817, 0.0604413
5.41415, 5.32228, 0.423537, 0.0108469, 0.999201, -0.0384564
5.40849, 5.27532, 0.422553, 0.0100274, 0.999206, -0.038553
5.42365, 5.28353, 0.42136, 0.000239668, 0.999384, -0.0350863
5.40976, 5.27465, 0.420979, -0.00854801, -0.99943, 0.0326512
5.41337, 5.30446, 0.420305, -0.0131297, -0.998057, 0.0609091
5.41353, 5.27856, 0.414504, 0.00589825, 0.998516, -0.0541351
5.41082, 5.27553, 0.435371, -0.00588932, -0.999335, 0.0359876
5.4115, 5.27965, 0.413029, 0.0208415, 0.999448, -0.0258656
5.41158, 5.31545, 0.426196, -0.0201891, -0.998888, 0.0426057
5.41233, 5.2796, 0.411066, 0.0130712, 0.998962, -0.0436337
5.41493, 5.27661, 0.425027, 0.00787016, 0.999021, -0.0435358
5.41698, 5.27516, 0.410997, -0.0312825, -0.998628, 0.0419912
5.40919, 5.28005, 0.423555, -0.00689063, -0.999318, 0.0362725
5.41193, 5.28109, 0.410347, 0.0130904, 0.999759, -0.0176316
5.41382, 5.31291, 0.40868, -0.00428641, -0.999229, 0.0390302
5.42288, 5.31554, 0.41384, 0.00601011, -0.99748, 0.0706925
5.41216, 5.27553, 0.424767, 0.0122556, 0.999334, -0.0343865
5.41202, 5.31126, 0.411728, -0.0362021, -0.997461, 0.0613296
5.41644, 5.31504, 0.416707, 0.0146089, 0.998172, -0.0586527
5.40984, 5.28036, 0.399504, 0.00961143, 0.999664, -0.024082
5.4191, 5.31303, 0.421382, 0.0135957, 0.999308, -0.0346324
5.40955, 5.27965, 0.41694, 0.0115638, 0.999418, -0.0320875
5.4165, 5.27689, 0.417208, -0.00428827, -0.998751, 0.0497732
5.41304, 5.27657, 0.422511, 0.0151889, 0.999838, -0.00964048
5.4231, 5.27941, 0.413057, -0.0123518, 0.99814, -0.0596913
5.41321, 5.27689, 0.421482, -0.00629789, -0.998761, 0.0493554
5.41137, 5.2812, 0.427148, -0.0023669, -0.999106, 0.0422183
5.41186, 5.28065, 0.429409, 0.0120621, 0.999409, -0.0321831
5.41166, 5.27461, 0.416175, -0.0154055, -0.999022, 0.0414529
5.40935, 5.28124, 0.412283, 0.026241, 0.999585, -0.0119136
5.41802, 5.28205, 0.416958, 0.00703403, 0.997713, -0.0672205
5.4097, 5.27825, 0.416274, 0.018715, 0.999626, -0.0199236
5.41227, 5.27625, 0.431664, 0.0080634, 0.999602, -0.0270363
5.41382, 5.27839, 0.431733, -0.0179298, -0.997926, 0.0618245
5.41104, 5.32021, 0.425482, 0.0211466, 0.998679, -0.0468258
5.41327, 5.27544, 0.426638, 0.00168882, 0.996218, -0.0868742
5.41507, 5.27705, 0.421098, -0.011375, -0.999303, 0.0355682
5.4127, 5.27765, 0.418169, 0.00557398, 0.999452, -0.0326204
5.40872, 5.28993, 0.428819, -0.0202273, -0.999221, 0.0338847
5.40985, 5.27957, 0.418518, -0.0137069, -0.99984, 0.0115089
5.41194, 5.28032, 0.416621, 0.0235723, 0.999206, -0.0321251
5.41383, 5.31905, 0.429832, -0.00785561, 0.998518, -0.053854
5.4085, 5.27493, 0.431038, -0.0184181, -0.999214, 0.0350904
5.41523, 5.27365, 0.422398, -0.0265868, -0.999496, 0.0173356
5.41213, 5.27512, 0.426782, 0.010018, 0.998166, -0.0597059
5.41875, 5.27537, 0.421097, 0.00252247, 0.999657, -0.0260745
5.41437, 5.27709, 0.415201, 0.00430899, 0.999802, -0.0194148
5.41322, 5.31985, 0.427518, -0.000448873, 0.998976, -0.0452339
5.4148, 5.26853, 0.43272, -0.0156784, -0.999379, 0.0315442
5.41349, 5.28084, 0.411563, -0.0154801, -0.998304, 0.0561273
5.41026, 5.31326, 0.405391, -0.0371991, -0.997447, 0.0609593
5.41584, 5.28153, 0.419048, -0.00932063, -0.999354, 0.0346949
5.411, 5.27616, 0.436334, 0.00676647, 0.998649, -0.0515155
5.41179, 5.31497, 0.430587, -0.0159319, -0.998833, 0.0456009
5.41101, 5.28174, 0.432562, -0.00444044, -0.997354, 0.0725585
5.41615, 5.28065, 0.414047, -0.00625707, -0.999425, 0.0333133
5.40962, 5.2826, 0.416316, 0.030144, 0.99892, -0.0353488
5.41629, 5.31051, 0.416888, -0.014807, -0.998539, 0.0519674
5.41385, 5.27769, 0.419567, 0.00578384, 0.999874, -0.0147523
5.41566, 5.28405, 0.418428, -0.00117249, -0.997674, 0.0681521
5.41078, 5.27909, 0.410668, 0.018721, 0.999793, -0.00796421
5.41241, 5.31497, 0.414398, 0.0292558, 0.99771, -0.0609883
5.41431, 5.27653, 0.419568, 0.00878614, 0.99938, -0.0340812
5.41514, 5.27573, 0.414811, -0.0124837, -0.999081, 0.041004
5.40951, 5.26725, 0.420323, -0.0243829, -0.999593, -0.0148069
5.41331, 5.28186, 0.417626, -0.014815, -0.997406, 0.0704339
5.41414, 5.31451, 0.423927, 0.0067605, 0.999379, -0.0345716
5.41372, 5.27936, 0.42714, 0.0127623, 0.999658, -0.0228174
5.4103, 5.27725, 0.427574, 0.0181191, 0.999575, -0.0228386
5.41344, 5.31657, 0.419752, -0.00984517, 0.999395, -0.0333576
5.41861, 5.32679, 0.425398, -0.0152327, 0.997169, -0.073628
5.41193, 5.27957, 0.417021, -0.00857575, -0.999865, 0.0140518
5.41431, 5.27701, 0.425229, 0.00737327, 0.99882, -0.0480048
5.40967, 5.27477, 0.439817, 0.0111433, 0.999558, -0.027551
5.41383, 5.2811, 0.424667, -0.00604435, 0.998331, -0.0574409
5.4117, 5.27997, 0.421695, -0.0131057, -0.999709, 0.0202567
5.41067, 5.27839, 0.414901, 0.036847, 0.99795, -0.0523224
5.41787, 5.27383, 0.410852, -0.035721, -0.996945, 0.0694629
5.41121, 5.27777, 0.414547, 0.0139423, 0.999538, -0.0270078
5.41155, 5.28053, 0.417359, 0.0108186, 0.999364, -0.0339807
5.41344, 5.27765, 0.413669, -0.0253924, -0.999449, 0.021374
5.41867, 5.28389, 0.411344, 0.00951139, -0.999016, 0.0433229
5.409, 5.28097, 0.411276, 0.0232651, 0.999727, -0.00225137
5.41287, 5.27757, 0.40718, 0.0164135, 0.999864, -0.00180525
5.41104, 5.27509, 0.417853, 0.0193269, 0.999806, -0.00390892
5.41487, 5.27765, 0.41731, -0.0143523, -0.999418, 0.0309461
5.41205, 5.27936, 0.410595, -0.0249063, -0.999643, 0.00962133
5.41187, 5.2806, 0.425026, -0.0126252, -0.998938, 0.0443093
5.41103, 5.28353, 0.424186, 0.00564496, 0.99934, -0.035895
5.41027, 5.27769, 0.416243, 0.00911767, 0.999877, -0.0127557
5.40973, 5.2831, 0.439333, 0.0226249, 0.998154, -0.0563644
5.41206, 5.31557, 0.418816, 0.00678642, 0.999017, -0.0438074
5.41212, 5.28205, 0.422575, -0.0227702, -0.999283, 0.0302636
5.41634, 5.28059, 0.423808, -9.76055e-06, 0.999248, -0.0387681
5.41228, 5.28057, 0.409209, 0.016244, 0.999819, -0.0099431
5.41281, 5.27069, 0.437803, -0.0073201, -0.999916, 0.0107375
5.40986, 5.27893, 0.413627, -0.0255953, -0.999264, 0.0285762
5.40847, 5.27825, 0.418345, 0.0215381, 0.999603, -0.0181692
5.41325, 5.27609, 0.426572, -0.0195073, -0.999757, 0.0102579
5.41284, 5.31538, 0.427593, 0.00420098, 0.998395, -0.0564761
5.41496, 5.28109, 0.415411, -0.0119521, -0.999789, 0.0167188
5.41391, 5.28631, 0.423899, -0.0013097, 0.9978, -0.0662777
5.40996, 5.27565, 0.441026, 0.0161446, 0.99942, -0.0299691
5.412, 5.31057, 0.419499, 0.00108071, 0.999828, -0.0185384
5.41256, 5.27789, 0.417164, -0.0178637, -0.998762, 0.0464207
5.41107, 5.27868, 0.426863, -0.0162412, -0.998607, 0.0502037
5.41232, 5.27897, 0.414288, -0.0128813, -0.9997, 0.0208277
5.41357, 5.28069, 0.416026, -0.000201036, -0.999909, 0.0134666
5.40816, 5.27493, 0.432772, -0.0173597, -0.999221, 0.0354457
5.41078, 5.27993, 0.424198, 0.00831788, 0.999264, -0.037448
5.41246, 5.27769, 0.409299, -0.0157224, -0.999874, 0.00199066
5.41115, 5.27625, 0.428828, -0.00656564, -0.999586, 0.0280166
5.41233, 5.27909, 0.412848, 0.0180747, 0.999752, -0.0130326
5.41135, 5.28072, 0.426613, 0.0136772, 0.999057, -0.0411982
5.41209, 5.30923, 0.42961, -0.0166795, -0.999592, 0.0232088
5.40955, 5.28224, 0.425894, 0.0198575, 0.99959, -0.0206366
5.41213, 5.27469, 0.425465, -0.00919181, -0.9986, 0.052089
5.4094, 5.27565, 0.415301, -0.0297559, -0.999463, 0.0137112
5.4116, 5.27393, 0.423796, 0.00819678, 0.999257, -0.0376566
5.41456, 5.28236, 0.433856, -0.00554061, -0.999653, 0.0257344
5.40915, 5.28236, 0.415646, 0.0168217, 0.999667, -0.0195847
5.41158, 5.2832, 0.423547, -0.0110337, -0.999122, 0.0404181
5.41599, 5.27756, 0.426734, 0.00674064, 0.998463, -0.0550164
5.41053, 5.28348, 0.423653, -0.00258441, -0.998876, 0.0473231
5.41193, 5.30957, 0.428426, -0.0190941, -0.998988, 0.0407192
5.41405, 5.28124, 0.410905, -0.00764344, -0.999578, 0.0280206
5.4123, 5.27509, 0.411952, -0.0201817, -0.999791, 0.00339365
5.4142, 5.28362, 0.405367, -0.000246984, 0.997751, -0.0670291
5.41031, 5.27564, 0.424146, 0.0285475, 0.998095, -0.0546861
5.41187, 5.27425, 0.432883, 0.0035468, 0.999625, -0.0271691
5.41465, 5.31416, 0.420279, 0.0179531, 0.998252, -0.0563026
5.41304, 5.27697, 0.426738, 0.0126903, 0.999734, -0.0192736
5.41555, 5.31629, 0.413487, 0.00366408, -0.999906, 0.0131975
5.41314, 5.30745, 0.422346, 0.0136511, 0.99716, -0.0740594
5.41332, 5.27677, 0.420627, -0.0102701, -0.999548, 0.0282384
5.40989, 5.28359, 0.400314, 0.0148273, -0.99926, 0.0354952
5.41192, 5.27965, 0.414014, 0.0265265, 0.999504, -0.0169551
5.41598, 5.28397, 0.417889, 0.000333439, 0.999734, -0.0230793
5.40878, 5.27657, 0.414599, 0.0171553, 0.999811, -0.00917573
5.41603, 5.30969, 0.421616, 0.00267018, 0.99909, -0.0425739
5.41233, 5.27877, 0.41436, 0.0274939, 0.999516, -0.0145294
5.41156, 5.284, 0.426774, -0.0149458, -0.998848, 0.0455952
5.41147, 5.26809, 0.440477, 0.0188076, 0.999794, -0.00759482
5.41429, 5.32404, 0.428811, -0.00634837, 0.998623, -0.0520739
5.41175, 5.28265, 0.411768, -0.0210987, -0.999433, 0.0262276
5.40974, 5.28001, 0.428104, -0.0155785, -0.998798, 0.0464664
5.41438, 5.31669, 0.421457, 0.00464789, 0.999089, -0.0424228
5.41187, 5.28072, 0.425119, -0.00363042, -0.999044, 0.0435731
5.41193, 5.27525, 0.415539, 0.0232608, 0.999584, -0.0170441
5.41736, 5.31186, 0.415913, -0.000524427, 0.999199, -0.0400157
5.41233, 5.27532, 0.428685, 0.0228782, 0.999158, -0.0340506
5.41748, 5.28389, 0.414115, -0.00676023, 0.999047, -0.0431176
5.41278, 5.28097, 0.415464, -0.00373402, -0.999743, 0.0223762
5.41928, 5.31449, 0.419001, -0.0136434, -0.997631, 0.0674275
5.40966, 5.27757, 0.419223, -0.0163718, -0.99982, 0.00963067
5.41707, 5.2773, 0.416448, 0.00286187, -0.999735, 0.022833
5.41553, 5.27757, 0.421792, -0.0113463, -0.99981, 0.015846
5.41348, 5.28497, 0.43285, -0.0166077, -0.999733, 0.0160445
5.41297, 5.27397, 0.423568, 0.0140959, 0.999747, -0.0175421
5.41381, 5.28046, 0.424448, -0.0151442, -0.997534, 0.0685285
5.4133, 5.28089, 0.422596, -0.0119433, -0.998793, 0.0476531
5.41509, 5.28106, 0.403801, -0.00650079, -0.997709, 0.0673419
5.40964, 5.27637, 0.432619, 0.0129965, 0.999647, -0.0231833
5.41373, 5.28193, 0.419742, -0.0151483, -0.999253, 0.03555
5.4088, 5.30892, 0.425633, -0.0124965, -0.999265, 0.036228
5.41418, 5.28209, 0.422255, 0.00640147, 0.999798, -0.0190266
5.41037, 5.27552, 0.417511, -0.00690171, -0.998016, 0.0625743
5.41107, 5.28553, 0.425282, 0.012408, 0.999339, -0.0341812
5.41716, 5.27609, 0.413366, -0.0156273, -0.999807, 0.0119007
5.41214, 5.27736, 0.421227, 0.0247691, 0.999668, 0.00713413
5.41515, 5.27509, 0.421968, -0.0160321, -0.999785, 0.0131439
5.41069, 5.28265, 0.417254, 0.00200916, 0.999398, -0.034629
5.41058, 5.27709, 0.425234, -0.0116225, -0.999773, 0.0178795
5.4108, 5.27465, 0.421866, -0.0111318, -0.999441, 0.0315179
5.41417, 5.27869, 0.419347, 0.0102838, 0.999935, 0.00497586
5.41313, 5.27805, 0.418755, -0.0121948, -0.999324, 0.0346733
5.41156, 5.27457, 0.422818, 0.00916812, 0.999848, -0.0148626
5.41288, 5.27749, 0.424015, 0.00953558, 0.998886, -0.0462079
5.40759, 5.27924, 0.413787, 0.0120871, 0.999624, -0.0246038
5.4146, 5.30839, 0.431088, 0.0252598, 0.997494, -0.0660937
5.40822, 5.27521, 0.437816, -0.00854893, -0.999101, 0.0415128
5.41537, 5.27896, 0.412001, 0.0235008, 0.998323, -0.052913
5.41442, 5.31657, 0.423928, 0.0108199, 0.999815, -0.0159292
5.41387, 5.31605, 0.417203, 0.00606954, -0.998425, 0.055778
5.41339, 5.31285, 0.423069, 0.00945598, 0.998739, -0.0492982
5.4124, 5.32344, 0.441541, 0.0273517, 0.998877, -0.0386811
5.41084, 5.27657, 0.42601, -0.0173282, -0.999825, 0.00705943
5.42248, 5.31677, 0.419198, -0.0071416, 0.998873, -0.0469153
5.41666, 5.31516, 0.416679, -0.00998901, -0.99825, 0.0582806
5.41563, 5.27569, 0.414892, -0.0113186, -0.999926, 0.00456419
5.41368, 5.27924, 0.413384, 0.0102296, 0.999592, -0.0266727
5.41176, 5.30897, 0.434188, 0.00604407, 0.999704, -0.0235706
5.41366, 5.27757, 0.419051, 0.0185842, 0.999825, -0.00195087
5.41291, 5.28395, 0.431107, 0.0275559, 0.998322, -0.0509364
5.41091, 5.27736, 0.426159, -0.0164995, -0.999649, 0.0207485
5.4136, 5.27797, 0.423902, -0.00860141, -0.999699, 0.0229905
5.41591, 5.27559, 0.414479, 0.00703211, 0.997609, -0.0687535
5.41348, 5.27609, 0.415178, 0.0114076, 0.999751, -0.0191626
5.41048, 5.31563, 0.417838, -0.0047632, -0.999479, 0.0319156
5.4148, 5.2848, 0.419448, -0.000154625, 0.998765, -0.049682
5.41077, 5.27665, 0.426104, 0.00880816, 0.99948, -0.0310208
5.41399, 5.28036, 0.414238, 0.00637601, 0.999669, -0.0249022
5.41247, 5.27497, 0.420221, -0.0218957, -0.999712, 0.00978298
5.40955, 5.31516, 0.425233, 0.0152791, 0.999151, -0.0382554
5.41281, 5.28322, 0.41956, 0.00183403, 0.996488, -0.0837095
5.41699, 5.2828, 0.403448, -0.00185825, 0.998957, -0.0456218
5.41301, 5.27697, 0.424351, -0.0203285, -0.999691, 0.0142842
5.41319, 5.28453, 0.426229, -0.00421831, -0.999334, 0.0362518
5.41313, 5.2786, 0.433013, 0.011704, 0.998953, -0.0442322
5.41201, 5.27897, 0.417565, 0.0218352, 0.99969, -0.011957
5.40874, 5.27569, 0.416279, -0.0144154, -0.999891, 0.00326156
5.41181, 5.27497, 0.432709, 0.006842, 0.999729, -0.0222338
5.41342, 5.29126, 0.420305, -0.00661038, -0.998714, 0.0502711
5.40848, 5.27556, 0.433993, -0.0196896, -0.998551, 0.0500763
5.4107, 5.28077, 0.418367, 0.0224017, 0.999562, -0.0193547
5.4117, 5.27705, 0.427195, -0.0108129, -0.999303, 0.0357315
5.41537, 5.28036, 0.414558, -0.00835396, -0.999664, 0.0245448
5.41023, 5.27736, 0.410698, -0.0226209, -0.999666, 0.0124736
5.41383, 5.28357, 0.421758, 0.00144307, 0.99982, -0.0189405
5.40852, 5.28193, 0.422837, 0.0161875, 0.999233, -0.0356487
5.42157, 5.31557, 0.411151, 0.000281585, -0.999447, 0.0332536
5.41346, 5.27669, 0.422385, 0.0139702, 0.999885, -0.00586041
5.41613, 5.28457, 0.421926, 0.00978457, 0.999859, -0.013643
5.40933, 5.28156, 0.410166, 0.0221832, 0.998552, -0.0490061
5.40956, 5.27609, 0.409312, 0.0201536, 0.999795, 0.00209084
5.41536, 5.28093, 0.414372, -0.0133746, -0.999215, 0.0372988
5.41192, 5.28705, 0.408173, -0.0349005, -0.996824, 0.0715859
5.40997, 5.27839, 0.422553, 0.017714, 0.997958, -0.0613606
5.41184, 5.31485, 0.422958, 0.0138844, 0.998778, -0.0474363
5.40729, 5.28309, 0.43108, 2.71133e-05, 0.999799, -0.0200594
5.41092, 5.27777, 0.422312, 0.0259232, 0.999561, 0.0143587
5.4117, 5.31557, 0.421182, -0.0147718, -0.998958, 0.0431833
5.41029, 5.31357, 0.431775, 0.0187992, 0.999029, -0.0398554
5.41381, 5.27769, 0.410902, 0.00947569, 0.999917, -0.00876137
5.41844, 5.27607, 0.424686, 0.00505938, 0.997665, -0.0681051
5.41383, 5.27705, 0.420113, 0.0102762, 0.999306, -0.0358004
5.41248, 5.27797, 0.417713, 0.0215789, 0.999744, -0.00686302
5.41442, 5.28009, 0.412643, -0.0150762, -0.999758, 0.0160403
5.41247, 5.31485, 0.41812, 0.00968074, 0.998794, -0.0481358
5.41168, 5.27697, 0.426383, -0.0141095, -0.999692, 0.0204078
5.40941, 5.31451, 0.431319, 0.012095, 0.999383, -0.0329683
5.40818, 5.26977, 0.437329, -0.0177866, -0.999537, 0.0246687
5.41227, 5.28889, 0.421264, -0.0171853, -0.997851, 0.0632327
5.41081, 5.32504, 0.434302, 0.00556759, -0.998506, 0.05435
5.41278, 5.27769, 0.431272, 0.00977722, 0.999934, -0.00594198
5.4118, 5.27657, 0.428686, 0.0135737, 0.999837, -0.0119313
5.41102, 5.27753, 0.410644, 0.0225303, 0.999378, -0.0271206
5.41096, 5.27469, 0.416806, 0.00740282, 0.999898, -0.0121906
5.41132, 5.27753, 0.425024, -0.0201896, -0.999379, 0.0288709
5.41599, 5.31273, 0.412868, 0.0194118, 0.997784, -0.063637
5.41664, 5.27525, 0.409295, 0.00630455, 0.999579, -0.0283329
5.41083, 5.31011, 0.425589, 0.0201588, 0.998657, -0.0477246
5.41341, 5.3151, 0.437354, -0.0219099, -0.99863, 0.0475188
5.41326, 5.27836, 0.422345, 0.0266568, 0.999644, -0.000935426
5.41107, 5.2823, 0.420527, -0.00178477, 0.999915, -0.0129126
5.41371, 5.31463, 0.422145, -0.0101723, -0.999402, 0.0330531
5.41236, 5.27865, 0.412137, 0.00537855, 0.999481, -0.0317501
5.41189, 5.27689, 0.420953, 0.0216453, 0.998766, -0.0446998
5.41278, 5.27577, 0.42535, -0.0301233, -0.999541, -0.00331127
5.4133, 5.28111, 0.424521, -0.00855827, -0.99817, 0.0598591
5.40969, 5.27757, 0.421415, -0.0125564, -0.99982, 0.0142352
5.41034, 5.31848, 0.417544, 0.0367933, 0.997611, -0.0584688
5.41409, 5.27365, 0.430368, 0.00580192, 0.999475, -0.0318813
5.41493, 5.27696, 0.417606, 0.00348187, 0.99834, -0.0574973
5.41271, 5.26898, 0.436369, -0.02376, -0.999701, 0.00574462
5.41295, 5.27956, 0.415566, 0.011914, 0.998508, -0.0532984
5.41221, 5.27537, 0.423317, 0.0109182, 0.999662, -0.0236065
5.40896, 5.27609, 0.442201, 0.0118765, 0.999786, -0.0169505
5.41293, 5.31186, 0.424843, -0.00269607, 0.999025, -0.0440545
5.41098, 5.27905, 0.420079, -0.00956657, -0.999315, 0.0357435
5.41384, 5.27437, 0.423318, 0.00898213, 0.99968, -0.0236399
5.41447, 5.28405, 0.418928, -0.00978498, -0.999317, 0.0356369
5.41085, 5.27665, 0.430157, 0.0236476, 0.9994, -0.025325
5.41429, 5.28124, 0.414284, 0.0140154, 0.999622, -0.0236341
5.41389, 5.27957, 0.415689, 0.0142653, 0.999845, -0.0102938
5.41663, 5.28559, 0.422109, -0.00228405, 0.999372, -0.0353709
5.41468, 5.27897, 0.413774, 0.01447, 0.999735, -0.0178889
5.41886, 5.27625, 0.415452, 0.00568368, 0.9996, -0.0276951
5.40877, 5.27565, 0.41062, 0.0266184, 0.999466, -0.0189683
5.4126, 5.28333, 0.418669, -0.0283422, -0.997471, 0.0651716
5.40788, 5.30567, 0.425926, -0.0235725, -0.996429, 0.0810775
5.41644, 5.2841, 0.428347, 0.00216828, -0.998734, 0.0502624
5.41479, 5.27665, 0.401292, -0.0536798, -0.996364, 0.0661552
5.4138, 5.27965, 0.418427, 0.00631586, 0.999474, -0.0318137
5.41531, 5.30945, 0.419233, -0.0147435, -0.998064, 0.0604292
5.41385, 5.31444, 0.421284, 0.0146198, 0.998011, -0.0613242
5.41355, 5.27493, 0.419355, -0.0029396, -0.999266, 0.0382027
5.4118, 5.28627, 0.429825, -0.0138128, -0.998709, 0.0488903
5.41236, 5.28343, 0.423167, -0.0117753, -0.998406, 0.0552068
5.41492, 5.27677, 0.420426, 0.0132636, 0.99955, -0.0269241
5.4112, 5.27465, 0.423314, -0.00976848, -0.999426, 0.0324472
5.41277, 5.27725, 0.418027, 0.0145889, 0.999604, -0.0240632
5.4165, 5.27765, 0.422285, -0.00345002, -0.999493, 0.0316509
5.41614, 5.31063, 0.418123, -0.00831169, -0.998563, 0.052938
5.41063, 5.27709, 0.427362, 0.0166061, 0.999787, -0.0122291
5.41214, 5.27936, 0.419571, -0.0223563, -0.999643, 0.01465
5.40815, 5.27736, 0.427752, -0.0101768, -0.999645, 0.0246192
5.41364, 5.27365, 0.433347, 0.00660446, 0.999438, -0.0328559
5.41218, 5.27709, 0.427581, 0.00897234, 0.999806, -0.0175129
5.41405, 5.28209, 0.422258, 0.00931908, 0.999765, -0.0195952
5.41224, 5.28009, 0.422307, 0.0132415, 0.999783, -0.0161046
5.41061, 5.27909, 0.42183, 0.0179918, 0.99978, -0.0108125
5.41609, 5.27753, 0.412531, 0.0146436, 0.999348, -0.0329919
5.41343, 5.27823, 0.410223, 0.0189341, 0.998231, -0.0563519
5.40836, 5.27505, 0.438821, 0.0162881, 0.999327, -0.0328779
5.40951, 5.28139, 0.411322, 0.0329088, 0.997951, -0.0548786
5.41096, 5.27872, 0.406076, 0.0191982, 0.999044, -0.0392726
5.42183, 5.2818, 0.423042, -0.00378488, 0.998891, -0.0469369
5.40955, 5.27932, 0.418672, -0.00700556, -0.999173, 0.0400623
5.41207, 5.28111, 0.418597, -0.0136955, -0.99818, 0.0587242
5.4101, 5.28024, 0.41683, -0.00585572, -0.999623, 0.0268377
5.41226, 5.28096, 0.43177, 0.0118862, 0.998371, -0.0558097
5.41181, 5.27765, 0.416048, 0.0131275, 0.999502, -0.0286919
5.41381, 5.28309, 0.413166, -0.0165845, -0.999754, 0.0147505
5.4137, 5.27561, 0.433162, -0.0100588, -0.999015, 0.0432282
5.41625, 5.28224, 0.419086, 0.0148575, 0.99958, -0.0248686
5.41597, 5.27941, 0.410618, 0.00667026, -0.998228, 0.0591379
5.41155, 5.27532, 0.424167, -0.00608118, -0.999174, 0.0401852
5.41695, 5.31163, 0.411743, 0.00612811, 0.999401, -0.0340708
5.41432, 5.27749, 0.418022, 0.0110333, 0.998903, -0.0455117
5.41546, 5.31118, 0.414794, -0.0449035, -0.996087, 0.0761142
5.41329, 5.27537, 0.419053, 0.019642, 0.999632, 0.0186914
5.41481, 5.31209, 0.409602, 0.0164457, 0.99977, -0.0137545
5.41243, 5.27797, 0.425185, -0.014824, -0.999744, 0.0170963
5.41619, 5.27773, 0.409958, -0.000161716, -0.999057, 0.0434117
5.41087, 5.27365, 0.445043, 0.0203432, 0.999409, -0.0276954
5.41273, 5.28365, 0.426823, -0.00735523, -0.999468, 0.0317908
5.41796, 5.2841, 0.416316, -0.00563491, 0.998391, -0.056423
5.41076, 5.27932, 0.413338, -0.0170553, -0.999199, 0.0362057
5.41275, 5.27525, 0.426675, -0.0133471, -0.999611, 0.0245042
5.41379, 5.28091, 0.424545, 0.00898078, 0.997861, -0.0647548
5.41313, 5.28105, 0.422714, 0.00934656, 0.99928, -0.036781
5.41701, 5.28236, 0.416182, 0.00415484, 0.999657, -0.025873
5.41249, 5.27397, 0.422493, 0.0163119, 0.999728, -0.0166634
5.41037, 5.28905, 0.424253, -0.0107055, -0.999295, 0.0359926
5.41706, 5.2769, 0.417384, -0.00751316, 0.999168, -0.0400938
5.41042, 5.28032, 0.427442, 0.0108653, 0.999192, -0.0387022
5.41889, 5.28355, 0.409598, 0.0102846, 0.998448, -0.0547367
5.40994, 5.31934, 0.419781, -0.00862205, -0.999656, 0.0247594
5.41306, 5.27609, 0.430904, 0.0169452, 0.999778, -0.0125583
5.41199, 5.27869, 0.412113, -0.0150435, -0.999887, 0.000682447
5.41131, 5.27743, 0.420763, -0.0175294, -0.996208, 0.0852143
5.41845, 5.2743, 0.411029, -0.0280416, -0.997001, 0.0721267
5.41412, 5.31385, 0.431798, -0.00844706, -0.998786, 0.0485367
5.41672, 5.31753, 0.419949, -0.0211781, 0.99771, -0.0642364
5.4105, 5.27452, 0.428206, 0.00663579, 0.998021, -0.0625295
5.40962, 5.32084, 0.427157, 0.014423, 0.998759, -0.0476778
5.41471, 5.28322, 0.414947, -0.0119022, -0.998203, 0.0587253
5.41508, 5.28039, 0.421783, 0.00487741, -0.999959, 0.00760101
5.4101, 5.2753, 0.431724, -0.0295821, -0.996999, 0.0715457
5.41261, 5.31682, 0.424024, -0.00594283, 0.997236, -0.0740637
5.41633, 5.31344, 0.425488, 0.000181966, 0.997996, -0.0632712
5.40875, 5.28345, 0.428811, -0.0266616, -0.9975, 0.0654507
5.40866, 5.27425, 0.433117, 0.0254357, 0.999611, -0.0114625
5.41202, 5.27869, 0.411153, -0.0160203, -0.99987, 0.00170064
5.40945, 5.27909, 0.419482, -0.0164307, -0.999799, 0.0115282
5.41134, 5.27661, 0.434749, 0.0172767, 0.999033, -0.0404214
5.41059, 5.27769, 0.417232, -0.0054605, -0.999877, 0.0147231
5.40572, 5.27797, 0.413324, 0.0192135, 0.99969, -0.01585
5.41256, 5.31557, 0.420251, -0.0229922, -0.998962, 0.0393276
5.41179, 5.31491, 0.428148, -0.00977222, -0.999257, 0.0372834
5.41166, 5.27493, 0.428518, -0.0076517, -0.999236, 0.0383262
5.41019, 5.27977, 0.421408, -0.00806943, -0.999541, 0.0292117
5.40786, 5.28069, 0.411625, 0.00726104, 0.999932, -0.00912566
5.41727, 5.30923, 0.420036, 0.00978504, 0.998678, -0.050462
5.41143, 5.28101, 0.418901, 0.0120194, 0.9988, -0.0474858
5.41466, 5.31544, 0.425237, -0.00662012, -0.998055, 0.0619915
5.41697, 5.28069, 0.413324, -0.00431168, -0.999886, 0.0144659
5.41441, 5.28065, 0.416303, -0.00853739, -0.999507, 0.0302124
5.41535, 5.28109, 0.403759, 0.0148651, 0.999749, -0.0167708
5.41254, 5.27457, 0.419316, 0.00515198, 0.999863, -0.0157198
5.40858, 5.28224, 0.437707, -0.0177663, -0.999585, 0.0226704
5.41107, 5.31457, 0.414746, 0.00972469, 0.999009, -0.0434361
5.40723, 5.2796, 0.417603, -0.0363473, -0.999001, 0.0259821
5.41449, 5.27993, 0.421477, 0.00136327, -0.997145, 0.0754976
5.41421, 5.27736, 0.417545, 0.0224522, 0.999668, -0.0126569
5.4119, 5.28489, 0.412302, -0.00760451, 0.99904, -0.0431354
5.40961, 5.31457, 0.428898, -0.0147408, -0.998921, 0.0440414
5.40937, 5.27765, 0.428606, 0.0109203, 0.999407, -0.0326498
5.41349, 5.27657, 0.420673, 0.0142634, 0.999832, -0.0115174
5.41714, 5.31184, 0.413089, -0.00620352, -0.996722, 0.0806684
5.41032, 5.27697, 0.42662, -0.0142901, -0.999736, 0.0180153
5.4192, 5.31285, 0.413916, -0.0267963, -0.997846, 0.0598791
5.41579, 5.27959, 0.417124, -0.00669562, 0.999388, -0.0343262
5.40715, 5.28124, 0.420005, -0.0133227, -0.999582, 0.0256633
5.4124, 5.2826, 0.436319, 0.00509538, 0.999019, -0.0439864
5.41469, 5.3149, 0.424336, -0.0108604, -0.997214, 0.0737954
5.41114, 5.27669, 0.426648, 0.0142961, 0.999871, -0.00732441
5.41208, 5.28109, 0.417936, 0.0178292, 0.999803, -0.00875264
5.41243, 5.28277, 0.415452, 0.00829638, 0.999553, -0.028718
5.41377, 5.2786, 0.430365, 0.00216628, 0.998982, -0.0450534
5.41216, 5.28144, 0.411884, 0.0151746, 0.9984, -0.0544774
5.40895, 5.27697, 0.423929, -0.0130327, -0.999692, 0.0211271
5.42009, 5.27669, 0.409364, 0.00438651, 0.99991, -0.012701
5.40878, 5.2762, 0.439772, 0.0242047, 0.999127, -0.0340444
5.41373, 5.27457, 0.427792, -0.00623911, -0.998476, 0.0548309
5.41127, 5.27693, 0.4301, 0.0141051, 0.999253, -0.0359743
5.41361, 5.27801, 0.426339, -0.0110688, -0.9988, 0.0477139
5.41732, 5.31285, 0.415484, 0.015023, 0.998747, -0.0477269
5.41684, 5.31238, 0.413986, 0.0210119, 0.997582, -0.0662546
5.41417, 5.28089, 0.431517, -0.00721133, -0.998771, 0.0490306
5.41672, 5.2843, 0.417178, 0.00144222, -0.999705, 0.024259
5.41308, 5.27763, 0.425888, -0.0174067, -0.998094, 0.0592019
5.4113, 5.27744, 0.407165, 0.0181905, 0.998434, -0.0529115
5.41127, 5.31591, 0.432616, -0.00841566, -0.99926, 0.0375368
5.41661, 5.28205, 0.420248, -0.00145589, -0.997671, 0.0681956
5.40999, 5.27793, 0.418716, 0.0369571, 0.999236, 0.0126898
5.41056, 5.27769, 0.421225, 0.0130122, 0.999885, -0.00777403
5.40824, 5.27879, 0.421065, 0.0386339, 0.997814, -0.0536249
5.41325, 5.31266, 0.42631, 0.0147254, 0.99735, -0.0712405
5.41375, 5.2793, 0.418344, 0.000985825, -0.999817, 0.0191244
5.40978, 5.27793, 0.405623, -0.0127733, -0.999253, 0.0364675
5.41051, 5.27525, 0.423399, 0.0124701, 0.999616, -0.0247489
5.4155, 5.2811, 0.41755, -0.00723212, 0.99827, -0.058356
5.40882, 5.28297, 0.441919, 0.00761132, 0.999741, -0.0214574
5.41105, 5.27736, 0.427091, -0.0105792, -0.99963, 0.025053
5.4158, 5.28431, 0.412897, 0.0143633, -0.998017, 0.0612895
5.40966, 5.3103, 0.426627, 0.0434387, 0.996204, -0.0754388
5.41162, 5.27009, 0.426809, -0.0149231, -0.999791, 0.0140034
5.41304, 5.27825, 0.413411, 0.014474, 0.999603, -0.0241576
5.41515, 5.31622, 0.423184, -0.00427288, -0.999596, 0.0280908
5.41229, 5.29038, 0.429183, -0.0234811, -0.997043, 0.0731646
5.41104, 5.31257, 0.417346, -0.0176707, -0.999839, 0.00311584
5.41111, 5.27501, 0.428001, 0.0104394, 0.998853, -0.0467267
5.40992, 5.27957, 0.414499, -0.0129809, -0.999844, 0.0120196
5.4176, 5.27869, 0.402596, 0.00808677, 0.999963, 0.00294547
5.4099, 5.27337, 0.428182, -0.00757066, -0.999636, 0.0259028
5.41645, 5.31063, 0.418612, 0.0104611, 0.998607, -0.0517189
5.41163, 5.27896, 0.415864, 0.0154536, 0.998322, -0.0558049
5.4106, 5.2816, 0.422919, 0.0236776, 0.998994, -0.0380882
5.41276, 5.31169, 0.425642, -0.00818125, -0.999055, 0.0426927
5.41208, 5.27953, 0.425785, -0.0235266, -0.999339, 0.0277292
5.41192, 5.2825, 0.415086, 0.0200293, 0.997965, -0.0605385
5.41494, 5.31557, 0.41858, 0.0118987, 0.998958, -0.0440615
5.41681, 5.28153, 0.42463, 0.00166978, 0.999365, -0.0355942
5.41073, 5.27801, 0.418672, 0.0116802, 0.998838, -0.0467599
5.41343, 5.27453, 0.427373, 0.0117646, 0.999368, -0.0335507
5.41377, 5.28346, 0.417314, -0.0481431, -0.996696, 0.0654095
5.40886, 5.27565, 0.421451, 0.0206854, 0.999488, -0.0244273
5.41524, 5.27696, 0.420888, -0.011756, -0.998337, 0.056433
5.40914, 5.27337, 0.406092, 0.0251695, 0.999673, 0.004494
5.41394, 5.31953, 0.42736, 0.00310867, -0.997744, 0.067062
5.41054, 5.27761, 0.419691, -0.0172974, -0.99901, 0.0409757
5.41135, 5.28024, 0.416301, 0.0283972, 0.999595, -0.00199261
5.41857, 5.31224, 0.411051, -0.0476707, -0.996581, 0.0674784
5.41231, 5.2839, 0.428355, -0.0217754, -0.997877, 0.0613789
5.41319, 5.27809, 0.410418, 0.0134259, 0.999758, -0.0174336
5.41693, 5.32004, 0.426206, -0.00171669, 0.998727, -0.050408
5.41799, 5.31525, 0.418995, -0.00242463, 0.997946, -0.064016
5.41039, 5.27198, 0.441684, -0.0130043, -0.99972, 0.0197875
5.41512, 5.27769, 0.404158, 0.00734016, 0.999918, 0.0105
5.41283, 5.27509, 0.422357, 0.0162147, 0.999776, -0.0135845
5.40918, 5.27565, 0.428512, 0.0236606, 0.999498, -0.0210527
5.41226, 5.27877, 0.412376, -0.0246005, -0.999519, 0.0188683
5.41269, 5.28305, 0.414218, 0.00970409, 0.999278, -0.036747
5.41298, 5.27657, 0.429159, -0.016323, -0.999837, 0.0077066
5.41106, 5.281, 0.41374, 0.0565005, 0.997229, -0.0483958
5.4131, 5.27669, 0.428059, 0.0128919, 0.999907, -0.00439619
5.41309, 5.28027, 0.422512, 0.0179395, 0.998695, -0.047821
5.41075, 5.27625, 0.433535, -0.0173547, -0.999627, 0.0210668
5.41646, 5.28559, 0.42181, 0.000453107, -0.999243, 0.0389127
5.41446, 5.31423, 0.419926, 0.00889141, 0.999607, -0.0265773
5.41742, 5.27665, 0.419036, -0.0102601, -0.999476, 0.0306925
5.41191, 5.28024, 0.404643, 0.025923, 0.999598, -0.0115225
5.40991, 5.27753, 0.419484, -0.00262986, -0.999382, 0.0350608
5.40974, 5.2786, 0.42219, -0.00917674, -0.999, 0.0437546
5.41006, 5.28057, 0.424897, -0.00235879, -0.99984, 0.0177136
5.40773, 5.27828, 0.415076, -0.0342233, -0.9987, 0.0377892
5.4171, 5.27763, 0.4184, -0.0204445, 0.997666, -0.0651455
5.41173, 5.27465, 0.419704, -0.00547239, -0.999394, 0.0343672
5.41095, 5.28576, 0.413098, -0.0175282, -0.999545, 0.0245455
5.41028, 5.28069, 0.416473, 0.0120608, 0.999893, -0.00824966
5.41175, 5.31303, 0.439758, -0.0190995, -0.999288, 0.0325291
5.41549, 5.28559, 0.419521, -0.00122084, 0.999381, -0.0351513
5.4059, 5.27532, 0.437867, 0.0178656, 0.999205, -0.035643
5.41601, 5.28431, 0.413687, -0.0158288, 0.997988, -0.0614019
5.40854, 5.27731, 0.448334, -0.039821, -0.99613, 0.0783479
5.41185, 5.27644, 0.42586, -0.0201209, -0.998407, 0.0527052
5.41527, 5.27597, 0.427398, -0.0108455, -0.999703, 0.0218231
5.41431, 5.27637, 0.421524, 0.0250507, 0.999671, -0.00552156
5.41293, 5.31485, 0.417669, -0.0109714, -0.998757, 0.0486181
5.41211, 5.28293, 0.4239, 0.0167161, 0.999245, -0.0350693
5.41367, 5.27692, 0.414434, 0.0158902, 0.997895, -0.0628769
5.4109, 5.27977, 0.418004, 0.0128844, 0.999565, -0.0265446
5.41902, 5.28189, 0.421375, -0.00475664, 0.999007, -0.0442898
5.41367, 5.31245, 0.411862, 0.017204, 0.998899, -0.043643
5.41312, 5.27809, 0.417212, -0.0140915, -0.999764, 0.0165259
5.41108, 5.28093, 0.426227, -0.00957516, -0.999229, 0.0380718
5.41107, 5.28852, 0.422544, -0.0106854, -0.999344, 0.0345972
5.41434, 5.31577, 0.422184, -0.000118664, 0.998951, -0.0457986
5.41267, 5.31404, 0.412385, -0.00133007, -0.998176, 0.0603563
5.41729, 5.27965, 0.407195, 0.0117266, 0.999412, -0.0322233
5.412, 5.28272, 0.415079, -0.014845, -0.99906, 0.0407228
5.41291, 5.27777, 0.41556, 0.0121802, 0.999557, -0.0271375
5.41067, 5.2853, 0.422403, -0.000176191, 0.999919, -0.0127176
5.41199, 5.27537, 0.433238, -0.00381861, -0.99968, 0.0250025
5.4096, 5.28517, 0.417686, -0.00566642, -0.997772, 0.0664762
5.41322, 5.28077, 0.425906, -0.00970517, -0.999569, 0.0277199
5.41256, 5.27701, 0.422099, 0.0272839, 0.998807, -0.0405055
5.41067, 5.27625, 0.439911, 0.0180434, 0.999593, -0.0220917
5.41191, 5.27477, 0.421674, -0.00508509, -0.999569, 0.0289073
5.40958, 5.28333, 0.429726, 0.0249545, 0.997458, -0.0667462
5.41125, 5.2792, 0.418912, 0.00332006, 0.999152, -0.0410506
5.40866, 5.27693, 0.437031, -0.0187828, -0.999245, 0.0340125
5.41121, 5.30739, 0.419054, 0.0286371, 0.997603, -0.063001
5.41022, 5.27489, 0.439631, 0.0222231, 0.998739, -0.0450104
5.41135, 5.28196, 0.43128, -0.00704542, -0.998358, 0.0568469
5.41251, 5.31132, 0.421515, 0.0243327, 0.997069, -0.0725298
5.41076, 5.28253, 0.415367, 0.00948644, 0.999362, -0.0344424
5.4123, 5.31497, 0.409276, -0.0197526, -0.999695, 0.014792
5.41056, 5.28257, 0.413024, -0.0125199, -0.999824, 0.0139793
5.41427, 5.31117, 0.417028, 0.0100248, 0.999127, -0.0405597
5.4205, 5.28659, 0.416675, -0.00180515, 0.999537, -0.030377
5.41408, 5.32051, 0.422569, -0.00109665, -0.99939, 0.0349095
5.41173, 5.27897, 0.419967, 0.0191928, 0.999744, -0.0120214
5.41052, 5.27528, 0.434528, 0.0168632, 0.99873, -0.0474832
5.41157, 5.28165, 0.433904, -0.0207144, -0.999449, 0.0259182
5.41079, 5.27632, 0.414955, 0.0380774, 0.999178, -0.0138941
5.41555, 5.27257, 0.412498, 0.00624113, 0.999862, -0.0154265
5.41522, 5.27609, 0.427944, -0.00985988, -0.99978, 0.0184878
5.41047, 5.28305, 0.424978, 0.0101776, 0.999326, -0.0352781
5.41467, 5.27739, 0.419701, 0.00248178, 0.99796, -0.0637975
5.40891, 5.2796, 0.42712, -0.00724635, -0.998961, 0.0450013
5.41152, 5.23898, 0.419692, 0.020316, 0.999736, 0.0106868
5.41833, 5.2843, 0.416682, -0.00028808, 0.999694, -0.0247231
5.4114, 5.28517, 0.424082, 0.0186787, 0.997767, -0.0641313
5.41033, 5.27461, 0.425243, -0.00586206, -0.998934, 0.0457793
5.41252, 5.2786, 0.430257, -0.0129773, -0.998915, 0.044718
5.41011, 5.28053, 0.425062, -0.0196491, -0.999382, 0.0291585
5.41135, 5.28253, 0.410306, -0.028036, -0.999342, 0.0230215
5.41393, 5.27909, 0.414123, 0.0107007, 0.999792, -0.0173475
5.41727, 5.27497, 0.436436, 0.0245998, 0.999695, -0.00200453
5.41416, 5.28105, 0.425247, -0.0222863, -0.999313, 0.0296159
5.41469, 5.27593, 0.424349, -0.00347884, -0.999224, 0.0392341
5.41409, 5.31423, 0.412149, -0.0144023, -0.999615, 0.023715
5.41145, 5.27253, 0.439168, -0.0196201, -0.999335, 0.0307287
5.41251, 5.27653, 0.424794, 0.0102944, 0.999374, -0.0338483
5.4111, 5.27433, 0.424702, -0.0194916, -0.999156, 0.0361528
5.41361, 5.27697, 0.409315, 0.0203686, 0.99969, -0.0143451
5.4074, 5.31497, 0.434871, 0.0129451, 0.998817, -0.0468796
5.41293, 5.27709, 0.418681, -0.0179983, -0.999773, 0.0113744
5.41771, 5.27597, 0.427254, -0.00369937, -0.999735, 0.0227028
5.40945, 5.31139, 0.425067, -0.0336689, -0.998409, 0.0452283
5.41381, 5.27553, 0.411095, 0.00901338, 0.999377, -0.0341284
5.42303, 5.31554, 0.41269, 0.00190656, -0.997774, 0.0666535
5.40731, 5.27693, 0.433981, -0.00802876, -0.999254, 0.0377836
5.41723, 5.28643, 0.408569, 0.00944541, 0.998389, -0.0559481
5.41393, 5.27884, 0.411491, 0.0559914, 0.998297, 0.016376
5.41607, 5.28336, 0.414557, -0.0120037, -0.999678, 0.0223454
5.4152, 5.28489, 0.413217, 0.00267987, -0.999197, 0.0399903
5.41309, 5.31472, 0.421969, -0.0114194, -0.997804, 0.06524
5.41208, 5.27809, 0.406361, -0.0159731, -0.999794, 0.0124866
5.41284, 5.28436, 0.411201, 0.00717062, 0.999682, -0.0241598
5.41692, 5.28159, 0.419899, 2.23158e-05, -0.999549, 0.0300312
5.41384, 5.31497, 0.42714, -0.00778613, -0.997663, 0.0678848
5.41148, 5.27061, 0.422166, -0.0170485, -0.999022, 0.0407852
5.41615, 5.31409, 0.414333, 0.00211223, 0.999782, -0.0207777
5.41179, 5.28097, 0.418983, -0.0163923, -0.999708, 0.0177604
5.41031, 5.27777, 0.417522, 0.0273083, 0.999547, -0.0126288
5.41284, 5.27736, 0.417499, -0.0132819, -0.99963, 0.0237571
5.41243, 5.28209, 0.435255, 0.0136171, 0.99978, -0.015938
5.40798, 5.27932, 0.411821, -0.0284483, -0.99917, 0.0291611
5.41312, 5.27609, 0.4255, -0.0161539, -0.999781, -0.0132752
5.41299, 5.27725, 0.416957, -0.0201989, -0.999626, 0.0184254
5.42016, 5.31633, 0.414466, -0.00446081, 0.998029, -0.0625993
5.40956, 5.27225, 0.443445, -0.00717746, -0.999578, 0.0281372
5.41256, 5.27857, 0.412517, 0.0116641, 0.999835, -0.0139322
5.41186, 5.30957, 0.429028, 0.00760547, 0.998993, -0.0442178
5.41544, 5.27953, 0.426722, 0.0170377, 0.999368, -0.0311982
5.41115, 5.27809, 0.417334, 0.0125519, 0.999779, -0.0168534
5.41448, 5.28427, 0.423677, -0.0100548, -0.99873, 0.0493715
5.42237, 5.28232, 0.410305, 0.00660576, -0.997986, 0.0630923
5.41042, 5.28089, 0.400549, -0.0107253, -0.99877, 0.0484023
5.40993, 5.27911, 0.420087, -0.0115401, -0.998152, 0.0596672
5.41091, 5.28064, 0.428677, 0.0292598, 0.995474, -0.0904242
5.40893, 5.28068, 0.426816, -0.0204712, -0.998606, 0.0486547
5.41363, 5.31534, 0.421244, 0.0117839, 0.999645, -0.0238803
5.41212, 5.27457, 0.425693, 0.0132207, 0.999823, -0.0134167
5.41424, 5.28096, 0.424798, -0.0107651, -0.998324, 0.0568555
5.41061, 5.27505, 0.431482, -0.00602969, -0.999306, 0.0367447
5.41294, 5.27601, 0.418696, -0.0282704, -0.998831, 0.0392014
5.4129, 5.27377, 0.412462, -0.017856, -0.999542, 0.0244241
5.41662, 5.27865, 0.420071, -0.0342699, -0.999412, 0.00065841
5.40895, 5.27736, 0.414541, 0.0209662, 0.999681, -0.0140757
5.41102, 5.28343, 0.439482, -0.0108148, -0.998389, 0.0556951
5.41184, 5.27769, 0.418487, 0.00479597, 0.999951, -0.00868083
5.41341, 5.31437, 0.415309, 0.0243687, 0.997542, -0.0656913
5.41242, 5.27725, 0.425147, 0.00291292, 0.999615, -0.0276026
5.41277, 5.27637, 0.414858, 0.0110483, 0.996571, -0.0820016
5.41043, 5.27593, 0.439329, 0.0119291, 0.99926, -0.0365653
5.41262, 5.26969, 0.419849, -0.010174, -0.999869, 0.0126186
5.41148, 5.27492, 0.423868, -0.0262767, -0.996266, 0.0822359
5.41089, 5.27997, 0.409177, 0.0218646, 0.99974, -0.0065044
5.41653, 5.28255, 0.423038, 0.0058717, 0.998511, -0.0542258
5.41276, 5.2786, 0.422631, -0.00566943, -0.999033, 0.0435981
5.41502, 5.28005, 0.420166, -0.00152768, -0.99933, 0.0365814
5.41, 5.27625, 0.432211, -0.0135037, -0.999573, 0.0259261
5.41224, 5.27707, 0.427405, -0.0252593, -0.997719, 0.062605
5.41331, 5.26809, 0.435465, 0.0160491, 0.999797, -0.012208
5.41208, 5.28024, 0.423373, 0.017998, 0.999598, -0.021887
5.40944, 5.27605, 0.423539, 0.015577, 0.999293, -0.0342083
5.40967, 5.27909, 0.420413, 0.0142201, 0.999778, -0.0155732
5.40932, 5.27537, 0.426396, -0.00864885, -0.999661, 0.0245532
5.41246, 5.27936, 0.417662, 0.00896948, 0.99963, -0.0256971
5.41444, 5.2816, 0.426514, 0.00709979, 0.998995, -0.0442534
5.42213, 5.27906, 0.404267, -0.0277722, -0.997718, 0.0615385
5.41262, 5.27897, 0.418401, -0.0203846, -0.999714, 0.0124796
5.41026, 5.31357, 0.424491, 0.00445226, 0.998954, -0.0455035
5.41435, 5.30663, 0.432305, -0.0114221, -0.999448, 0.0311818
5.4104, 5.2754, 0.420371, 0.0219231, 0.997919, -0.0606373
5.4121, 5.27477, 0.425381, 0.0198238, 0.999564, -0.021887
5.41184, 5.27825, 0.406715, 0.0216026, 0.999572, -0.019708
5.41985, 5.2779, 0.419787, -0.00179523, 0.999064, -0.0432115
5.41254, 5.27377, 0.424093, -0.0212312, -0.999543, 0.0215334
5.41305, 5.27969, 0.415503, 0.0125994, 0.99991, 0.00472111
5.42688, 5.31334, 0.408283, -0.00458035, 0.998129, -0.0609798
5.4104, 5.27736, 0.425925, -0.023093, -0.999657, 0.0123377
5.41408, 5.31876, 0.414273, 0.000107733, -0.998843, 0.04809
5.41107, 5.27797, 0.40826, 0.0200144, 0.999732, -0.0116334
5.41124, 5.27765, 0.41941, -0.0172746, -0.999455, 0.0281291
5.41727, 5.30533, 0.426937, 0.0098601, 0.99712, -0.0751908
5.4111, 5.2802, 0.428319, -0.0123489, -0.99915, 0.0393223
5.41183, 5.31591, 0.416918, 0.0196779, 0.999227, -0.0340441
5.41401, 5.28115, 0.419619, 0.00719867, 0.998668, -0.0510943
5.41147, 5.28324, 0.424462, 0.00478703, 0.999619, -0.0271915
5.41186, 5.27653, 0.425846, 0.0116104, 0.999344, -0.0343028
5.41289, 5.28165, 0.421496, 0.0118048, 0.999408, -0.032302
5.41424, 5.27369, 0.428043, -0.00705223, -0.999883, 0.0135893
5.41556, 5.28459, 0.412879, 0.000555285, -0.999486, 0.0320422
5.41163, 5.27924, 0.410454, -0.0205657, -0.999608, 0.0190069
5.41303, 5.28069, 0.41136, -0.0161921, -0.999868, -0.0012807
5.41339, 5.27761, 0.427663, -0.0222096, -0.998927, 0.0406374
5.41586, 5.2748, 0.418161, 0.0211441, 0.997838, -0.0622234
5.41605, 5.27897, 0.417383, 0.0083711, 0.999724, -0.0219456
5.41119, 5.27951, 0.42249, 0.0110409, 0.998035, -0.0616814
5.41333, 5.27897, 0.417436, 0.0140824, 0.999714, -0.0193494
5.41273, 5.2806, 0.423577, 0.015283, 0.998979, -0.0425221
5.41321, 5.27625, 0.433408, 0.0270096, 0.999576, -0.0108553
5.41636, 5.28489, 0.419888, 0.00545344, -0.999207, 0.0394468
5.41224, 5.28224, 0.408714, -0.0152097, -0.999625, 0.0227894
5.41087, 5.27557, 0.434559, 0.0156315, 0.999841, -0.00858268
5.40992, 5.27575, 0.433781, 0.0261407, 0.99731, -0.0684727
5.41925, 5.28459, 0.415342, 0.00376855, -0.999505, 0.0312418
5.41566, 5.28324, 0.405255, -0.0229783, -0.999629, 0.0145994
5.41963, 5.27893, 0.403376, -0.00166355, -0.99922, 0.0394589
5.41186, 5.27657, 0.413179, 0.0103778, 0.999854, -0.01358
5.41116, 5.27501, 0.431395, 0.018077, 0.998798, -0.0455693
5.41062, 5.28272, 0.422224, 0.0126539, 0.99907, -0.0412253
5.41438, 5.28322, 0.416162, 0.0148611, 0.998209, -0.0579548
5.41175, 5.28689, 0.427569, 0.00418924, -0.999043, 0.0435479
5.41837, 5.28265, 0.414133, -0.00664852, -0.999494, 0.0311158
5.41206, 5.31597, 0.418828, 0.0175443, 0.99972, -0.0158881
5.41404, 5.27769, 0.416345, -0.00686595, -0.999892, 0.012962
5.41192, 5.31957, 0.424988, 0.00303495, -0.999397, 0.0345945
5.41425, 5.27757, 0.417506, 0.0146052, 0.999809, -0.0129772
5.41116, 5.28476, 0.423749, 0.0199488, 0.999564, -0.0217901
5.41021, 5.31091, 0.431226, 0.0139867, 0.999252, -0.03604
5.4153, 5.31605, 0.419224, 0.000296333, -0.998357, 0.0572945
5.41448, 5.27677, 0.424847, -0.00222356, -0.999535, 0.0304037
5.41826, 5.31824, 0.422164, 0.0116727, -0.997896, 0.063775
5.41384, 5.27777, 0.425696, 0.00437684, 0.999512, -0.0309214
5.41323, 5.27769, 0.417957, -0.0122838, -0.99991, -0.00547471
5.40897, 5.27589, 0.440489, 0.0235175, 0.998742, -0.0442877
5.4123, 5.27569, 0.417804, 0.00384278, 0.999932, -0.0110567
5.41404, 5.27736, 0.415473, 0.0113482, 0.999643, -0.0241993
5.41427, 5.3175, 0.408669, 0.0133419, 0.99849, -0.0532926
5.41042, 5.27953, 0.421506, 0.00763948, 0.999373, -0.0345684
5.4144, 5.32304, 0.427115, -0.00085524, 0.998414, -0.0562988
5.41133, 5.27865, 0.41175, -0.0189852, -0.999458, 0.0268859
5.41723, 5.27756, 0.427485, 0.0129186, 0.998512, -0.0529841
5.40945, 5.2772, 0.426152, 0.00423029, 0.999129, -0.0415253
5.40889, 5.27137, 0.419417, 0.0200389, 0.999667, -0.0162907
5.41084, 5.27409, 0.434824, 0.0153047, 0.999785, -0.0140084
5.41811, 5.28027, 0.418925, -0.00225506, -0.998687, 0.0511793
5.41298, 5.27509, 0.418926, 0.0124457, 0.999784, -0.0166437
5.41087, 5.28032, 0.414333, 0.00699035, 0.999202, -0.0393316
5.41379, 5.27569, 0.406069, 0.00554212, 0.999905, -0.0126332
5.41635, 5.32332, 0.425201, 0.00788953, -0.998086, 0.0613383
5.41779, 5.31257, 0.409785, 0.0103106, 0.999027, -0.0428862
5.41185, 5.27836, 0.410378, 0.00547309, 0.999654, -0.025733
5.41303, 5.27557, 0.419599, 0.0143203, 0.999845, -0.0102816
5.41401, 5.28269, 0.408565, -0.00618882, -0.99988, 0.0142248
5.41347, 5.27836, 0.42052, 0.0144752, 0.999666, -0.0213943
5.40821, 5.27974, 0.431554, -0.0414853, -0.997347, 0.0598214
5.41303, 5.27736, 0.428836, -0.00494275, -0.999653, 0.0258629
5.41609, 5.28336, 0.41415, 0.00436343, 0.999645, -0.0262842
5.40862, 5.27525, 0.43229, -0.0140623, -0.999589, 0.0249734
5.41265, 5.27669, 0.431047, 0.0099807, 0.999891, -0.0109075
5.41098, 5.27465, 0.419996, 0.0138314, 0.999509, -0.0281159
5.41496, 5.28222, 0.41931, 0.0128683, 0.998222, -0.058206
5.41282, 5.28077, 0.418511, -0.0147213, -0.999564, 0.025599
5.41631, 5.31857, 0.411939, -0.00136436, 0.999297, -0.037462
5.41373, 5.28036, 0.420968, 0.0175246, 0.999634, -0.0206316
5.41101, 5.31557, 0.431769, -0.00874045, -0.999018, 0.0434336
5.41427, 5.3141, 0.415312, -0.0208339, -0.99862, 0.0482026
5.40725, 5.2799, 0.426913, 0.0391361, 0.99624, -0.0772879
5.41651, 5.28144, 0.418597, 0.0214102, 0.99838, -0.0527148
5.40923, 5.27797, 0.416115, 0.0215867, 0.999735, -0.00802329
5.40904, 5.27497, 0.427738, 0.00537108, 0.999718, -0.0231354
5.41482, 5.31479, 0.414164, 0.00478934, 0.99827, -0.0586022
5.41018, 5.27461, 0.424625, -0.00887381, -0.998921, 0.0455917
5.40788, 5.28305, 0.42797, 0.0205702, 0.999329, -0.0303183
5.4131, 5.27901, 0.415736, -0.00515547, -0.998838, 0.0479116
5.41524, 5.31397, 0.423556, 0.00312176, 0.998795, -0.0489738
5.41232, 5.28069, 0.423897, 0.0108838, 0.999898, -0.00926205
5.41095, 5.28305, 0.417741, 0.0169152, 0.999317, -0.0328508
5.41322, 5.31039, 0.414381, 0.00384881, 0.998427, -0.0559321
5.41358, 5.31159, 0.416125, -0.0225935, -0.99687, 0.0757554
5.41005, 5.28621, 0.437877, -0.0370884, -0.996493, 0.0750141
5.41417, 5.31431, 0.413323, 0.0158993, 0.997074, -0.0747703
5.41025, 5.27909, 0.409797, 0.00872871, 0.999765, -0.0198461
5.41349, 5.27796, 0.423691, -0.0119174, -0.998329, 0.0565414
5.41425, 5.27649, 0.429528, 0.0117009, 0.998858, -0.0463237
5.41027, 5.30658, 0.42851, -0.0188848, -0.998108, 0.0585098
5.41841, 5.31391, 0.412022, 0.00269716, 0.998358, -0.0572137
5.41039, 5.31445, 0.432309, -0.0204646, -0.998885, 0.0425356
5.4115, 5.31357, 0.40998, 0.0168249, 0.999827, -0.00791631
5.41342, 5.28148, 0.429247, -0.0178589, -0.998875, 0.0439351
5.41394, 5.27616, 0.424593, 0.0110318, 0.99865, -0.0507535
5.41606, 5.28872, 0.413456, 0.0402811, 0.996453, -0.0738782
5.40852, 5.27509, 0.423499, 0.0120489, 0.999758, -0.0183908
5.41786, 5.27644, 0.422609, 0.00241461, 0.998399, -0.0565204
5.4099, 5.27797, 0.417576, -0.00688271, -0.999718, 0.0227108
5.41121, 5.27665, 0.423546, -0.0102375, -0.999453, 0.0314369
5.41428, 5.27832, 0.422649, -0.00742729, -0.99917, 0.0400588
5.41681, 5.28357, 0.409034, -0.0134361, -0.999842, 0.0116328
5.40805, 5.27956, 0.412262, 0.028555, 0.998533, -0.0460014
5.41215, 5.27369, 0.437055, 0.00246503, 0.999982, -0.00540278
5.41072, 5.27501, 0.429191, 0.0167961, 0.998837, -0.0451911
5.41683, 5.27405, 0.423806, 0.00222571, 0.999315, -0.0369298
5.41293, 5.27537, 0.418521, 0.0109094, 0.999681, -0.0227957
5.4125, 5.28559, 0.426865, -0.000952971, 0.999632, -0.0270967
5.40967, 5.27632, 0.432359, 0.00774159, 0.999192, -0.0394487
5.41349, 5.27465, 0.424291, -0.0116944, -0.99943, 0.0316756
5.41007, 5.27532, 0.416941, 0.0120779, 0.999203, -0.0380578
5.41165, 5.27769, 0.419557, -0.011569, -0.999882, 0.0101269
5.415, 5.27425, 0.416611, 0.000637692, 0.999624, -0.0273954
5.41629, 5.28489, 0.415669, 0.00663019, -0.999095, 0.0420238
5.40689, 5.27693, 0.416796, -0.0326888, -0.99924, 0.0212397
5.41016, 5.2772, 0.424023, -0.0200787, -0.999096, 0.0374725
5.41208, 5.28089, 0.426793, 0.0167294, 0.998739, -0.0473345
5.41174, 5.28297, 0.404389, 0.02096, 0.999735, -0.00947231
5.41288, 5.31419, 0.422236, -0.0326488, -0.996949, 0.0709045
5.41031, 5.27501, 0.430312, 0.0135797, 0.998816, -0.0467159
5.41048, 5.2782, 0.420079, -0.0107638, -0.99915, 0.0397989
5.41264, 5.285, 0.437663, 0.00426113, 0.998835, -0.0480751
5.42001, 5.27991, 0.411482, 0.00546752, 0.997885, -0.0647762
5.41284, 5.27968, 0.419133, -0.0119967, -0.998612, 0.051292
5.41136, 5.28065, 0.417713, -0.0190287, -0.999501, 0.0252089
5.41459, 5.27509, 0.427564, -0.0102886, -0.999765, 0.0190841
5.41221, 5.27736, 0.420219, 0.0234379, 0.999687, -0.00873765
5.40973, 5.27948, 0.4109, -0.031768, -0.998862, 0.035578
5.41455, 5.28272, 0.421823, -0.000781318, -0.999041, 0.0437872
5.41402, 5.27453, 0.420409, 0.011994, 0.999332, -0.0345245
5.40846, 5.28027, 0.431015, 0.0176483, 0.998692, -0.0479804
5.41137, 5.27816, 0.418669, 0.0235944, 0.998645, -0.0463815
5.41099, 5.27505, 0.419007, 0.0121231, 0.999314, -0.0350012
5.41066, 5.27725, 0.413726, 0.0140439, 0.9996, -0.0245611
5.40998, 5.28197, 0.422619, 0.0156487, 0.999723, -0.0175825
5.41592, 5.28165, 0.416124, -0.0241253, -0.999473, 0.0217059
5.41638, 5.28422, 0.420049, -0.00078665, -0.998214, 0.0597356
5.41232, 5.27552, 0.432735, 0.00167851, 0.998015, -0.0629536
5.41628, 5.27169, 0.409547, -0.011256, -0.999932, 0.00298263
5.41209, 5.27753, 0.416797, -0.0150552, -0.999351, 0.0327312
5.40912, 5.28172, 0.434261, 0.0152626, 0.99905, -0.0408135
5.41116, 5.27865, 0.417377, 0.0188752, 0.999505, -0.0251658
5.41413, 5.27761, 0.417702, -0.00197837, -0.99903, 0.043984
5.41141, 5.27473, 0.427329, 0.00722979, 0.999084, -0.0421805
5.41393, 5.27736, 0.428559, 0.0255712, 0.999671, -0.0020958
5.41017, 5.27865, 0.429766, -0.0136579, -0.999497, 0.0286124
5.41469, 5.28089, 0.426815, -0.0139394, 0.999113, -0.0397369
5.40946, 5.28095, 0.42935, -0.0262039, -0.996733, 0.0763952
5.41084, 5.27525, 0.411812, 0.00518103, 0.999589, -0.0281798
5.40964, 5.27505, 0.443814, -0.0261117, -0.999327, 0.0257534
5.41348, 5.28018, 0.421755, -0.0165581, -0.996026, 0.0875132
5.41089, 5.27951, 0.415299, 0.0226852, 0.998079, -0.0576528
5.41377, 5.27963, 0.418218, -0.013508, -0.998132, 0.0595876
5.4106, 5.27497, 0.435123, 0.0179249, 0.999717, -0.015617
5.4118, 5.27369, 0.429743, 0.00678045, 0.999959, -0.00593181
5.41195, 5.27469, 0.426007, 0.00620995, 0.999957, 0.00681839
5.41413, 5.2783, 0.410172, -2.36589e-05, 0.999897, -0.0143204
5.41138, 5.27317, 0.432522, -0.016183, -0.998637, 0.049624
5.42386, 5.29188, 0.421271, -0.00886444, 0.999074, -0.0421144
5.41246, 5.28115, 0.429171, 0.00694538, 0.998663, -0.0512172
5.41174, 5.27765, 0.422548, -0.0256513, -0.999484, 0.0193393
5.4156, 5.27637, 0.414425, 0.0136477, 0.999678, -0.0214128
5.41003, 5.2822, 0.436657, -0.0183358, -0.999141, 0.0371763
5.40879, 5.27968, 0.425319, -0.0129563, -0.998574, 0.0517985
5.41016, 5.28036, 0.428444, -0.00182069, -0.999641, 0.0267279
5.40999, 5.27709, 0.406599, -0.0198944, -0.999789, 0.00509464
5.41, 5.27797, 0.41754, 0.0224462, 0.999743, -0.00318749
5.41173, 5.27452, 0.421709, 0.00735028, 0.998048, -0.0620184
5.40745, 5.282, 0.435074, 0.0158353, 0.99884, -0.045481
5.40949, 5.31537, 0.422861, -0.0182529, -0.99759, 0.0669451
5.41143, 5.28136, 0.419821, 0.0185681, 0.999683, -0.0169739
5.41526, 5.28277, 0.423612, 0.00697589, 0.999549, -0.0291953
5.41238, 5.28051, 0.426995, 0.0117697, 0.998049, -0.06131
5.4137, 5.27625, 0.432146, 0.00694717, 0.99959, -0.0277715
5.41148, 5.27512, 0.425776, -0.0227649, -0.998184, 0.0557782
5.41269, 5.27797, 0.424311, 0.0111086, 0.999748, -0.0195062
5.41478, 5.27725, 0.41559, 0.0156814, 0.999628, -0.0223253
5.41268, 5.2802, 0.42313, 0.013464, 0.999103, -0.0401498
5.41554, 5.31968, 0.415071, -0.0154268, -0.999088, 0.0398084
5.41033, 5.28048, 0.428881, -0.0128536, -0.998863, 0.0459016
5.41246, 5.27465, 0.424017, -0.0104004, -0.999422, 0.0323745
5.41433, 5.27757, 0.412345, 0.00201786, 0.999829, -0.0183985
5.41117, 5.27965, 0.419993, 0.0160045, 0.99942, -0.0300605
5.41249, 5.27889, 0.431495, 0.00431574, -0.999145, 0.0411092
5.41009, 5.28153, 0.431208, 0.00824872, 0.999385, -0.0340718
5.41258, 5.2748, 0.42147, -0.00592814, -0.997839, 0.0654397
5.41155, 5.27936, 0.417217, -0.0104706, -0.99963, 0.0251201
5.40765, 5.27777, 0.412455, -0.0259868, -0.999546, 0.0152194
5.41187, 5.27537, 0.42108, 0.0170194, 0.999632, 0.0211061
5.40953, 5.27257, 0.428961, -0.0179477, -0.999827, 0.00497504
5.40942, 5.31045, 0.422324, -0.00678967, -0.998892, 0.0465635
5.4115, 5.27965, 0.418176, -0.0192886, -0.999501, 0.0249949
5.41251, 5.30892, 0.425979, 0.00204827, 0.998358, -0.0572487
5.41407, 5.2816, 0.420989, 0.0176944, 0.998971, -0.041768
5.41152, 5.27377, 0.430776, -0.0122264, -0.999522, 0.0284107
5.41428, 5.27809, 0.417173, -0.012039, -0.999785, 0.0168767
5.41528, 5.2816, 0.428828, 0.00344011, 0.999021, -0.0441134
5.414, 5.28489, 0.412903, 0.0071352, -0.999091, 0.0420384
5.41269, 5.27965, 0.421575, 0.00140259, 0.999421, -0.0339984
5.41709, 5.28227, 0.428017, 0.0146394, 0.998709, -0.0486498
5.41865, 5.28949, 0.419607, -0.0026132, -0.998009, 0.063024
5.41402, 5.27575, 0.431542, -0.0104621, -0.997335, 0.0721979
5.41562, 5.27528, 0.420767, 0.00498432, 0.998727, -0.0502021
5.41302, 5.28265, 0.425714, 0.0127143, 0.999438, -0.0310267
5.40907, 5.27537, 0.421597, 0.017158, 0.999666, -0.019323
5.40814, 5.27865, 0.421279, 0.0164086, 0.999414, -0.0300559
5.41409, 5.28024, 0.420795, -0.00505611, -0.999602, 0.0277397
5.40899, 5.27664, 0.406224, 0.000336991, 0.998118, -0.0613272
5.41287, 5.2863, 0.420926, -9.15271e-05, 0.999903, -0.0139438
5.41433, 5.28172, 0.421656, 0.0101937, 0.999067, -0.0419725
5.41079, 5.27857, 0.413337, -0.0131465, -0.999813, 0.0141469
5.40617, 5.28165, 0.419008, -0.020847, -0.999492, 0.0240882
5.41257, 5.30939, 0.429663, 0.00680954, 0.997551, -0.0696124
5.41332, 5.27569, 0.430959, 0.00740579, 0.999949, -0.00683171
5.41314, 5.27509, 0.42697, -0.0143999, -0.999808, 0.0133176
5.41363, 5.28153, 0.430355, -0.0189102, -0.999372, 0.0299734
5.41127, 5.27697, 0.414027, -0.0236942, -0.999717, -0.00232498
5.40937, 5.27777, 0.417397, -0.00643484, -0.999514, 0.0304971
5.41208, 5.27577, 0.418758, 0.0235426, 0.999543, -0.0189561
5.41621, 5.27632, 0.416928, 0.00747076, 0.999157, -0.0403747
5.41306, 5.27841, 0.431779, -0.00603581, -0.997066, 0.0763032
