5.27569, 5.30722, 0.767588, -0.00953291, 0.000776011, 0.999926
5.27488, 5.30736, 0.769937, 0.00823149, 0.00137228, -0.999927
5.27539, 5.30781, 0.766169, -0.00943805, -0.00173004, 0.999912
5.27539, 5.30756, 0.759757, 0.00853006, 0.00149656, -0.999924
5.27479, 5.30716, 0.765415, -0.00798572, 0.000336571, 0.999931
5.27512, 5.30739, 0.769182, -0.0104221, 0.000287484, 0.999908
5.27504, 5.30767, 0.766483, -0.00948346, 0.000340354, 0.99991
5.27484, 5.30807, 0.769512, -0.0119534, -0.000514169, 0.999904
5.27489, 5.30779, 0.766012, -0.0108518, -0.00279866, 0.999897
5.27504, 5.30739, 0.771581, 0.0108398, 0.00154423, -0.999892
5.27485, 5.30796, 0.76667, 0.0111873, 3.59729e-05, -0.999907
5.2765, 5.30739, 0.777344, -0.0139864, -0.000742296, 0.999857
5.27574, 5.30696, 0.770633, -0.0126379, -0.00261918, 0.999856
5.27485, 5.30683, 0.770166, -0.0102733, -0.00152167, 0.999921
5.2762, 5.30758, 0.763858, -0.0109077, 0.00211855, 0.9999
5.27552, 5.30743, 0.774293, 0.0107351, -0.00113463, -0.999899
5.27498, 5.30729, 0.764039, -0.0107576, 0.00239192, 0.999878
5.27566, 5.30745, 0.769867, 0.00932031, -0.00010459, -0.999929
5.27561, 5.30754, 0.759995, -0.0130108, 0.00123309, 0.999872
5.27432, 5.30735, 0.769503, -0.0102712, -0.00167147, 0.999901
5.27474, 5.3083, 0.765543, 0.00975971, -0.0019947, -0.999916
5.27458, 5.30734, 0.764591, -0.00878869, -0.00126621, 0.99993
5.27449, 5.30785, 0.76611, -0.0104825, -0.000748802, 0.999898
5.27506, 5.30706, 0.763907, 0.0111288, 0.00199238, -0.999897
5.27467, 5.30781, 0.769787, 0.00958859, -0.00237146, -0.999912
5.27564, 5.3077, 0.769717, -0.0108475, 0.00194426, 0.999911
5.27499, 5.30751, 0.770769, -0.01174, -0.000348253, 0.999886
5.27373, 5.30636, 0.777745, 0.00824511, -0.000102695, -0.999943
5.27482, 5.3071, 0.774105, -0.0115191, 0.0010727, 0.999901
5.27484, 5.3068, 0.774118, -0.00990801, 0.00265496, 0.999913
5.27532, 5.30789, 0.771547, -0.00902358, 0.000529511, 0.999915
5.27448, 5.30755, 0.765841, 0.0106211, 0.00164177, -0.999912
5.27466, 5.30812, 0.764599, -0.00831079, -0.000415331, 0.999935
5.27424, 5.30733, 0.770185, -0.00869518, 0.00118992, 0.999904
5.2754, 5.30799, 0.76042, -0.0122148, -0.00123339, 0.999888
5.27488, 5.30768, 0.772671, 0.0108159, 0.00048796, -0.999899
5.27558, 5.30688, 0.764447, 0.0102064, -0.00270355, -0.999908
5.2753, 5.30696, 0.766155, 0.00753997, -0.00180685, -0.999926
5.27426, 5.30788, 0.759571, -0.00758814, -0.000110069, 0.999937
5.27558, 5.30724, 0.765377, -0.00808693, 0.00263165, 0.999917
5.27512, 5.30782, 0.768956, -0.0135062, 0.00207051, 0.999865
5.27606, 5.30727, 0.768692, 0.0125924, -0.00127839, -0.999895
5.2755, 5.30638, 0.773815, -0.00901305, 0.00189962, 0.99991
5.2748, 5.30807, 0.773095, -0.00959652, -0.00274002, 0.999924
5.27359, 5.30874, 0.767379, -0.00816369, -0.00202419, 0.999935
5.27542, 5.30771, 0.768343, 0.0108594, 0.00213034, -0.99991
5.27585, 5.30734, 0.764578, -0.0132732, -0.000455632, 0.999848
5.27463, 5.3071, 0.774718, 0.00899524, 0.00119855, -0.999918
5.27427, 5.30763, 0.768289, -0.00966425, -0.000798832, 0.999937
5.27483, 5.30696, 0.762753, -0.0119074, -0.000416118, 0.999881
5.27438, 5.30718, 0.772366, -0.00942878, -0.000104639, 0.999934
5.27645, 5.3063, 0.77124, -0.012118, -0.00303908, 0.999898
5.27539, 5.3071, 0.762942, -0.012961, -0.00253712, 0.999868
5.27527, 5.307, 0.763419, 0.0126444, 0.000172629, -0.999881
5.27507, 5.30748, 0.764217, 0.0108748, -0.000262441, -0.999868
5.27592, 5.30793, 0.765776, -0.0144173, -0.000132349, 0.999862
5.27506, 5.30687, 0.766449, -0.0119386, -0.00153873, 0.999899
5.27486, 5.30668, 0.769677, 0.0107931, 0.00198704, -0.999908
5.27556, 5.30797, 0.768547, -0.00984291, -0.000180319, 0.999926
5.27501, 5.3078, 0.762301, 0.0108045, 0.00218804, -0.999885
5.27461, 5.30717, 0.769425, -0.00759201, -0.0003694, 0.999935
5.27507, 5.30765, 0.761966, 0.0117462, 0.00130194, -0.999895
5.27593, 5.30781, 0.771526, 0.0117738, 0.000945299, -0.99989
5.27569, 5.30731, 0.766613, -0.0112973, -0.0018191, 0.999912
5.27515, 5.30767, 0.763501, -0.00878452, -0.00136647, 0.999918
5.27383, 5.30724, 0.767666, -0.00796772, -0.000548019, 0.999908
5.27555, 5.30783, 0.769676, 0.0100611, 0.000801081, -0.999902
5.27556, 5.30735, 0.763959, 0.0103877, 0.00207866, -0.999905
5.27393, 5.30722, 0.772206, -0.0093151, 0.00199933, 0.999909
5.27588, 5.30778, 0.773511, -0.0106441, 0.00142965, 0.999893
5.2754, 5.30682, 0.765347, -0.00870175, -0.000791968, 0.999912
5.27487, 5.30745, 0.768371, 0.011149, -0.000316098, -0.999885
5.27451, 5.30701, 0.774812, -0.00953927, -0.000941376, 0.999927
5.27619, 5.30793, 0.77392, 0.0108103, 0.00190565, -0.999918
5.27527, 5.30736, 0.763778, -0.0129367, -0.00236998, 0.999866
5.27558, 5.30769, 0.770291, 0.0109211, 0.00136107, -0.999898
5.27539, 5.30712, 0.771268, -0.00925553, -0.00238913, 0.999913
5.27604, 5.30756, 0.758772, 0.0109025, 0.00196208, -0.999902
5.27565, 5.30778, 0.766488, -0.00929437, -0.00155394, 0.999915
5.27496, 5.30673, 0.767717, 0.00900757, -0.00107928, -0.999913
5.27457, 5.30774, 0.759192, 0.00558747, -0.000704016, -0.999916
5.27494, 5.30729, 0.770788, -0.00998286, 0.0023808, 0.999922
5.27494, 5.30826, 0.766644, -0.0100181, 0.00187876, 0.999935
5.27547, 5.3071, 0.772524, -0.0117649, -0.00133625, 0.999883
5.27612, 5.30779, 0.764512, -0.012828, 0.00108436, 0.999861
5.27549, 5.30729, 0.766073, -0.010033, 0.0009658, 0.999893
5.27626, 5.30747, 0.767259, -0.0127676, -0.000367419, 0.999883
5.27598, 5.30663, 0.770613, 0.00947125, 0.00187505, -0.999918
5.27513, 5.30744, 0.76209, 0.0109302, 0.00111692, -0.999886
5.27546, 5.30754, 0.767471, -0.00892618, -0.000907215, 0.999936
5.27417, 5.30693, 0.769149, -0.0084795, 0.00100754, 0.999926
5.27482, 5.30714, 0.773919, -0.00788922, -0.000713541, 0.999926
5.27595, 5.30726, 0.771381, 0.0123015, 0.0012955, -0.999881
5.27576, 5.30832, 0.765537, -0.0084501, -0.00205614, 0.999916
5.2768, 5.30842, 0.760485, 0.0124073, 0.00229381, -0.999877
5.27482, 5.30765, 0.771603, -0.00944782, -0.0010817, 0.999918
5.27508, 5.3073, 0.763265, 0.0115358, 0.00213263, -0.999881
5.27589, 5.30784, 0.764233, -0.00970718, -0.00169792, 0.9999
5.27507, 5.30799, 0.767746, -0.0085062, -0.00106106, 0.999934
5.27558, 5.30825, 0.768395, 0.0101777, -0.00046498, -0.999913
5.27577, 5.30765, 0.764419, 0.00721783, 0.000380341, -0.999931
5.2759, 5.30815, 0.770901, 0.00829981, 8.03432e-05, -0.999931
5.27507, 5.30754, 0.763926, 0.00930604, 0.00423179, -0.999917
5.27434, 5.30712, 0.77186, 0.00906693, 0.00114925, -0.999933
5.27616, 5.30739, 0.758812, 0.0116424, 0.000949745, -0.999886
5.27611, 5.30681, 0.77396, 0.0103998, 0.000499452, -0.999914
5.27591, 5.3075, 0.765896, -0.0129354, 0.000431931, 0.999857
5.2744, 5.307, 0.773502, -0.0112307, -0.00265722, 0.999877
5.2754, 5.30781, 0.770448, 0.0102033, 0.00183004, -0.99991
5.27499, 5.3076, 0.769626, 0.00993391, -0.00230859, -0.999901
5.2756, 5.30836, 0.766083, -0.013129, 0.00173466, 0.999885
5.27565, 5.30637, 0.759235, -0.0103534, -0.00249913, 0.999903
5.27536, 5.30729, 0.766992, 0.0101252, 0.00123026, -0.999906
5.27473, 5.30769, 0.766407, 0.00833448, -0.00106039, -0.999938
5.27511, 5.30802, 0.766299, -0.00848072, -0.00100345, 0.999932
5.27536, 5.30823, 0.762277, -0.0104447, 0.000402264, 0.999908
5.2746, 5.30832, 0.77413, -0.00789427, 0.00301126, 0.999921
5.27548, 5.30795, 0.768033, -0.00922779, -0.000563234, 0.999928
5.27549, 5.30708, 0.761556, -0.0125298, 0.00147478, 0.99987
5.27516, 5.30719, 0.769755, 0.00729805, -0.00207739, -0.999933
5.27476, 5.30732, 0.771857, 0.0111414, 2.45627e-05, -0.999888
5.27568, 5.30751, 0.763398, 0.00917097, 0.00475506, -0.999905
5.27492, 5.30719, 0.771877, 0.0101164, 0.00187179, -0.999923
5.27519, 5.30731, 0.761414, 0.00875157, 0.00159427, -0.999933
5.27526, 5.30714, 0.769806, 0.011286, -0.000359531, -0.999886
5.27498, 5.30713, 0.773906, 0.00726154, 0.00262906, -0.999938
5.27458, 5.30691, 0.77648, -0.00987838, 0.00131538, 0.999922
5.2754, 5.30743, 0.762421, 0.0116989, 0.0032839, -0.99987
5.27511, 5.30711, 0.765519, -0.0104071, 9.81893e-05, 0.999885
5.2758, 5.30817, 0.771917, -0.0116863, 0.000229754, 0.999893
5.27587, 5.30629, 0.76884, 0.0109208, -0.00110748, -0.999905
5.27541, 5.30755, 0.773126, -0.0111573, -0.00136177, 0.999888
5.27529, 5.30714, 0.772651, -0.00850149, -1.35667e-05, 0.999917
5.27494, 5.30704, 0.769454, 0.0058649, 0.00119383, -0.999936
5.27645, 5.3081, 0.765084, -0.0119209, 0.00243437, 0.999886
