5.42362, 5.84867, 0.425649, -0.0244672, -0.998893, 0.0345436
5.42226, 5.85205, 0.422554, 0.025421, 0.999211, -0.0281114
5.42205, 5.84785, 0.425194, -0.0266848, -0.999108, 0.0259453
5.4238, 5.84702, 0.423291, -0.0299587, -0.999173, 0.0136452
5.4237, 5.85712, 0.420047, 0.0250327, 0.999123, -0.0206416
5.42295, 5.85487, 0.420862, 0.0269752, 0.999136, -0.0267039
5.42211, 5.85939, 0.425504, 0.0231037, 0.998746, -0.0357483
5.42273, 5.85135, 0.423691, -0.028852, -0.998915, 0.033005
5.42196, 5.85304, 0.421485, -0.0270611, -0.999039, 0.0261704
5.42319, 5.8458, 0.42334, 0.0326722, 0.998645, -0.0288667
5.42219, 5.85682, 0.419405, -0.0301336, -0.998759, 0.028984
5.42132, 5.84983, 0.42634, 0.0299361, 0.998691, -0.0333951
5.42246, 5.85388, 0.423986, 0.0311931, 0.998504, -0.0370337
5.42345, 5.85579, 0.422831, -0.0334746, -0.998446, 0.0376793
5.4208, 5.848, 0.426843, 0.0258408, 0.998929, -0.0339459
5.42173, 5.84601, 0.422349, -0.0308528, -0.999245, 0.0148009
5.42275, 5.85889, 0.423359, -0.0254439, -0.999168, 0.0254275
5.42153, 5.84694, 0.42462, 0.0249172, 0.99877, -0.0326291
5.42318, 5.8474, 0.422856, -0.0252979, -0.999076, 0.029543
5.42179, 5.84525, 0.421284, 0.0223097, 0.999047, -0.0318116
5.42257, 5.8471, 0.421907, -0.0269156, -0.999109, 0.0245387
5.42257, 5.84545, 0.426313, 0.026862, 0.999086, -0.0287453
5.42324, 5.85255, 0.424049, -0.0280043, -0.998923, 0.0292025
5.42308, 5.85657, 0.423367, 0.0263188, 0.998836, -0.0277638
5.42353, 5.84966, 0.423508, -0.023974, -0.998619, 0.0377355
5.42131, 5.84652, 0.422664, 0.0231253, 0.999067, -0.0243936
5.42184, 5.84757, 0.42283, -0.029734, -0.99899, 0.0283364
5.42399, 5.85221, 0.423531, 0.0216216, 0.99914, -0.0297442
5.42281, 5.85235, 0.424611, -0.0244897, -0.998933, 0.0338252
5.42288, 5.84658, 0.422822, 0.0240222, 0.999188, -0.0249739
5.42115, 5.84419, 0.421423, -0.0316361, -0.998745, 0.0291399
5.42423, 5.84471, 0.423673, -0.0260633, -0.999119, 0.0246889
5.42213, 5.86194, 0.423505, 0.032514, 0.998586, -0.035243
5.42258, 5.83952, 0.422594, -0.0254922, -0.99921, 0.0181331
5.42034, 5.84911, 0.427557, -0.0244358, -0.999261, 0.0215393
5.42105, 5.85014, 0.420482, 0.0246698, 0.999137, -0.0247274
5.42061, 5.84648, 0.422752, 0.0291066, 0.998851, -0.0230295
5.42192, 5.84875, 0.41955, 0.0322101, 0.998414, -0.0368029
5.42231, 5.84045, 0.424156, 0.0263142, 0.998995, -0.0300476
5.42242, 5.85066, 0.422141, 0.0280208, 0.998784, -0.0242284
5.42227, 5.83973, 0.422324, 0.0287007, 0.99913, -0.0214327
5.42271, 5.85141, 0.422713, 0.0301399, 0.998913, -0.0278298
5.42127, 5.84116, 0.425997, -0.0259734, -0.999351, 0.0193562
5.42134, 5.83932, 0.426521, 0.02723, 0.998784, -0.0342324
5.41877, 5.8471, 0.423904, -0.0278232, -0.999259, 0.0196446
5.42396, 5.85047, 0.420327, -0.0226681, -0.998758, 0.0348535
5.42417, 5.84675, 0.422693, 0.0280556, 0.998918, -0.0277986
5.42269, 5.85451, 0.423465, 0.028398, 0.999323, -0.0197347
5.42171, 5.8504, 0.421713, 0.0221256, 0.999043, -0.0278761
5.42361, 5.85517, 0.425254, -0.0336223, -0.998078, 0.0403574
5.42218, 5.84908, 0.425008, -0.0287539, -0.99903, 0.0260588
5.42213, 5.85837, 0.423148, 0.0294949, 0.998586, -0.0312399
5.42042, 5.84526, 0.422572, 0.0226777, 0.999267, -0.0265679
5.42224, 5.84772, 0.42491, -0.0276232, -0.999128, 0.0293238
5.42207, 5.85493, 0.42346, -0.0286184, -0.998969, 0.0246362
5.42235, 5.84494, 0.423596, -0.0231478, -0.999256, 0.0255566
5.42217, 5.8507, 0.422109, 0.0240453, 0.998967, -0.0334007
5.42146, 5.84698, 0.42244, -0.0268979, -0.999007, 0.0248762
5.42289, 5.84588, 0.423786, 0.029693, 0.999118, -0.0256233
5.42275, 5.84911, 0.423177, 0.0284943, 0.999138, -0.0267984
5.42152, 5.84359, 0.424229, -0.0262837, -0.998885, 0.0294126
5.42321, 5.84989, 0.423838, -0.022124, -0.998912, 0.0294713
5.42139, 5.85551, 0.420552, -0.0285403, -0.998688, 0.0335584
5.42223, 5.84528, 0.422551, -0.0257673, -0.999163, 0.0260584
5.42293, 5.85134, 0.421904, -0.0301953, -0.998909, 0.0297809
5.42232, 5.84699, 0.420981, 0.0260428, 0.999232, -0.019426
5.42161, 5.84362, 0.419574, -0.0281037, -0.998982, 0.0204598
5.42367, 5.84904, 0.422597, -0.0234634, -0.999153, 0.0271241
5.42277, 5.83986, 0.42078, 0.0246649, 0.999257, -0.0196966
5.42485, 5.8543, 0.421916, -0.0241844, -0.998889, 0.0339086
5.42394, 5.84944, 0.422383, 0.0230876, 0.999458, -0.0172275
5.42268, 5.84494, 0.426479, 0.0278182, 0.999132, -0.0261618
5.42353, 5.85008, 0.423297, -0.0240336, -0.998987, 0.0322364
5.42158, 5.8426, 0.421291, 0.0275396, 0.999169, -0.0185879
5.42201, 5.84132, 0.423922, -0.0292696, -0.998636, 0.0336894
5.42236, 5.84837, 0.423706, 0.0250285, 0.999164, -0.0242625
5.42171, 5.84049, 0.423235, 0.0282205, 0.999099, -0.0271921
5.42292, 5.84992, 0.424383, -0.0310585, -0.998929, 0.0278987
5.42126, 5.84964, 0.424713, -0.0246409, -0.998873, 0.032918
5.42363, 5.85478, 0.425791, -0.0298472, -0.998576, 0.0364034
5.42423, 5.84513, 0.422309, -0.0239049, -0.999332, 0.0225416
5.42156, 5.84421, 0.42732, 0.0314684, 0.999008, -0.0258655
5.42109, 5.84559, 0.425239, 0.0315625, 0.999023, -0.0253673
5.42329, 5.84775, 0.425727, 0.0240543, 0.998572, -0.0388193
5.42315, 5.85191, 0.425305, 0.0280219, 0.998695, -0.0375568
5.42274, 5.84177, 0.4227, 0.0261826, 0.999195, -0.0227257
5.42068, 5.85486, 0.424895, 0.0296073, 0.998973, -0.0289538
5.42239, 5.84051, 0.422269, -0.0259674, -0.999131, 0.0221322
5.42377, 5.84649, 0.421984, 0.0246551, 0.998911, -0.0323254
5.42151, 5.85955, 0.422575, 0.0341918, 0.998306, -0.0407141
5.42373, 5.83928, 0.421499, -0.0262029, -0.999307, 0.0207183
5.42034, 5.84684, 0.423928, -0.0325241, -0.999017, 0.0260161
5.42193, 5.84795, 0.424396, -0.0313137, -0.998791, 0.0281244
5.42319, 5.84394, 0.421005, -0.0296438, -0.99908, 0.0163244
5.42486, 5.84424, 0.422079, -0.0275956, -0.998698, 0.0320347
5.4217, 5.84673, 0.42503, -0.0295679, -0.998942, 0.0304848
5.42281, 5.85009, 0.420919, -0.0278424, -0.998934, 0.0306931
5.42243, 5.84833, 0.423418, 0.0284796, 0.998903, -0.0281012
5.42273, 5.84177, 0.421564, 0.025289, 0.999092, -0.0199022
5.42419, 5.8446, 0.422977, 0.0276512, 0.999028, -0.0282582
5.42361, 5.85049, 0.422678, 0.0238728, 0.999131, -0.0158
5.42239, 5.85118, 0.422647, -0.025499, -0.999016, 0.0294501
5.42439, 5.84692, 0.424363, 0.0265514, 0.99884, -0.0279857
5.4226, 5.84577, 0.421009, -0.0243635, -0.999229, 0.0220764
5.4238, 5.85109, 0.425075, 0.0260063, 0.999129, -0.0277558
5.42227, 5.85783, 0.422254, 0.031854, 0.998644, -0.0347809
5.42212, 5.84557, 0.42055, 0.0290167, 0.998727, -0.0259672
5.42271, 5.84402, 0.4205, 0.0280116, 0.998773, -0.0312103
5.42226, 5.84861, 0.424469, 0.0327819, 0.998766, -0.0331832
5.42258, 5.84122, 0.422701, 0.0255022, 0.999306, -0.0176629
5.42371, 5.8532, 0.421319, 0.0286979, 0.998685, -0.025152
5.42187, 5.84694, 0.424817, -0.0253978, -0.998814, 0.0357433
5.42209, 5.84264, 0.426399, -0.027281, -0.998798, 0.0305815
5.42186, 5.84496, 0.422168, -0.0271411, -0.999113, 0.0269108
5.4213, 5.8474, 0.423687, 0.0320042, 0.998707, -0.0228341
5.42272, 5.84714, 0.423611, -0.0253852, -0.999146, 0.0285965
5.42145, 5.84176, 0.42632, 0.0293197, 0.998806, -0.0334013
5.42207, 5.84926, 0.420824, -0.0245924, -0.999306, 0.0207167
5.42225, 5.84562, 0.422431, -0.0292355, -0.998757, 0.0296888
5.42346, 5.85114, 0.422477, 0.0292491, 0.999044, -0.0261654
5.42249, 5.84204, 0.424094, -0.0305161, -0.998932, 0.0290474
5.42323, 5.84463, 0.423231, 0.029516, 0.998735, -0.0337726
5.42162, 5.84647, 0.425769, 0.0268281, 0.998803, -0.0359228
5.42205, 5.84625, 0.422418, -0.0344485, -0.998598, 0.024572
5.422, 5.85231, 0.420903, 0.0241744, 0.998674, -0.0316825
5.4223, 5.84349, 0.424864, -0.030932, -0.998842, 0.0299701
5.4208, 5.85158, 0.420342, 0.028793, 0.998817, -0.0278669
5.4206, 5.84274, 0.42475, -0.0337295, -0.998678, 0.0294075
5.4226, 5.84627, 0.426708, -0.026225, -0.998895, 0.0319147
5.42127, 5.84653, 0.423562, -0.0249531, -0.999389, 0.0201683
5.42284, 5.85202, 0.424735, 0.0274964, 0.998504, -0.0407056
5.42271, 5.84608, 0.424949, -0.0282069, -0.998933, 0.0282689
5.42061, 5.85252, 0.422188, 0.0208165, 0.998917, -0.0313484
5.42028, 5.84566, 0.424027, 0.0253772, 0.999285, -0.024014
5.4243, 5.84023, 0.425236, 0.0295547, 0.99901, -0.0223793
5.42295, 5.84116, 0.422471, 0.0271887, 0.999019, -0.0150011
5.42199, 5.8514, 0.422377, 0.0283399, 0.998777, -0.0370831
5.42034, 5.84427, 0.423485, 0.0265138, 0.999146, -0.0241886
5.42225, 5.85915, 0.423742, 0.0289753, 0.998773, -0.0340357
5.42571, 5.84719, 0.420482, 0.021973, 0.998882, -0.0311356
5.4241, 5.8531, 0.422653, -0.0232576, -0.999044, 0.0317406
5.42333, 5.84514, 0.423921, -0.0249684, -0.998768, 0.038336
5.42206, 5.84957, 0.422189, -0.0271212, -0.998824, 0.0319361
5.42278, 5.84099, 0.42219, 0.0283162, 0.99896, -0.0257936
5.42276, 5.84893, 0.423648, 0.0272833, 0.999026, -0.026307
5.42234, 5.85397, 0.424557, 0.0311108, 0.999014, -0.0272522
5.42039, 5.84881, 0.421985, 0.0281414, 0.998748, -0.0305431
5.42269, 5.84623, 0.422724, -0.0303341, -0.998944, 0.0271162
5.42329, 5.84971, 0.422646, 0.0264556, 0.998983, -0.0274079
5.42385, 5.85335, 0.425181, 0.0297921, 0.998827, -0.0299967
5.42145, 5.8446, 0.423776, -0.0282884, -0.999095, 0.0210566
5.42269, 5.84238, 0.422555, 0.0248779, 0.999361, -0.0207279
5.42291, 5.85534, 0.422128, -0.0226867, -0.99911, 0.0282211
5.42279, 5.84311, 0.424354, 0.0242611, 0.999024, -0.0289167
5.42132, 5.85358, 0.421624, -0.0279151, -0.998836, 0.0335356
5.42416, 5.8587, 0.427264, 0.027746, 0.998463, -0.0400625
5.42297, 5.85118, 0.419872, 0.0264806, 0.998598, -0.0373164
5.42359, 5.86191, 0.424306, -0.0314252, -0.998418, 0.03811
5.42323, 5.84876, 0.423867, -0.0241587, -0.998997, 0.0294614
5.42041, 5.84548, 0.424933, 0.0299839, 0.998628, -0.0328276
5.42358, 5.85549, 0.424645, 0.0247984, 0.999013, -0.0287278
5.42313, 5.85007, 0.424935, 0.0270148, 0.998802, -0.031479
5.42456, 5.84168, 0.422545, 0.0230383, 0.999295, -0.0167663
5.42224, 5.8498, 0.423142, -0.0354374, -0.998581, 0.0319208
5.42203, 5.84846, 0.422176, 0.0285666, 0.998859, -0.0303461
5.42373, 5.85095, 0.423662, -0.0249345, -0.998958, 0.0321325
5.42195, 5.84764, 0.424404, -0.0276504, -0.999072, 0.0270284
5.42331, 5.84946, 0.423052, 0.0303499, 0.998992, -0.0262629
5.42127, 5.84832, 0.42465, 0.0288785, 0.999171, -0.0246048
5.42141, 5.84507, 0.424169, 0.0302432, 0.998929, -0.0304654
5.42179, 5.84454, 0.424406, -0.0302258, -0.998843, 0.0322306
5.42486, 5.85914, 0.421336, -0.0359207, -0.998146, 0.0393119
5.42384, 5.84558, 0.422869, -0.026534, -0.999412, 0.0184926
5.4223, 5.84918, 0.422456, 0.0242917, 0.999296, -0.0228798
5.42154, 5.84765, 0.424649, 0.0256439, 0.999004, -0.0294287
5.42295, 5.84269, 0.425003, 0.0290993, 0.999079, -0.0207393
5.42267, 5.84805, 0.424484, -0.0277279, -0.999056, 0.0217859
5.42096, 5.84364, 0.423426, 0.0290859, 0.99861, -0.0335275
5.42258, 5.85498, 0.423399, 0.028649, 0.998939, -0.0313707
5.4214, 5.8515, 0.423591, -0.0262202, -0.99914, 0.0280119
5.42184, 5.85931, 0.42286, -0.0276094, -0.99837, 0.0356145
5.42248, 5.85545, 0.424905, 0.0291391, 0.998678, -0.0343477
5.42313, 5.84521, 0.423424, -0.0265284, -0.999075, 0.0252067
5.42111, 5.8477, 0.419837, 0.0262326, 0.998972, -0.0282109
5.42142, 5.84561, 0.424739, -0.0270883, -0.998926, 0.0280256
5.42315, 5.84753, 0.421138, -0.025791, -0.999198, 0.0243303
5.42387, 5.84672, 0.421763, 0.0285247, 0.998851, -0.0313207
5.42375, 5.85375, 0.42008, 0.0232079, 0.999157, -0.0265491
5.42351, 5.85324, 0.422777, 0.0289235, 0.999014, -0.0256305
5.4226, 5.85143, 0.425589, 0.0241263, 0.999018, -0.0328481
5.42332, 5.8475, 0.425324, -0.0264366, -0.999105, 0.0268626
5.42346, 5.84859, 0.423719, 0.0298425, 0.998669, -0.0302796
5.42266, 5.85556, 0.424392, -0.0277128, -0.998553, 0.0344239
5.42229, 5.8467, 0.42282, 0.0269437, 0.999085, -0.0229011
5.42037, 5.8442, 0.4283, -0.0297829, -0.999082, 0.0263642
5.42364, 5.85987, 0.425488, 0.0238853, 0.998379, -0.044094
5.42263, 5.85283, 0.421882, 0.0314874, 0.999026, -0.0255669
5.42104, 5.84433, 0.421023, 0.0269718, 0.999111, -0.0264597
5.42131, 5.84631, 0.426495, 0.0304027, 0.999004, -0.0277857
5.42121, 5.8418, 0.424303, -0.0222774, -0.999168, 0.0261489
5.42177, 5.84356, 0.425132, 0.0289169, 0.998756, -0.0347974
5.42387, 5.85132, 0.42297, -0.0295963, -0.999124, 0.0251187
5.42336, 5.84797, 0.427012, -0.0251046, -0.999303, 0.0230637
5.42045, 5.8487, 0.424697, -0.0333655, -0.998933, 0.0243739
5.42043, 5.84586, 0.424152, -0.0246716, -0.999193, 0.0264709
5.42259, 5.84546, 0.422689, 0.0285953, 0.998895, -0.031887
5.42198, 5.84273, 0.425784, 0.0299695, 0.999089, -0.0245938
5.4209, 5.84621, 0.424758, -0.0266383, -0.998982, 0.0284713
5.42209, 5.85435, 0.425348, 0.0319856, 0.998684, -0.0313794
5.42446, 5.84505, 0.420032, 0.0266671, 0.998748, -0.0253387
5.4224, 5.85122, 0.423522, -0.018413, -0.998915, 0.0259604
5.42115, 5.85437, 0.424003, -0.0257675, -0.999005, 0.0274065
5.42285, 5.84256, 0.425969, 0.0318503, 0.998758, -0.026467
5.42242, 5.8518, 0.424789, -0.0291526, -0.998648, 0.0332136
5.42204, 5.84416, 0.422356, 0.0249327, 0.999147, -0.0223372
5.42158, 5.84382, 0.421789, -0.0252055, -0.999294, 0.0239546
5.42149, 5.8459, 0.423305, 0.0291103, 0.999179, -0.0227708
5.42106, 5.84662, 0.425109, -0.0297848, -0.998815, 0.0309412
5.4232, 5.85234, 0.425473, -0.0289859, -0.998621, 0.038015
5.42068, 5.84466, 0.423175, -0.0290367, -0.999124, 0.019615
5.42278, 5.85343, 0.424036, 0.0306288, 0.998638, -0.0344011
5.42222, 5.85205, 0.424577, 0.0283487, 0.998793, -0.0319636
5.42366, 5.85732, 0.420857, 0.0295058, 0.998755, -0.0347828
5.4203, 5.85059, 0.424724, 0.0250423, 0.999019, -0.0310064
5.42218, 5.84943, 0.423875, 0.0282489, 0.998975, -0.0267806
5.42252, 5.84752, 0.420619, -0.0243588, -0.999024, 0.0281885
5.42079, 5.84597, 0.423509, 0.03017, 0.998948, -0.0276059
5.41969, 5.84919, 0.425581, 0.0295426, 0.999143, -0.0253822
5.42238, 5.85648, 0.423574, 0.0294734, 0.998852, -0.0312602
5.42081, 5.84218, 0.426246, -0.0276596, -0.999136, 0.0233241
5.42027, 5.8519, 0.42661, 0.0282953, 0.999076, -0.0261734
5.42158, 5.84513, 0.424307, 0.0283342, 0.998857, -0.0301966
5.42462, 5.84843, 0.422222, -0.0308482, -0.998976, 0.0217816
5.42383, 5.85455, 0.423232, -0.0277298, -0.998671, 0.0363486
5.42285, 5.84145, 0.421448, 0.0254545, 0.998982, -0.0277891
5.42215, 5.85467, 0.424196, -0.032084, -0.998381, 0.0428516
5.4221, 5.84864, 0.424302, -0.0243105, -0.998758, 0.0308933
5.42061, 5.84882, 0.423349, 0.0267723, 0.998733, -0.0318893
5.42171, 5.84201, 0.428828, -0.0259474, -0.99913, 0.0234264
5.42165, 5.8433, 0.426694, -0.0293938, -0.998985, 0.0311193
5.42426, 5.84468, 0.423122, 0.0285901, 0.999021, -0.0285058
5.42177, 5.8454, 0.426526, 0.0314411, 0.998948, -0.0287654
5.42469, 5.84178, 0.421835, -0.0247938, -0.999149, 0.021343
5.42086, 5.8426, 0.423556, 0.029578, 0.999106, -0.0241849
5.42156, 5.85176, 0.423905, 0.0295883, 0.998944, -0.0287313
5.42113, 5.85182, 0.420677, 0.0304753, 0.99894, -0.0225317
5.42245, 5.8507, 0.420817, -0.0260495, -0.998907, 0.0310159
5.42358, 5.85385, 0.422346, 0.022684, 0.999087, -0.0272335
5.42422, 5.84991, 0.42335, -0.0304335, -0.998817, 0.0310014
5.42375, 5.8399, 0.423017, -0.0244033, -0.999095, 0.0254175
5.42342, 5.84962, 0.425861, 0.0281763, 0.998947, -0.0294317
5.42109, 5.84588, 0.423725, -0.0326353, -0.99901, 0.0260722
5.41898, 5.85151, 0.429396, 0.0282319, 0.998941, -0.0339374
5.42096, 5.84475, 0.42428, -0.025483, -0.99885, 0.0338879
5.42225, 5.84243, 0.426482, -0.0297755, -0.999074, 0.0251492
5.4224, 5.85991, 0.423796, 0.029501, 0.998984, -0.0261183
5.421, 5.84141, 0.423886, 0.0266843, 0.999268, -0.0226128
5.42206, 5.84803, 0.424041, -0.0291519, -0.999041, 0.0276855
5.41992, 5.85481, 0.426656, 0.0320521, 0.998934, -0.0281226
5.42283, 5.85298, 0.42515, -0.0297238, -0.998905, 0.0334914
5.42294, 5.85236, 0.425113, 0.0273817, 0.999291, -0.0206212
5.42312, 5.85677, 0.421887, 0.0321028, 0.998569, -0.0325234
5.42227, 5.84925, 0.425707, -0.0300776, -0.99877, 0.0354378
5.42227, 5.84962, 0.423893, -0.0293506, -0.998841, 0.032029
5.42266, 5.84542, 0.423349, -0.0242532, -0.999173, 0.0280023
5.42358, 5.85144, 0.422266, 0.026023, 0.998904, -0.0324361
5.42331, 5.85468, 0.422531, -0.0309294, -0.998671, 0.0348034
5.42281, 5.85225, 0.425849, 0.0276752, 0.998798, -0.0366481
5.42393, 5.85294, 0.421591, 0.0281598, 0.998966, -0.0307914
5.42253, 5.84658, 0.424344, 0.031102, 0.998996, -0.0270052
5.42232, 5.84736, 0.420071, 0.0317869, 0.998976, -0.0264789
5.42247, 5.8498, 0.425603, -0.0251689, -0.999039, 0.0298318
5.42232, 5.85936, 0.425378, 0.0286005, 0.998501, -0.0391172
5.42203, 5.84947, 0.42097, 0.022366, 0.999105, -0.0273032
5.42285, 5.84648, 0.425548, -0.0314352, -0.998605, 0.0360824
5.42104, 5.84226, 0.425449, -0.0265173, -0.999208, 0.0255843
5.42148, 5.85254, 0.42682, 0.0245699, 0.998844, -0.0382123
5.42164, 5.85378, 0.425158, -0.0241841, -0.999026, 0.032346
5.42256, 5.84883, 0.428677, 0.0312302, 0.998882, -0.0232388
5.42326, 5.85697, 0.422298, -0.0262272, -0.999052, 0.0292567
5.42387, 5.84722, 0.423179, 0.0206145, 0.99904, -0.0316927
5.42253, 5.84727, 0.423245, -0.0254789, -0.99941, 0.020054
5.4221, 5.84876, 0.422073, 0.0256011, 0.998912, -0.0326024
5.42119, 5.84849, 0.423981, -0.029362, -0.999067, 0.0271935
5.42306, 5.85386, 0.423995, 0.0337783, 0.998487, -0.0393301
5.42339, 5.84279, 0.420914, 0.0269164, 0.999007, -0.0248215
5.42435, 5.84857, 0.4214, 0.0242197, 0.99875, -0.0327848
5.42194, 5.85695, 0.422175, 0.0286372, 0.998822, -0.0317156
5.42213, 5.84148, 0.426353, -0.0284128, -0.999108, 0.0260866
5.42181, 5.84648, 0.423494, -0.0275913, -0.998824, 0.0327066
5.42251, 5.84607, 0.425163, -0.0250726, -0.999147, 0.0288858
5.42258, 5.84721, 0.422054, -0.0252642, -0.999253, 0.024732
5.42306, 5.8421, 0.424272, 0.0297013, 0.999061, -0.0252264
5.42302, 5.84993, 0.42256, -0.026805, -0.998763, 0.0276134
5.42338, 5.85064, 0.425174, 0.0287111, 0.999226, -0.0154036
5.42187, 5.85564, 0.424792, 0.0274202, 0.998475, -0.0412332
5.42173, 5.84435, 0.421712, 0.0259304, 0.999236, -0.0186423
5.42266, 5.85241, 0.426889, 0.0256772, 0.998725, -0.0386356
5.42316, 5.84896, 0.425912, 0.0280693, 0.998691, -0.0352071
5.42176, 5.84941, 0.423772, -0.0310632, -0.998678, 0.0351273
5.4224, 5.85151, 0.425304, -0.0335376, -0.998346, 0.0408225
5.42234, 5.84842, 0.422926, 0.0270669, 0.999268, -0.0229199
5.42372, 5.85434, 0.42216, 0.0256617, 0.998973, -0.0277351
5.42249, 5.85707, 0.418745, -0.0292103, -0.999213, 0.0215118
5.42245, 5.84663, 0.423246, 0.0273884, 0.999142, -0.027032
5.42542, 5.85234, 0.423911, 0.0266766, 0.998914, -0.0321693
5.42229, 5.8433, 0.42193, 0.0270148, 0.999244, -0.019887
5.42195, 5.84532, 0.422136, 0.0282664, 0.999101, -0.0184418
5.41936, 5.846, 0.426591, -0.0311481, -0.998835, 0.0274099
5.42264, 5.85409, 0.424712, 0.0285137, 0.99918, -0.0205264
5.42358, 5.8515, 0.425977, 0.026745, 0.998771, -0.0358937
5.42064, 5.84225, 0.424892, -0.0285644, -0.998896, 0.0263569
5.42185, 5.85449, 0.423343, 0.0240914, 0.998458, -0.0419104
5.42458, 5.84381, 0.420035, -0.0276491, -0.999341, 0.0188443
5.42453, 5.84375, 0.424028, 0.0291808, 0.998963, -0.0309925
5.42229, 5.83957, 0.425778, -0.0290437, -0.999068, 0.0180239
5.42146, 5.84735, 0.424612, 0.0326996, 0.998553, -0.0351666
5.42208, 5.84238, 0.425766, 0.0302288, 0.998909, -0.0278283
5.42167, 5.8465, 0.422112, 0.025296, 0.999077, -0.028859
5.42451, 5.84164, 0.421958, -0.027698, -0.999161, 0.0230929
5.42283, 5.85355, 0.421023, 0.0275652, 0.99901, -0.024245
5.42081, 5.8494, 0.424206, 0.0288215, 0.998786, -0.0364131
5.42328, 5.84388, 0.426738, -0.031899, -0.998715, 0.0306838
5.42141, 5.83863, 0.426411, 0.0309103, 0.998895, -0.0302004
5.42201, 5.84986, 0.423943, -0.0302425, -0.999005, 0.0289528
5.42361, 5.84968, 0.424152, 0.0263994, 0.998743, -0.0332003
5.4212, 5.84711, 0.423336, 0.0313682, 0.999174, -0.0215458
5.42096, 5.84737, 0.423874, -0.030963, -0.999036, 0.0278229
5.42256, 5.8411, 0.423569, 0.0279099, 0.999253, -0.0193119
5.42076, 5.8474, 0.424291, -0.0230291, -0.999247, 0.0272871
5.42317, 5.84261, 0.42472, -0.0301536, -0.998817, 0.0302346
5.42268, 5.84647, 0.426091, 0.031375, 0.998963, -0.0272142
5.42273, 5.84563, 0.425242, 0.0230148, 0.999199, -0.0264422
5.42118, 5.85295, 0.423701, 0.0290916, 0.998596, -0.0365485
5.42146, 5.84925, 0.422106, -0.02501, -0.998896, 0.0346155
5.42235, 5.84974, 0.423152, 0.0276619, 0.998536, -0.0415697
5.42269, 5.84908, 0.423187, 0.0250119, 0.999003, -0.030501
5.42216, 5.8459, 0.422382, -0.0273968, -0.999148, 0.0261758
5.42435, 5.84546, 0.425881, -0.0265832, -0.998855, 0.034544
5.42317, 5.85556, 0.42472, 0.0258502, 0.998696, -0.038263
5.42219, 5.85644, 0.425766, 0.027332, 0.998891, -0.0321349
5.42223, 5.84948, 0.423087, 0.0240473, 0.999154, -0.0266632
5.42196, 5.84605, 0.424345, -0.0267435, -0.998937, 0.0297194
5.42419, 5.84523, 0.422988, -0.02806, -0.999014, 0.0261692
5.42183, 5.84369, 0.425652, -0.0291486, -0.999008, 0.0314706
5.42368, 5.84902, 0.427872, 0.0282202, 0.998864, -0.0300267
5.42276, 5.84952, 0.423463, -0.0268895, -0.999203, 0.0240616
5.42159, 5.8464, 0.421958, 0.0260591, 0.999355, -0.0192475
5.4232, 5.85885, 0.423576, -0.0351824, -0.998096, 0.0422532
5.42336, 5.84711, 0.425207, 0.031969, 0.998841, -0.0319594
5.42217, 5.84645, 0.425289, -0.0294558, -0.998857, 0.032353
5.42383, 5.84914, 0.425696, 0.030044, 0.998509, -0.0378571
5.42123, 5.8447, 0.422563, 0.0266274, 0.998959, -0.0307689
5.42184, 5.85122, 0.424362, 0.0260389, 0.99901, -0.0245172
5.42352, 5.85278, 0.422755, 0.0259403, 0.998599, -0.0372797
5.42233, 5.84788, 0.424791, 0.0292979, 0.998863, -0.0268915
5.42276, 5.84549, 0.42518, -0.0271428, -0.998811, 0.0326129
5.42043, 5.84567, 0.424504, -0.0228437, -0.999059, 0.026483
5.42345, 5.84813, 0.421856, -0.0241306, -0.999192, 0.0208958
5.42329, 5.84896, 0.424153, 0.0272088, 0.998854, -0.0300526
5.42172, 5.84834, 0.42465, -0.0284993, -0.998505, 0.0347636
5.42343, 5.84175, 0.422952, 0.0214764, 0.999435, -0.014947
5.42156, 5.84409, 0.425881, 0.0275924, 0.999007, -0.0237716
5.42367, 5.84656, 0.424212, 0.0298152, 0.999042, -0.0276933
5.42114, 5.85187, 0.424309, -0.0286441, -0.998733, 0.0342225
5.42188, 5.84387, 0.425904, 0.0291446, 0.999143, -0.0245914
5.42189, 5.84675, 0.420504, 0.0253922, 0.999111, -0.0189939
5.42227, 5.84311, 0.421746, 0.0294676, 0.999212, -0.0206723
5.42081, 5.84458, 0.422585, 0.0287211, 0.999036, -0.0257006
5.4217, 5.84958, 0.426047, 0.0258067, 0.9991, -0.023443
5.42218, 5.84662, 0.426146, -0.0284641, -0.998887, 0.0306169
5.42324, 5.84684, 0.424083, 0.0323143, 0.998742, -0.0297648
5.42269, 5.8522, 0.423934, 0.0279197, 0.998964, -0.0287204
5.42267, 5.84364, 0.420342, -0.0223666, -0.998802, 0.0295603
5.42213, 5.847, 0.426322, 0.0305028, 0.99882, -0.0309631
5.42113, 5.84989, 0.425129, 0.0296734, 0.998821, -0.0298199
5.42254, 5.85888, 0.423173, -0.0228443, -0.99898, 0.0298408
5.42255, 5.84179, 0.42283, 0.0296719, 0.999081, -0.0224279
5.42207, 5.84582, 0.423834, 0.02899, 0.999211, -0.0219064
5.42224, 5.84199, 0.421408, 0.0279392, 0.99906, -0.0259968
5.42344, 5.84237, 0.421527, 0.0301097, 0.999164, -0.0230052
5.42355, 5.84425, 0.421041, 0.0239736, 0.999106, -0.0266043
5.42402, 5.85002, 0.424809, 0.024266, 0.998748, -0.0375574
5.42303, 5.85248, 0.425344, -0.0273321, -0.999093, 0.02963
5.42244, 5.84648, 0.423097, 0.0320805, 0.998866, -0.0304734
5.41985, 5.84964, 0.423255, -0.0313316, -0.998862, 0.0300584
5.42311, 5.84636, 0.424455, -0.0252838, -0.999188, 0.0254749
5.42144, 5.84958, 0.420741, -0.0254952, -0.999072, 0.0250566
5.42385, 5.84936, 0.422373, 0.028457, 0.998579, -0.0401442
5.4208, 5.84601, 0.422282, 0.025357, 0.99895, -0.0290663
5.42244, 5.84835, 0.423062, -0.0286252, -0.998753, 0.0338791
5.42298, 5.85598, 0.422032, -0.0359836, -0.998349, 0.0344819
5.42113, 5.8518, 0.423147, 0.0285954, 0.999016, -0.0245914
5.42326, 5.84155, 0.425567, 0.0259405, 0.999015, -0.028225
5.42168, 5.84968, 0.424242, -0.0246988, -0.99881, 0.0313395
5.42337, 5.84731, 0.423657, -0.0285062, -0.998888, 0.0299496
5.42292, 5.84692, 0.424755, -0.0296006, -0.998806, 0.0301518
5.42386, 5.84984, 0.422385, 0.0243267, 0.999219, -0.0257341
5.42198, 5.84918, 0.423952, 0.0291391, 0.998969, -0.0270274
5.42122, 5.84721, 0.424994, 0.0328855, 0.998755, -0.0226316
5.42195, 5.84117, 0.427202, -0.0326702, -0.998468, 0.0352271
5.42404, 5.8467, 0.423938, 0.0245928, 0.999337, -0.0231488
5.42172, 5.84929, 0.424849, 0.0297842, 0.998885, -0.0314363
5.42205, 5.84584, 0.421396, 0.0247176, 0.999089, -0.0230509
5.42088, 5.84684, 0.425219, -0.0310071, -0.998629, 0.0314245
5.42268, 5.84201, 0.424477, 0.030175, 0.998947, -0.0222421
5.42041, 5.83955, 0.427209, -0.0273314, -0.99933, 0.0209081
5.42228, 5.84517, 0.420344, -0.0313038, -0.998789, 0.0267334
5.42349, 5.84412, 0.422332, 0.0246806, 0.998946, -0.0260221
5.42296, 5.84929, 0.422611, 0.0267719, 0.998733, -0.0352244
5.4235, 5.83996, 0.420977, 0.027925, 0.999035, -0.0278016
5.42303, 5.83959, 0.421478, 0.0224498, 0.99919, -0.0283957
5.41911, 5.84269, 0.426235, -0.0303882, -0.999053, 0.0276135
5.42288, 5.85279, 0.423858, -0.0269007, -0.998897, 0.0334714
5.42136, 5.84135, 0.42371, -0.0248806, -0.999081, 0.0211917
5.42077, 5.84423, 0.422543, 0.0250957, 0.998823, -0.028784
5.42348, 5.85125, 0.421066, 0.0263513, 0.999022, -0.0246156
5.42384, 5.84159, 0.420545, 0.0282071, 0.998867, -0.0300686
5.42148, 5.84067, 0.422171, 0.0293907, 0.998869, -0.0279827
5.42218, 5.85418, 0.424235, -0.0222424, -0.998669, 0.0402778
5.42315, 5.8439, 0.423024, -0.0244589, -0.999193, 0.0289723
5.42042, 5.84987, 0.424424, 0.0250969, 0.999011, -0.0281133
5.42288, 5.83994, 0.420207, 0.0247414, 0.999493, -0.0140381
5.42166, 5.85364, 0.423306, -0.0313579, -0.99889, 0.0282041
5.42319, 5.85211, 0.422264, -0.0292195, -0.999054, 0.0257798
5.42278, 5.84845, 0.424602, -0.0299314, -0.998839, 0.0302533
5.42357, 5.84556, 0.424782, 0.029652, 0.998824, -0.0290136
5.42347, 5.85023, 0.425506, 0.0234877, 0.998835, -0.0337562
5.41955, 5.84846, 0.425829, -0.0278708, -0.999038, 0.0260406
5.42316, 5.84896, 0.421017, -0.0268271, -0.999095, 0.023997
5.42158, 5.84852, 0.424683, 0.0301377, 0.999178, -0.0215505
5.42119, 5.84377, 0.422006, 0.0251216, 0.999115, -0.0274091
5.42337, 5.84916, 0.422325, 0.0242303, 0.999063, -0.0280527
5.42062, 5.84917, 0.425748, 0.0259018, 0.999222, -0.0249904
5.42215, 5.84562, 0.426252, 0.0254729, 0.999362, -0.0192979
5.41967, 5.84922, 0.421489, -0.0298132, -0.998948, 0.027871
5.4207, 5.84576, 0.425143, 0.0264401, 0.999125, -0.0181299
5.42256, 5.85481, 0.423271, 0.025263, 0.998885, -0.0342439
5.42443, 5.85136, 0.427527, -0.0278072, -0.998753, 0.0364052
5.42199, 5.8437, 0.424101, -0.0265336, -0.999249, 0.0233046
5.42187, 5.85051, 0.42381, -0.0244444, -0.999226, 0.0258064
5.42301, 5.85208, 0.421655, -0.027482, -0.998825, 0.0310202
5.42173, 5.85188, 0.422167, 0.0303377, 0.998495, -0.0386926
5.42267, 5.8467, 0.419879, -0.0243409, -0.999306, 0.0195065
5.42247, 5.85248, 0.422481, -0.0265215, -0.998876, 0.030727
5.42362, 5.84435, 0.423864, 0.0242494, 0.998982, -0.0290231
5.42221, 5.85448, 0.423729, -0.0266945, -0.998692, 0.0369658
5.42089, 5.85001, 0.41921, -0.0280127, -0.99887, 0.0268465
5.42232, 5.85107, 0.424085, -0.0222815, -0.999316, 0.0179343
5.42318, 5.84811, 0.425643, 0.0305302, 0.998437, -0.0350751
5.42159, 5.8475, 0.425708, 0.0288069, 0.998802, -0.034445
5.42215, 5.85195, 0.423171, -0.0251576, -0.998672, 0.0359015
5.42403, 5.84965, 0.423886, -0.0263742, -0.998972, 0.0293183
5.42214, 5.85384, 0.422394, -0.0252677, -0.998856, 0.0336032
5.42119, 5.84852, 0.422841, -0.0300262, -0.999019, 0.0226204
5.42108, 5.86021, 0.422232, -0.0254225, -0.999257, 0.0223863
5.4207, 5.8498, 0.424766, -0.0243316, -0.999068, 0.0294176
5.42183, 5.85026, 0.426192, -0.0287179, -0.999024, 0.0294188
5.42207, 5.85267, 0.427001, 0.0240288, 0.999024, -0.0322302
5.42129, 5.84434, 0.42364, -0.0275718, -0.998719, 0.0316335
5.42145, 5.84684, 0.42468, -0.0270138, -0.998987, 0.0264512
5.42253, 5.84937, 0.426001, 0.0251976, 0.998953, -0.0328442
5.42127, 5.84746, 0.42333, 0.0270432, 0.99843, -0.0454977
5.42254, 5.84523, 0.425601, -0.0278949, -0.999179, 0.0253211
5.42192, 5.84677, 0.423337, 0.02664, 0.999176, -0.0244824
5.42199, 5.85045, 0.419127, -0.0289523, -0.998905, 0.0249482
5.42129, 5.84594, 0.424469, 0.0297902, 0.999161, -0.0221545
5.4211, 5.84365, 0.423047, 0.0253789, 0.998966, -0.0313166
5.42231, 5.86378, 0.425141, -0.0332002, -0.998366, 0.0383416
5.42122, 5.84942, 0.427786, 0.0241873, 0.999127, -0.0294828
5.4198, 5.84662, 0.423936, 0.0226102, 0.999199, -0.0274009
5.42268, 5.84997, 0.424935, -0.0218222, -0.999158, 0.0280279
5.42134, 5.84369, 0.426755, -0.027434, -0.998975, 0.02897
5.42223, 5.85071, 0.427005, 0.0317889, 0.998741, -0.027592
5.42129, 5.84871, 0.42644, -0.0278391, -0.998801, 0.0329741
5.42191, 5.84447, 0.422303, 0.0238347, 0.99944, -0.0198119
5.42189, 5.84337, 0.423209, 0.0252729, 0.999326, -0.016601
5.42252, 5.84988, 0.425718, 0.027838, 0.998774, -0.0338232
5.42416, 5.85784, 0.423262, -0.0294973, -0.998432, 0.0403156
5.42289, 5.85239, 0.422848, 0.0297028, 0.998879, -0.0301512
5.42069, 5.85045, 0.422703, 0.027937, 0.999064, -0.0267871
5.42073, 5.84378, 0.42381, 0.0267167, 0.999115, -0.0243841
5.4213, 5.84376, 0.422209, -0.0250924, -0.999243, 0.0246833
5.42238, 5.85361, 0.424254, 0.0222969, 0.999141, -0.0292143
5.4223, 5.84876, 0.422086, 0.0217566, 0.999208, -0.0254105
5.42248, 5.84716, 0.422532, 0.0311099, 0.998976, -0.0257458
5.42139, 5.85213, 0.42337, -0.0279508, -0.998547, 0.0392639
5.42241, 5.86424, 0.420998, 0.0276747, 0.998847, -0.0277599
5.42232, 5.85248, 0.422054, -0.0280969, -0.998639, 0.0364856
5.42047, 5.84289, 0.422271, -0.0241714, -0.999151, 0.0257143
5.42296, 5.85173, 0.422683, -0.0247549, -0.998968, 0.0310388
5.42226, 5.85642, 0.424139, -0.0271812, -0.998879, 0.0292116
5.4201, 5.84846, 0.425997, 0.0301393, 0.99865, -0.0367366
5.4213, 5.84479, 0.42397, -0.0289712, -0.998977, 0.0290609
5.42022, 5.85737, 0.423935, -0.0222529, -0.998957, 0.0307235
5.42169, 5.8503, 0.423307, -0.031436, -0.998778, 0.0312818
5.4228, 5.85256, 0.423944, 0.026412, 0.999131, -0.0251033
5.42335, 5.84479, 0.424229, -0.0240319, -0.999118, 0.0307087
5.42277, 5.84928, 0.4235, -0.0204354, -0.998978, 0.0328334
5.42013, 5.84772, 0.423111, -0.0293971, -0.999235, 0.0225802
5.42179, 5.85454, 0.422549, 0.0308532, 0.998738, -0.0298714
5.42102, 5.84704, 0.422637, -0.0293283, -0.99856, 0.036695
5.42263, 5.85158, 0.422063, -0.0308773, -0.998176, 0.0465135
5.42125, 5.8565, 0.425862, -0.0289533, -0.998666, 0.0342118
5.42342, 5.84929, 0.423535, 0.0282419, 0.998619, -0.0330492
5.42142, 5.84934, 0.419891, 0.0222585, 0.999172, -0.0238532
5.42202, 5.85063, 0.426061, -0.0285281, -0.998954, 0.0295258
5.42305, 5.84091, 0.421553, 0.0248264, 0.999198, -0.0231607
5.42339, 5.84911, 0.425359, -0.0257369, -0.998792, 0.034613
5.42294, 5.84603, 0.423434, -0.023369, -0.999331, 0.023701
5.42449, 5.85312, 0.41993, 0.0262873, 0.998175, -0.0479364
5.42339, 5.84734, 0.424358, -0.029053, -0.999085, 0.0264751
5.42136, 5.84372, 0.421907, -0.0242397, -0.999365, 0.0209905
5.42205, 5.84574, 0.422916, -0.0243698, -0.999085, 0.0261078
5.42309, 5.85211, 0.423866, 0.0291405, 0.998832, -0.0334342
5.42201, 5.85436, 0.424267, -0.0306908, -0.998978, 0.0300681
5.42222, 5.8434, 0.421706, 0.0283089, 0.999258, -0.022855
5.4218, 5.85082, 0.425789, 0.0260253, 0.99908, -0.0271007
5.42419, 5.8494, 0.421641, 0.0225263, 0.999033, -0.0328107
5.42183, 5.84843, 0.423341, -0.0281389, -0.999207, 0.0178854
5.42285, 5.85224, 0.424359, -0.0252322, -0.99901, 0.0285461
5.42243, 5.85032, 0.423058, -0.0292247, -0.998657, 0.0349527
5.42307, 5.85498, 0.423898, 0.0300643, 0.998596, -0.0351932
5.42177, 5.84457, 0.423365, -0.0228451, -0.99872, 0.0352165
5.42272, 5.8427, 0.426328, -0.0251945, -0.998233, 0.0477915
5.42347, 5.86512, 0.418042, -0.0254576, -0.999068, 0.0259015
5.42357, 5.85767, 0.423224, 0.0325427, 0.997956, -0.043994
5.42356, 5.85242, 0.42027, 0.0286328, 0.998547, -0.0369416
5.42217, 5.84634, 0.423282, -0.0284296, -0.99879, 0.035197
5.42148, 5.84642, 0.422827, 0.0259499, 0.998984, -0.0275354
5.42052, 5.85214, 0.422421, -0.0280814, -0.999198, 0.0215872
5.42098, 5.84872, 0.422488, 0.0286649, 0.999123, -0.0261858
5.42191, 5.84923, 0.422063, 0.0261874, 0.998864, -0.0330273
5.42108, 5.84788, 0.423161, 0.0277648, 0.999011, -0.0304313
5.42321, 5.85091, 0.421276, 0.0260437, 0.99909, -0.0252519
5.42191, 5.84533, 0.421384, 0.025824, 0.999294, -0.0210326
5.42169, 5.84688, 0.4232, 0.0262168, 0.999048, -0.0255141
5.42131, 5.84303, 0.424229, -0.0325368, -0.99863, 0.0367498
5.42198, 5.84607, 0.424099, -0.0291631, -0.999153, 0.0222395
5.42143, 5.84209, 0.426061, 0.0226843, 0.999101, -0.026058
5.42185, 5.84218, 0.425234, 0.0286467, 0.998621, -0.0374787
5.42267, 5.85845, 0.424906, 0.0312884, 0.998548, -0.0335364
5.42119, 5.84117, 0.422549, -0.028847, -0.999082, 0.0264206
5.42228, 5.84766, 0.421522, -0.0287702, -0.999091, 0.0238217
5.42222, 5.85636, 0.426698, -0.0289717, -0.999173, 0.0247601
5.4214, 5.84432, 0.423877, 0.0242849, 0.998877, -0.0229028
5.42195, 5.84326, 0.424507, 0.0264413, 0.999187, -0.0242484
5.42219, 5.84724, 0.42192, -0.0277255, -0.998909, 0.0276231
5.4224, 5.84898, 0.42443, 0.0231063, 0.998905, -0.0322076
5.42385, 5.85301, 0.422833, 0.0268417, 0.998618, -0.0405047
5.42215, 5.84796, 0.423373, -0.0231693, -0.999258, 0.0230816
5.42327, 5.85553, 0.426584, -0.0234005, -0.998899, 0.0335374
5.42252, 5.85223, 0.425236, -0.0266894, -0.998704, 0.0357844
5.42096, 5.84346, 0.423647, -0.0283386, -0.999213, 0.0239168
5.4226, 5.85694, 0.422581, -0.0222114, -0.99889, 0.0354384
5.42056, 5.84657, 0.424813, -0.0291435, -0.998897, 0.030449
5.42298, 5.85452, 0.423028, -0.0289424, -0.998771, 0.0344058
5.42295, 5.84636, 0.424331, 0.0299876, 0.998661, -0.0348333
5.42271, 5.8511, 0.42376, 0.0279468, 0.998887, -0.0320951
5.42427, 5.8501, 0.420163, 0.0250584, 0.999053, -0.0245309
5.4227, 5.8507, 0.424328, 0.0228144, 0.999137, -0.029519
5.42263, 5.85141, 0.42404, -0.0270967, -0.999105, 0.027355
5.42234, 5.84563, 0.422176, -0.0246881, -0.998925, 0.0331603
5.4218, 5.84812, 0.419959, 0.0299974, 0.999183, -0.0234565
5.42191, 5.84602, 0.427845, 0.024817, 0.999319, -0.0226553
5.42114, 5.84616, 0.422576, -0.0254274, -0.999283, 0.0233819
5.42193, 5.84825, 0.424053, -0.0298488, -0.998594, 0.0352523
5.42259, 5.84842, 0.420759, 0.0239058, 0.999399, -0.0128767
5.42131, 5.85383, 0.422896, 0.0295299, 0.99921, -0.0175252
5.42368, 5.84715, 0.423862, 0.0271286, 0.998716, -0.0371359
5.42089, 5.84937, 0.424681, -0.0303125, -0.999055, 0.0271319
5.42246, 5.84128, 0.424936, 0.0289864, 0.999055, -0.0254285
5.42246, 5.8484, 0.423086, -0.0274971, -0.999092, 0.0249333
5.42187, 5.85257, 0.423186, 0.0284586, 0.999041, -0.0257664
5.42035, 5.84929, 0.426918, -0.0266416, -0.999009, 0.028163
5.42264, 5.84926, 0.427092, 0.0223217, 0.999225, -0.0266785
5.42186, 5.84385, 0.424479, 0.0282774, 0.999101, -0.0258182
5.42056, 5.84437, 0.426061, 0.024968, 0.999141, -0.0252486
5.42316, 5.85688, 0.425167, 0.0237374, 0.999047, -0.0310445
5.42145, 5.84573, 0.425816, 0.023007, 0.998786, -0.0358702
5.42203, 5.85004, 0.421928, -0.0287773, -0.998913, 0.0288047
5.42166, 5.84959, 0.419299, 0.0256845, 0.999278, -0.0245443
5.42005, 5.84382, 0.424082, -0.028574, -0.999226, 0.0227506
5.42109, 5.84493, 0.424387, -0.0270354, -0.999154, 0.0253894
5.42233, 5.85269, 0.422212, 0.0280239, 0.99885, -0.0261689
5.42285, 5.85696, 0.423188, -0.0278408, -0.998773, 0.0350693
5.4221, 5.84826, 0.426058, -0.0281455, -0.998823, 0.0336684
5.42223, 5.84379, 0.422882, 0.0255573, 0.999298, -0.0242096
5.42194, 5.85351, 0.42322, 0.0270965, 0.999143, -0.0262387
5.4226, 5.85082, 0.422561, 0.0265358, 0.998766, -0.0292335
5.42164, 5.84385, 0.425177, -0.0278822, -0.999037, 0.0275256
5.42183, 5.85008, 0.422507, 0.0295432, 0.998838, -0.0255901
5.42221, 5.85129, 0.422744, -0.0283118, -0.999037, 0.0288646
5.42224, 5.84904, 0.426576, -0.0248677, -0.998915, 0.0320758
5.42243, 5.84826, 0.42227, -0.0282876, -0.998617, 0.0345813
5.42106, 5.85131, 0.425273, 0.0287092, 0.998914, -0.0288371
5.42149, 5.8465, 0.425898, 0.0268311, 0.999034, -0.0294448
5.42217, 5.85736, 0.421651, -0.0301107, -0.998653, 0.0346497
5.42086, 5.84633, 0.423287, 0.0298824, 0.998989, -0.0295483
5.42177, 5.84496, 0.421706, -0.0266447, -0.999114, 0.0213436
5.42192, 5.84276, 0.422693, 0.0323378, 0.998928, -0.0278156
5.42163, 5.8442, 0.425931, 0.0270619, 0.999223, -0.0250046
5.42245, 5.85898, 0.425553, 0.0284858, 0.998618, -0.0339656
5.42235, 5.85541, 0.424387, -0.0288919, -0.998649, 0.0353759
5.42273, 5.84685, 0.419539, 0.0250364, 0.999137, -0.0231044
5.42271, 5.84958, 0.423079, 0.0280224, 0.99908, -0.0249788
5.42392, 5.85393, 0.423144, 0.0279773, 0.999082, -0.0253193
5.42093, 5.85194, 0.425112, -0.0306763, -0.998987, 0.0295654
5.42227, 5.84704, 0.422935, -0.0231554, -0.999305, 0.0238892
5.42202, 5.85213, 0.423674, 0.0298029, 0.998834, -0.0323974
5.42205, 5.85271, 0.424313, -0.0264877, -0.999124, 0.0291172
5.42148, 5.85242, 0.422592, 0.030092, 0.998706, -0.0314309
5.42325, 5.84482, 0.424326, 0.0232084, 0.998977, -0.0334588
5.42167, 5.8458, 0.426284, -0.0251943, -0.998744, 0.037335
5.42372, 5.84151, 0.421702, -0.0220351, -0.999125, 0.026964
5.42127, 5.8438, 0.422591, -0.024941, -0.999218, 0.0235217
5.42147, 5.84515, 0.42441, 0.0265236, 0.998866, -0.0253424
5.42154, 5.85219, 0.424235, -0.0316877, -0.998684, 0.0339408
5.42026, 5.84531, 0.424338, 0.025212, 0.99913, -0.027143
5.42313, 5.84041, 0.422309, 0.0240445, 0.999006, -0.0332033
5.42394, 5.84673, 0.426008, -0.0270003, -0.999009, 0.029446
5.42047, 5.85444, 0.421146, 0.029416, 0.998649, -0.0373208
5.42256, 5.84793, 0.421595, -0.023889, -0.99895, 0.0338344
5.42138, 5.84795, 0.422805, -0.0270983, -0.999119, 0.0255311
5.42182, 5.84819, 0.423646, -0.0252866, -0.999172, 0.0273545
5.42231, 5.84761, 0.421841, 0.0285255, 0.998727, -0.0350833
5.42192, 5.85274, 0.421307, 0.0333956, 0.998348, -0.0403374
5.42404, 5.85038, 0.419943, -0.0283034, -0.998642, 0.0280349
5.42103, 5.84342, 0.419719, 0.0293701, 0.999064, -0.024734
5.4214, 5.84787, 0.423273, -0.0236604, -0.999152, 0.0264765
5.42249, 5.8456, 0.422251, -0.0226955, -0.999083, 0.0305666
5.42103, 5.84121, 0.42258, 0.0301493, 0.998736, -0.024925
5.42116, 5.84806, 0.425869, -0.0329015, -0.998587, 0.0363216
5.42227, 5.85107, 0.423031, -0.0284766, -0.99873, 0.0353292
5.4225, 5.85492, 0.423415, -0.0315521, -0.998732, 0.0347881
5.42148, 5.84799, 0.423266, -0.0269192, -0.998991, 0.027593
5.42248, 5.85012, 0.421027, -0.0243602, -0.999273, 0.0231326
5.42188, 5.84937, 0.427215, 0.0253167, 0.999081, -0.0270854
5.42175, 5.8465, 0.42313, -0.0231891, -0.999214, 0.0253953
5.42158, 5.85068, 0.42397, -0.0226254, -0.998822, 0.0343583
5.42067, 5.84447, 0.424228, -0.0256821, -0.999112, 0.0272159
5.42209, 5.84742, 0.424196, -0.025829, -0.99922, 0.0246946
5.42158, 5.84717, 0.423353, -0.0266279, -0.999232, 0.0219004
5.42251, 5.85598, 0.423665, 0.0291857, 0.998598, -0.0363182
5.42233, 5.84704, 0.423776, -0.0330642, -0.998444, 0.0387311
5.42196, 5.84581, 0.42226, -0.0289023, -0.998884, 0.0327618
5.42216, 5.84417, 0.421809, -0.0291834, -0.998775, 0.0300455
5.42013, 5.84515, 0.429125, -0.0266179, -0.999034, 0.0263848
5.42234, 5.84656, 0.420944, 0.0258042, 0.999036, -0.02752
5.42269, 5.84717, 0.419917, 0.0232122, 0.998974, -0.0262898
5.42181, 5.85521, 0.424202, -0.0322537, -0.998647, 0.0354308
5.42283, 5.85019, 0.42483, -0.0318303, -0.998809, 0.031955
5.42326, 5.84742, 0.419587, 0.026256, 0.998802, -0.0309771
5.42274, 5.84393, 0.423714, 0.0275509, 0.999155, -0.0254133
5.42209, 5.85165, 0.424177, -0.023198, -0.999058, 0.0289392
5.42158, 5.84773, 0.421989, 0.0281788, 0.998989, -0.0297193
5.42096, 5.84383, 0.42171, 0.0297232, 0.998726, -0.0279596
5.42116, 5.85406, 0.425634, 0.0333267, 0.998599, -0.0322758
5.42255, 5.85325, 0.423281, 0.0261068, 0.999048, -0.0287703
5.422, 5.84385, 0.428373, 0.0247481, 0.999001, -0.0288186
5.42015, 5.84241, 0.421309, -0.0273158, -0.998968, 0.0214174
5.41901, 5.85705, 0.421652, -0.0328225, -0.9984, 0.0394225
5.42029, 5.85433, 0.418422, -0.0309934, -0.998205, 0.0423121
5.41906, 5.86554, 0.415689, -0.0316382, -0.999118, 0.0215112
5.4209, 5.85109, 0.423464, -0.0243481, -0.998987, 0.0263569
5.4208, 5.85225, 0.423996, 0.0258879, 0.999028, -0.0239904
5.42126, 5.84826, 0.424224, -0.0324704, -0.998923, 0.0297123
5.41936, 5.85684, 0.422269, -0.0271434, -0.998639, 0.0342083
5.42175, 5.85111, 0.42408, -0.0303439, -0.998549, 0.0361551
5.41976, 5.85623, 0.422686, 0.0284571, 0.998906, -0.0320682
5.42224, 5.84994, 0.424361, 0.0301012, 0.998542, -0.0364902
5.42092, 5.84403, 0.423623, -0.0296722, -0.999226, 0.0181576
5.42174, 5.85393, 0.418789, -0.0326109, -0.998716, 0.0324616
5.42157, 5.84642, 0.424051, -0.0277731, -0.998977, 0.027541
5.4215, 5.85491, 0.424257, 0.0339845, 0.998817, -0.0295862
5.42172, 5.83905, 0.422952, 0.0268833, 0.998791, -0.0330344
5.4214, 5.84176, 0.422454, 0.0312443, 0.998946, -0.0295936
5.42058, 5.84699, 0.425449, 0.034789, 0.998901, -0.019282
5.42011, 5.84677, 0.424913, 0.0253947, 0.999073, -0.0272808
5.42053, 5.8507, 0.423805, -0.0314809, -0.998889, 0.0275978
5.4225, 5.84374, 0.425643, 0.0295561, 0.998756, -0.0296063
5.42169, 5.84719, 0.422783, -0.0317583, -0.998749, 0.0276751
5.42109, 5.85226, 0.426795, 0.0351296, 0.998575, -0.0332426
5.42204, 5.85015, 0.421057, 0.0283015, 0.998789, -0.0289562
5.42178, 5.84316, 0.422884, 0.0281082, 0.999089, -0.0254845
5.42203, 5.85184, 0.42109, 0.0296544, 0.999164, -0.0195039
5.42057, 5.84927, 0.421371, 0.0301349, 0.998867, -0.0206671
5.42166, 5.84902, 0.421676, -0.030259, -0.99887, 0.0272885
5.42275, 5.85563, 0.423479, -0.024106, -0.998458, 0.0422965
5.42104, 5.85, 0.427585, -0.0328396, -0.998647, 0.0314785
5.41979, 5.84752, 0.425325, -0.0306865, -0.99892, 0.0257281
5.42249, 5.84796, 0.42605, -0.0274764, -0.998126, 0.0442765
5.42253, 5.8425, 0.420656, 0.0248381, 0.998901, -0.0268191
5.42263, 5.84802, 0.426065, 0.0270379, 0.998305, -0.0403452
5.42093, 5.83836, 0.423419, 0.0327287, 0.999016, -0.0220554
5.42163, 5.84784, 0.423533, -0.0250047, -0.998745, 0.0353593
5.42094, 5.8496, 0.423277, -0.027363, -0.998824, 0.0348743
5.4214, 5.85833, 0.423639, 0.030096, 0.998821, -0.0313293
5.42215, 5.8524, 0.419324, -0.0320658, -0.999185, 0.014037
5.42194, 5.85019, 0.426138, -0.0321232, -0.998743, 0.032322
5.42089, 5.8474, 0.423164, 0.0307015, 0.998726, -0.0339674
5.42135, 5.85634, 0.424166, -0.0276044, -0.998776, 0.0342876
5.42112, 5.85136, 0.423377, 0.0278105, 0.998902, -0.0265041
5.42279, 5.8487, 0.426917, -0.0274051, -0.998874, 0.0325136
5.4222, 5.84982, 0.423297, -0.0269829, -0.998898, 0.0309606
5.41931, 5.85139, 0.421236, 0.0286405, 0.998874, -0.0294814
5.42181, 5.84818, 0.424374, -0.0253392, -0.999162, 0.0290886
5.42168, 5.85169, 0.423094, -0.0247466, -0.99906, 0.0312738
5.42227, 5.85207, 0.421415, 0.0236157, 0.998844, -0.0353198
5.42122, 5.85239, 0.422056, -0.0323565, -0.998898, 0.0283369
5.42044, 5.84879, 0.421832, 0.0290147, 0.999057, -0.024841
5.42123, 5.84868, 0.422467, 0.0279614, 0.9989, -0.0222927
5.42123, 5.84559, 0.423349, 0.0299792, 0.998651, -0.0311392
5.41985, 5.84676, 0.424938, -0.0277868, -0.998791, 0.0292599
5.42074, 5.85595, 0.424158, 0.0241979, 0.998827, -0.0345093
5.42027, 5.84461, 0.423428, 0.0302334, 0.999125, -0.0217784
5.42256, 5.85416, 0.425267, 0.0318279, 0.998155, -0.0418196
5.42103, 5.8453, 0.426181, 0.0281305, 0.998343, -0.0412083
5.42205, 5.84485, 0.424138, -0.0262691, -0.999079, 0.0291773
5.42057, 5.84236, 0.42612, 0.0278727, 0.998741, -0.0307063
5.42254, 5.85347, 0.425162, 0.0216923, 0.998549, -0.0403427
5.42196, 5.85014, 0.425109, -0.0285803, -0.998443, 0.0400097
5.4218, 5.84167, 0.42524, -0.0239271, -0.998833, 0.0336556
5.42191, 5.84489, 0.423443, 0.0336594, 0.998707, -0.0300684
5.4229, 5.84429, 0.423455, -0.0253229, -0.998996, 0.0299596
5.42175, 5.83853, 0.423208, 0.02824, 0.999157, -0.0224378
5.42074, 5.83898, 0.423497, 0.0307612, 0.998872, -0.0269009
5.42165, 5.8479, 0.422681, 0.0207391, 0.998806, -0.0360878
5.42021, 5.84842, 0.426464, 0.0269555, 0.99878, -0.0312127
5.42044, 5.84658, 0.425235, -0.0253269, -0.999012, 0.0302333
5.4207, 5.8517, 0.421141, -0.0219662, -0.999191, 0.0252326
5.421, 5.85129, 0.416399, 0.0278922, 0.999368, -0.0143914
5.41898, 5.83772, 0.423562, -0.029259, -0.999083, 0.0160066
5.42061, 5.85659, 0.419271, -0.0280526, -0.999057, 0.0262195
5.42249, 5.85553, 0.422178, -0.0256174, -0.99899, 0.03
5.42077, 5.85005, 0.419015, -0.0276108, -0.99848, 0.0385381
5.4205, 5.85083, 0.422882, -0.02465, -0.99923, 0.0235553
5.42082, 5.85546, 0.42019, 0.028557, 0.99891, -0.0293878
5.42035, 5.85566, 0.420588, -0.0294004, -0.998821, 0.0278526
5.42, 5.85142, 0.421984, -0.0285718, -0.998983, 0.0149349
5.42087, 5.84707, 0.420818, -0.0266684, -0.999422, 0.0151272
5.42153, 5.84732, 0.418657, 0.025741, 0.999139, -0.0229947
5.42257, 5.84295, 0.424771, -0.0284422, -0.998379, 0.0384576
5.42211, 5.85107, 0.421869, 0.0228587, 0.998757, -0.0320929
5.42105, 5.84073, 0.425727, -0.0266937, -0.999265, 0.0228382
5.42161, 5.85178, 0.424963, -0.0311065, -0.998257, 0.0413285
5.42146, 5.85307, 0.42031, -0.0293001, -0.999074, 0.026415
5.42275, 5.84359, 0.423817, -0.0280016, -0.999014, 0.0238849
5.42095, 5.84995, 0.425908, -0.0322537, -0.998796, 0.031067
5.42182, 5.84641, 0.425282, 0.0286894, 0.998998, -0.0285196
5.42169, 5.85927, 0.42561, -0.0338493, -0.998674, 0.0310701
5.42264, 5.84834, 0.424145, 0.029412, 0.998879, -0.0250842
5.42087, 5.85024, 0.42353, 0.0251834, 0.999128, -0.0286896
5.42189, 5.8465, 0.422179, 0.0268987, 0.998953, -0.0316739
5.42231, 5.84641, 0.425702, 0.0274624, 0.998676, -0.0356758
5.42195, 5.84442, 0.420572, 0.0240677, 0.998955, -0.0279999
5.42226, 5.84952, 0.420676, -0.0258422, -0.998856, 0.0328263
5.42102, 5.85803, 0.423798, 0.0250965, 0.998793, -0.0334621
5.42245, 5.84368, 0.41973, 0.0272518, 0.999134, -0.0221648
5.42166, 5.84849, 0.42052, -0.0262414, -0.999081, 0.0280681
5.42093, 5.84233, 0.425231, -0.0266552, -0.999142, 0.0253757
5.42126, 5.84828, 0.423843, -0.0277364, -0.999265, 0.0164163
5.42091, 5.84836, 0.424832, 0.0243652, 0.998997, -0.0302915
5.4204, 5.84309, 0.425768, 0.0253069, 0.999228, -0.0229955
5.42138, 5.84128, 0.423171, 0.0258638, 0.999125, -0.0207644
5.42131, 5.84448, 0.42396, 0.0293874, 0.999096, -0.0247901
5.42176, 5.8439, 0.423545, -0.026143, -0.998705, 0.0322184
5.42124, 5.83908, 0.425121, -0.0304517, -0.998447, 0.0325567
5.42162, 5.84622, 0.423603, -0.0260423, -0.998957, 0.0313231
5.42069, 5.85246, 0.423541, -0.0259814, -0.99921, 0.0244662
5.42003, 5.844, 0.420921, 0.0274969, 0.999142, -0.0200582
5.42075, 5.84051, 0.426074, -0.0277915, -0.998622, 0.0333126
5.42125, 5.84271, 0.422266, -0.0310362, -0.998829, 0.0237039
5.42103, 5.8444, 0.421924, 0.0267751, 0.999141, -0.0267754
5.42298, 5.84437, 0.425508, 0.0291694, 0.998956, -0.0276831
5.42317, 5.84751, 0.41773, -0.0336589, -0.998677, 0.0291672
5.4212, 5.84616, 0.424205, 0.0239005, 0.999349, -0.0210213
5.42264, 5.85168, 0.422431, 0.0222855, 0.998709, -0.0382875
5.4219, 5.84393, 0.423624, 0.0295352, 0.99882, -0.0325596
5.42203, 5.84916, 0.423247, 0.0299645, 0.998972, -0.0246575
5.42214, 5.84072, 0.426076, -0.0262459, -0.999248, 0.0243218
5.42014, 5.85064, 0.425498, 0.0289333, 0.998596, -0.0392551
5.42119, 5.84992, 0.424316, -0.0287269, -0.999103, 0.0262174
5.4195, 5.84113, 0.42533, 0.0251899, 0.999253, -0.0238825
5.42126, 5.85037, 0.421672, -0.0247435, -0.998929, 0.0303806
5.41918, 5.84635, 0.422587, 0.025411, 0.999262, -0.025188
5.42055, 5.84489, 0.422879, 0.031364, 0.998638, -0.0312242
5.42075, 5.84186, 0.422803, 0.0229865, 0.999353, -0.0170161
5.41987, 5.85212, 0.422595, 0.0208673, 0.998982, -0.0255279
5.42208, 5.84471, 0.423619, 0.0269443, 0.998904, -0.0330467
5.42033, 5.85394, 0.42238, -0.0214421, -0.999241, 0.0282149
5.42304, 5.8445, 0.422613, 0.0255303, 0.999023, -0.0285805
5.42147, 5.84154, 0.424543, -0.0188496, -0.999156, 0.0339333
5.42158, 5.84173, 0.422414, -0.0253898, -0.999351, 0.0153121
5.42138, 5.8511, 0.421724, -0.0261668, -0.999026, 0.0255872
5.42112, 5.85114, 0.422911, -0.0283061, -0.999168, 0.0236293
5.42149, 5.8465, 0.423497, 0.024146, 0.999257, -0.0232051
5.42095, 5.84642, 0.421478, -0.0264678, -0.999056, 0.0301016
5.42174, 5.85261, 0.4209, 0.0281365, 0.999075, -0.0244732
5.42053, 5.84218, 0.421273, 0.0271253, 0.999091, -0.0280681
5.42074, 5.8493, 0.424462, 0.0256791, 0.999008, -0.0322351
5.42278, 5.83934, 0.419099, -0.0257786, -0.999345, 0.0186574
5.42295, 5.84206, 0.421511, -0.0293306, -0.999207, 0.0158017
5.42141, 5.8432, 0.422272, 0.0285989, 0.999035, -0.0241341
5.42345, 5.85116, 0.416952, 0.0274872, 0.998867, -0.0258758
5.42089, 5.85165, 0.426924, -0.0269469, -0.998409, 0.0416945
5.42103, 5.85256, 0.422526, -0.0309742, -0.998667, 0.0321068
5.4219, 5.84445, 0.420963, -0.0268291, -0.999145, 0.0272495
5.4207, 5.8412, 0.42071, 0.022008, 0.999022, -0.0287003
5.42223, 5.84239, 0.418722, 0.0282043, 0.999334, -0.016117
5.42147, 5.84386, 0.420433, -0.0259944, -0.999405, 0.0194497
5.4203, 5.83852, 0.424908, 0.0226575, 0.999155, -0.0270407
5.42194, 5.84596, 0.422998, -0.0264598, -0.999022, 0.0255347
5.42187, 5.84281, 0.423972, -0.0311452, -0.99851, 0.0389568
5.42235, 5.8441, 0.421878, -0.0261655, -0.999238, 0.0196989
5.42288, 5.84037, 0.421531, 0.0256745, 0.998759, -0.0323255
5.4224, 5.84423, 0.420462, -0.0247776, -0.999004, 0.0308474
5.42153, 5.84972, 0.422044, 0.0240693, 0.999163, -0.0269467
5.42211, 5.8442, 0.424174, -0.0224474, -0.999054, 0.0303564
5.42314, 5.85157, 0.420112, 0.0259087, 0.99883, -0.0307758
5.42345, 5.85083, 0.420765, -0.033543, -0.998622, 0.0332596
5.42115, 5.84159, 0.421508, 0.0256928, 0.999209, -0.0228223
5.42094, 5.85645, 0.424538, -0.0296416, -0.998589, 0.0367896
5.42246, 5.84547, 0.42536, 0.0279952, 0.998885, -0.0296716
5.42291, 5.85326, 0.417775, -0.029715, -0.998699, 0.0298632
5.42354, 5.84207, 0.422173, -0.0213326, -0.999394, 0.0212399
5.42274, 5.84495, 0.421804, -0.0230626, -0.998911, 0.0316282
5.42225, 5.85141, 0.422703, -0.0288153, -0.998938, 0.0286812
5.42213, 5.84925, 0.417838, 0.0254931, 0.999062, -0.0262268
5.42305, 5.84709, 0.421444, -0.0255643, -0.998968, 0.0324237
5.42322, 5.84918, 0.424432, -0.0236798, -0.99873, 0.040544
5.42153, 5.8473, 0.426776, 0.0252826, 0.999206, -0.0259376
5.42179, 5.84891, 0.42306, 0.0288187, 0.999157, -0.0264599
5.42186, 5.85614, 0.421006, -0.023575, -0.998704, 0.038015
5.42257, 5.84773, 0.425602, 0.0260287, 0.998535, -0.0415079
5.42283, 5.84626, 0.417996, -0.0261001, -0.999118, 0.0261005
5.42134, 5.85108, 0.422414, 0.0285856, 0.999111, -0.0259757
5.42251, 5.84959, 0.421679, -0.0219306, -0.998844, 0.0345192
5.42219, 5.84368, 0.422391, 0.0257603, 0.99885, -0.0335996
5.42303, 5.84453, 0.420142, -0.0265478, -0.998944, 0.0293426
5.42183, 5.84399, 0.422754, 0.0226444, 0.999249, -0.0280803
5.42333, 5.84503, 0.422828, 0.0219294, 0.998824, -0.0377802
5.42117, 5.847, 0.422253, 0.0250981, 0.999259, -0.0266628
5.42163, 5.84934, 0.423236, -0.0235068, -0.999119, 0.0249404
5.42297, 5.84465, 0.420144, 0.0220625, 0.999031, -0.0288497
5.42059, 5.84912, 0.425613, -0.0265323, -0.998666, 0.037827
5.42188, 5.8431, 0.421797, 0.0205557, 0.999129, -0.0300915
5.42181, 5.84752, 0.424518, -0.0237262, -0.999096, 0.0290228
5.42192, 5.85198, 0.423035, 0.032398, 0.998688, -0.0304473
5.42209, 5.8445, 0.42325, 0.0265782, 0.999232, -0.0217423
5.42128, 5.84448, 0.423996, 0.0265584, 0.998884, -0.0284673
5.4216, 5.85198, 0.422207, 0.0273336, 0.998654, -0.0346463
5.42156, 5.84185, 0.421928, -0.0234798, -0.999044, 0.0184351
5.42203, 5.84451, 0.422401, 0.0247592, 0.999147, -0.0215905
5.42281, 5.84945, 0.419516, 0.0234925, 0.99889, -0.0313083
5.42157, 5.83924, 0.420692, 0.0239804, 0.99926, -0.0215851
5.42178, 5.8395, 0.42293, 0.026135, 0.999126, -0.0250538
5.4219, 5.85013, 0.424287, 0.0271502, 0.999203, -0.0259906
5.42234, 5.85019, 0.418273, 0.022441, 0.99881, -0.0264429
5.42045, 5.84406, 0.422667, -0.0269811, -0.998926, 0.0280048
5.42202, 5.84066, 0.421675, -0.026779, -0.998964, 0.0219249
5.42224, 5.85375, 0.423993, 0.0307052, 0.999013, -0.0281207
5.42422, 5.85298, 0.421672, 0.0220534, 0.998935, -0.0317962
5.42066, 5.8474, 0.422997, 0.0248484, 0.999137, -0.0285354
5.42066, 5.8415, 0.421035, -0.0257095, -0.999276, 0.0237026
5.42215, 5.84816, 0.425417, 0.024365, 0.998811, -0.0311711
5.42023, 5.84742, 0.422325, 0.0280611, 0.999009, -0.0243298
5.42119, 5.85306, 0.419875, 0.0257191, 0.999065, -0.0284053
5.42185, 5.83982, 0.42241, 0.0275733, 0.999025, -0.0249978
5.42101, 5.84143, 0.421533, -0.0259002, -0.998977, 0.0307276
5.42137, 5.85489, 0.422297, -0.0308181, -0.999067, 0.0261143
5.42284, 5.84587, 0.422682, -0.0227083, -0.999263, 0.0189788
5.42244, 5.84342, 0.42215, 0.0246673, 0.999066, -0.029618
5.421, 5.84948, 0.426127, 0.02801, 0.998765, -0.0305529
5.42249, 5.84535, 0.421447, 0.0267802, 0.999135, -0.0283302
5.42128, 5.84594, 0.421675, 0.0256134, 0.999367, -0.017648
5.42209, 5.85243, 0.419671, 0.0277794, 0.998314, -0.0333172
5.42101, 5.84948, 0.421493, 0.0253078, 0.999388, -0.0177556
5.422, 5.84476, 0.421161, 0.0249432, 0.998928, -0.0326952
5.42199, 5.84876, 0.424052, 0.0276466, 0.998362, -0.0349007
5.42211, 5.84934, 0.42108, -0.0249137, -0.999014, 0.025642
5.42168, 5.85291, 0.420348, 0.0247088, 0.999293, -0.0225069
5.42321, 5.84448, 0.423338, 0.029875, 0.998977, -0.0272836
5.42301, 5.84504, 0.424571, 0.0238892, 0.99896, -0.032128
5.4218, 5.84824, 0.422393, 0.0277434, 0.999117, -0.0268465
5.42252, 5.8442, 0.41899, 0.0265465, 0.999075, -0.030017
5.42138, 5.84718, 0.421244, 0.0242762, 0.999141, -0.0255029
5.42125, 5.84975, 0.420065, -0.0272554, -0.999047, 0.0282815
5.42173, 5.84466, 0.424352, 0.0283168, 0.99896, -0.0269279
5.42265, 5.8454, 0.420525, 0.0276864, 0.999175, -0.0234673
5.4229, 5.8482, 0.420568, 0.0212001, 0.998673, -0.035182
5.42208, 5.84798, 0.424332, -0.0299678, -0.99885, 0.0278712
5.42175, 5.84446, 0.423399, 0.0217074, 0.999139, -0.0298697
5.42097, 5.8488, 0.420037, 0.0277936, 0.998814, -0.0308292
5.4216, 5.84229, 0.421521, -0.0259552, -0.999291, 0.023825
5.42049, 5.85171, 0.420954, 0.0253203, 0.999213, -0.0247843
5.42226, 5.8455, 0.420291, -0.0249384, -0.998772, 0.0344479
5.42104, 5.847, 0.421289, -0.0264316, -0.998962, 0.0285526
5.421, 5.8504, 0.422815, 0.0240039, 0.99891, -0.0292344
5.42327, 5.84901, 0.423279, 0.0219464, 0.999377, -0.0227005
5.41891, 5.8471, 0.425882, -0.023069, -0.999052, 0.0288691
5.42197, 5.84094, 0.423941, 0.0214974, 0.999357, -0.0209059
5.41986, 5.83243, 0.424447, -0.0240492, -0.999343, 0.0191512
5.42058, 5.85503, 0.422094, 0.0269093, 0.998908, -0.0337179
5.42109, 5.8684, 0.424647, 0.0315007, 0.998982, -0.0249879
5.42, 5.84499, 0.422695, 0.028938, 0.999175, -0.0198684
5.42028, 5.84508, 0.423374, -0.0271259, -0.999028, 0.0269069
5.4207, 5.8408, 0.42293, 0.0269887, 0.998797, -0.0344473
5.42169, 5.85522, 0.426135, 0.0338973, 0.998648, -0.0335902
5.42135, 5.84836, 0.422307, -0.0272962, -0.998932, 0.0291086
5.42027, 5.8446, 0.421568, -0.0282436, -0.999231, 0.019774
5.4217, 5.84321, 0.420521, -0.0213741, -0.999116, 0.0236736
5.42084, 5.848, 0.422018, -0.0276474, -0.999072, 0.0252873
5.42249, 5.8479, 0.422242, -0.033605, -0.998782, 0.0320161
5.42212, 5.85231, 0.422255, -0.0289758, -0.99905, 0.0266642
5.42198, 5.84997, 0.424689, 0.025093, 0.998634, -0.0386092
5.42351, 5.84979, 0.424296, 0.0248206, 0.999012, -0.0300794
5.42306, 5.85247, 0.422393, 0.0282469, 0.998883, -0.0321028
5.42483, 5.85269, 0.422492, -0.0251134, -0.998835, 0.0345166
5.42338, 5.85178, 0.421252, -0.0280967, -0.998947, 0.0300347
5.42235, 5.84359, 0.420899, 0.0278716, 0.999081, -0.0209545
5.4222, 5.84735, 0.422164, -0.0265163, -0.999171, 0.0221483
5.4223, 5.84641, 0.424112, 0.0297921, 0.998794, -0.0342536
5.42273, 5.84735, 0.423496, -0.0301063, -0.999043, 0.0153075
5.42303, 5.85166, 0.421392, 0.0319736, 0.998569, -0.034547
5.42231, 5.84592, 0.426173, 0.0250629, 0.998287, -0.0426818
5.42248, 5.84552, 0.422747, 0.0288503, 0.998586, -0.0337394
5.42272, 5.8519, 0.41928, 0.0245529, 0.999308, -0.0229135
5.4251, 5.85823, 0.422367, 0.0240604, 0.998893, -0.0321624
5.42041, 5.84399, 0.42452, 0.0217132, 0.999248, -0.0258476
5.42309, 5.84448, 0.422993, 0.0275918, 0.999081, -0.0285753
5.42132, 5.85155, 0.425449, 0.030491, 0.998943, -0.0289769
5.42287, 5.86045, 0.421149, -0.0326291, -0.998482, 0.0355517
5.4226, 5.85094, 0.424158, 0.023845, 0.998987, -0.0313966
5.4223, 5.84614, 0.424325, 0.0258499, 0.999079, -0.0274509
5.42139, 5.84311, 0.427885, -0.0259118, -0.999301, 0.0227915
5.42188, 5.84905, 0.422497, -0.027243, -0.999105, 0.0249107
5.4233, 5.84408, 0.424883, 0.0233433, 0.999041, -0.0311067
5.42307, 5.84965, 0.420979, -0.0234121, -0.99918, 0.0236901
5.42182, 5.84656, 0.424913, 0.0254774, 0.999169, -0.0201616
5.42222, 5.83803, 0.424582, -0.0319831, -0.999135, 0.0121167
5.42198, 5.85683, 0.426158, -0.0256691, -0.999136, 0.0257716
5.42101, 5.84299, 0.419912, -0.0227662, -0.999344, 0.00817699
5.4218, 5.8469, 0.425323, 0.0222948, 0.999118, -0.0261808
5.42204, 5.85709, 0.4227, 0.0268525, 0.998704, -0.0349024
5.42227, 5.85674, 0.419196, -0.0273496, -0.998402, 0.0401993
5.42299, 5.86268, 0.42223, 0.0281214, 0.998511, -0.0383619
5.42257, 5.85294, 0.423564, -0.0242955, -0.999101, 0.026836
5.42318, 5.85289, 0.423388, 0.0268747, 0.998774, -0.0349545
5.42296, 5.85202, 0.420843, -0.0275683, -0.998863, 0.0315999
5.42239, 5.84443, 0.423557, -0.0240639, -0.999119, 0.019387
5.42305, 5.85406, 0.421077, -0.0238958, -0.999004, 0.028158
5.42124, 5.86018, 0.421832, 0.026025, 0.998986, -0.0297113
5.42399, 5.855, 0.420098, 0.0199859, 0.999195, -0.0270452
5.42286, 5.85018, 0.418228, -0.0197535, -0.999223, 0.024918
5.42218, 5.85616, 0.422525, -0.0239415, -0.999205, 0.0251384
5.42126, 5.84859, 0.424859, 0.028122, 0.999011, -0.0294897
5.42295, 5.85084, 0.422655, 0.0271424, 0.998373, -0.0399007
5.42244, 5.8492, 0.420252, -0.0292427, -0.998861, 0.0287443
5.42221, 5.85291, 0.419839, -0.0250765, -0.999172, 0.0236525
5.42132, 5.84997, 0.423749, 0.0242159, 0.99916, -0.0266847
5.42202, 5.84069, 0.425455, 0.0244946, 0.999138, -0.0254817
5.42257, 5.84629, 0.42039, 0.0241791, 0.999148, -0.0259325
5.42203, 5.85169, 0.425224, 0.026391, 0.99885, -0.0313614
5.42082, 5.84618, 0.422586, 0.0227134, 0.999264, -0.0240097
5.42334, 5.84671, 0.424389, -0.0300059, -0.998458, 0.0360004
5.4222, 5.83994, 0.421305, 0.0261356, 0.999076, -0.0261316
5.42089, 5.84091, 0.423191, 0.031586, 0.999273, -0.017945
5.42222, 5.8561, 0.42554, 0.0258202, 0.998832, -0.0343768
5.42168, 5.85724, 0.425557, 0.0321752, 0.998651, -0.0240542
5.42141, 5.85407, 0.421553, -0.0287991, -0.999254, 0.0126889
5.422, 5.84507, 0.424612, 0.0277107, 0.999232, -0.0234369
5.42238, 5.85575, 0.422045, 0.0223029, 0.998976, -0.0274129
5.42232, 5.8592, 0.422479, 0.0249645, 0.998045, -0.044719
5.42274, 5.84025, 0.421101, -0.029109, -0.998745, 0.0338247
5.42238, 5.84675, 0.424502, 0.0277819, 0.998971, -0.031223
5.42316, 5.84983, 0.420428, 0.0235777, 0.999043, -0.0310703
5.42352, 5.84129, 0.421574, 0.0226076, 0.999091, -0.0236274
5.42285, 5.85344, 0.422153, -0.0298711, -0.99869, 0.0296466
5.42194, 5.84913, 0.423325, -0.0282514, -0.998274, 0.0374181
5.42255, 5.85544, 0.423656, 0.0250451, 0.998681, -0.0342465
5.42289, 5.85483, 0.424487, 0.0284357, 0.998899, -0.031569
5.42339, 5.84716, 0.422882, 0.024749, 0.999283, -0.0268078
5.42257, 5.85173, 0.42382, -0.025549, -0.998671, 0.0366382
5.42296, 5.84477, 0.424878, -0.0325761, -0.998743, 0.0330336
5.42162, 5.84293, 0.423934, -0.0283429, -0.999185, 0.0239193
5.4218, 5.8447, 0.423257, -0.0219977, -0.999374, 0.0200557
5.42461, 5.83797, 0.423912, 0.0242756, 0.999, -0.0335069
5.42352, 5.84532, 0.420055, 0.033036, 0.998592, -0.0170306
5.42318, 5.85443, 0.4223, -0.0229673, -0.999051, 0.028593
5.42189, 5.84437, 0.424404, -0.0259779, -0.999163, 0.0274801
5.42301, 5.85172, 0.423618, -0.0257465, -0.998529, 0.0414606
5.42283, 5.84984, 0.422293, 0.0266925, 0.999147, -0.0206289
5.42292, 5.84021, 0.422874, 0.0288612, 0.998861, -0.0328576
5.42135, 5.84503, 0.425975, -0.0254007, -0.99934, 0.022071
5.42222, 5.85193, 0.424565, 0.0292335, 0.998997, -0.02626
5.42281, 5.84333, 0.42523, -0.0246547, -0.998918, 0.0276166
5.42279, 5.84485, 0.422284, 0.0268072, 0.998703, -0.0349118
5.42113, 5.83571, 0.423622, 0.0265758, 0.999261, -0.0187
5.42176, 5.84896, 0.42381, -0.0294919, -0.999105, 0.027213
