5.28995, 5.30385, 0.795151, -0.0127491, 0.0301315, 0.999296
5.28886, 5.30383, 0.795579, -0.00819749, 0.0320675, 0.999306
5.29044, 5.30424, 0.798233, 0.0126651, -0.0336417, -0.999232
5.28906, 5.30513, 0.80001, -0.0110079, 0.0312243, 0.999318
5.29146, 5.30576, 0.798118, -0.0129465, 0.0288326, 0.999366
5.29077, 5.30359, 0.798182, -0.0144218, 0.0321759, 0.999222
5.29009, 5.30372, 0.794539, -0.0150582, 0.0326971, 0.99911
5.29169, 5.30481, 0.798374, 0.016092, -0.0326535, -0.999178
5.28968, 5.3047, 0.800873, -0.00982121, 0.0330199, 0.999245
5.29034, 5.30483, 0.797866, -0.0148303, 0.029632, 0.999262
5.28932, 5.305, 0.794775, 0.0127253, -0.0317599, -0.999267
5.29016, 5.30338, 0.797238, -0.0160165, 0.0340423, 0.999144
5.28996, 5.30426, 0.800574, -0.0124324, 0.0335978, 0.999239
5.29009, 5.30386, 0.800318, 0.0123461, -0.0324609, -0.999266
5.28927, 5.30516, 0.792525, -0.0124057, 0.0302406, 0.999283
5.29106, 5.30493, 0.795425, 0.0131542, -0.0331517, -0.999205
5.29059, 5.30512, 0.798934, -0.014486, 0.0333721, 0.999192
5.29048, 5.3045, 0.799541, -0.0108488, 0.0308672, 0.999314
5.28917, 5.30412, 0.795948, -0.0114785, 0.0297171, 0.999316
5.28978, 5.30411, 0.796418, -0.0135886, 0.0306064, 0.999261
5.28877, 5.30481, 0.801656, 0.00937132, -0.0291786, -0.999374
5.28981, 5.30446, 0.798317, 0.0121005, -0.0333671, -0.999182
5.28906, 5.3037, 0.799631, -0.00981626, 0.0355811, 0.9992
5.29023, 5.30499, 0.798849, -0.0150377, 0.032447, 0.999218
5.28979, 5.30535, 0.803264, 0.0142638, -0.0297022, -0.999357
5.28901, 5.30497, 0.802156, 0.0130041, -0.0333724, -0.999188
5.29033, 5.30374, 0.799267, -0.0146581, 0.0297206, 0.999285
5.29052, 5.30403, 0.800162, 0.0134026, -0.0328565, -0.999224
5.28882, 5.3044, 0.797732, -0.00784794, 0.0301857, 0.999382
5.28882, 5.30353, 0.796935, 0.0100925, -0.0301781, -0.999352
5.29006, 5.30408, 0.795277, -0.0125714, 0.0319034, 0.999271
5.28955, 5.30294, 0.794998, 0.00960035, -0.0331091, -0.999241
5.29055, 5.30409, 0.80335, 0.0135253, -0.0334882, -0.999204
5.28973, 5.3041, 0.799718, 0.015143, -0.037046, -0.999037
5.29086, 5.30443, 0.800477, 0.0138737, -0.0323752, -0.999192
5.29135, 5.30494, 0.800307, 0.0170123, -0.0310703, -0.999214
5.28976, 5.30467, 0.799512, 0.0112049, -0.0368097, -0.999142
5.28958, 5.30542, 0.798604, 0.0120856, -0.0312844, -0.999287
5.2906, 5.30459, 0.796497, 0.0137959, -0.0296124, -0.999247
5.28952, 5.3045, 0.798962, 0.00928215, -0.0299251, -0.99937
5.29053, 5.304, 0.803162, 0.0138636, -0.0336532, -0.999201
5.28921, 5.30369, 0.79541, -0.0137746, 0.0339807, 0.999164
5.29044, 5.30434, 0.800152, 0.0114854, -0.0303181, -0.999312
5.29186, 5.30476, 0.802659, 0.0140908, -0.0370679, -0.999041
5.29076, 5.30465, 0.799989, 0.0124952, -0.0347022, -0.999188
5.29078, 5.30488, 0.799171, -0.0134118, 0.0312716, 0.999273
5.29085, 5.30595, 0.803766, 0.0154418, -0.0332707, -0.999239
5.29017, 5.30459, 0.796886, -0.0111164, 0.0337385, 0.999217
5.2903, 5.30601, 0.800698, -0.0118311, 0.0345661, 0.999165
5.28756, 5.30346, 0.797604, 0.0111904, -0.0330762, -0.999177
5.29068, 5.30482, 0.797023, -0.013223, 0.0293658, 0.999324
5.29119, 5.3048, 0.810386, -0.016037, 0.033546, 0.999199
5.29024, 5.30483, 0.794462, -0.0131971, 0.0341321, 0.999159
5.29032, 5.30594, 0.794138, 0.0131522, -0.0314418, -0.999294
5.28816, 5.3035, 0.801966, 0.0111001, -0.0365655, -0.999134
5.29127, 5.30306, 0.799388, 0.015215, -0.0342057, -0.999112
5.28991, 5.30491, 0.800128, 0.0121899, -0.0324432, -0.999284
5.28948, 5.30456, 0.796981, 0.0111389, -0.0332069, -0.999204
5.29112, 5.30394, 0.800759, 0.0180848, -0.0306897, -0.999214
5.28989, 5.30506, 0.802696, -0.0113372, 0.0337538, 0.99924
5.289, 5.3054, 0.801651, 0.0101813, -0.0312387, -0.999332
5.29016, 5.3037, 0.794035, -0.00865561, 0.027618, 0.999414
5.28965, 5.30475, 0.799651, 0.0116723, -0.0290537, -0.999389
5.29078, 5.30488, 0.800451, -0.014044, 0.0292695, 0.99933
5.29027, 5.30469, 0.794101, -0.011612, 0.0290977, 0.999408
5.29036, 5.30405, 0.797322, -0.0141978, 0.0297146, 0.999349
5.28882, 5.3051, 0.802599, -0.0109276, 0.033353, 0.999277
5.28902, 5.30431, 0.800616, 0.0137731, -0.0327964, -0.999197
5.29053, 5.30447, 0.795225, 0.0125774, -0.0321794, -0.999285
5.29101, 5.3048, 0.799633, -0.014125, 0.026225, 0.999431
5.28962, 5.3049, 0.800524, -0.0133917, 0.0341864, 0.999128
5.29038, 5.30456, 0.800086, -0.0140912, 0.0361862, 0.99912
5.29107, 5.3045, 0.797265, 0.011826, -0.0371845, -0.999125
5.29096, 5.30387, 0.796187, 0.0131284, -0.0294747, -0.999363
5.29085, 5.30372, 0.798406, 0.0129171, -0.0337306, -0.999144
5.28954, 5.30471, 0.799766, -0.0106718, 0.0309991, 0.999315
5.28952, 5.30394, 0.801741, 0.0121254, -0.0329964, -0.999256
5.29147, 5.30488, 0.799391, -0.0161066, 0.0335622, 0.999179
5.29098, 5.30382, 0.796659, -0.0119595, 0.0355292, 0.999186
5.28964, 5.30446, 0.800915, -0.0129454, 0.0344107, 0.999182
5.2902, 5.30366, 0.801982, 0.0116413, -0.0348932, -0.999149
5.28985, 5.30517, 0.79955, -0.0110943, 0.0330967, 0.999221
5.29047, 5.30378, 0.797424, -0.0144074, 0.0306718, 0.999319
5.29091, 5.30384, 0.800734, 0.0134807, -0.0294197, -0.999252
5.29097, 5.30478, 0.798979, -0.013962, 0.0305205, 0.999299
5.28997, 5.3045, 0.795758, -0.0105674, 0.0293921, 0.999322
5.28999, 5.30414, 0.795884, 0.0103594, -0.0276715, -0.999397
5.28965, 5.30402, 0.79933, 0.0117382, -0.0332521, -0.999227
5.29046, 5.30381, 0.799135, 0.0144753, -0.0349252, -0.999139
5.29073, 5.30345, 0.791846, 0.00918084, -0.0330486, -0.999237
5.28931, 5.30378, 0.801348, -0.00968489, 0.0340914, 0.99924
5.28938, 5.30325, 0.798436, 0.0105605, -0.0305646, -0.999312
5.2909, 5.30385, 0.795414, -0.0149165, 0.0308398, 0.999274
5.29005, 5.30458, 0.797139, -0.0123651, 0.0354076, 0.999174
5.28999, 5.3053, 0.799416, 0.0117511, -0.0300648, -0.999307
5.28979, 5.30555, 0.801193, 0.0117116, -0.0365712, -0.999137
5.28969, 5.30513, 0.801136, -0.00954407, 0.0309072, 0.999296
5.29024, 5.30468, 0.796356, -0.0118639, 0.0310216, 0.999303
5.28931, 5.3048, 0.806247, -0.0107389, 0.0361666, 0.999167
5.28894, 5.30489, 0.803496, 0.00796244, -0.0329501, -0.999307
