5.42252, 5.8433, 0.421576, 0.0261837, 0.999298, -0.0210721
5.42079, 5.84671, 0.425269, -0.0263233, -0.998948, 0.0295847
5.4213, 5.84359, 0.422707, 0.0280759, 0.998962, -0.0256042
5.42193, 5.85151, 0.42226, -0.0278098, -0.998905, 0.032349
5.42276, 5.84604, 0.422562, 0.0234064, 0.998818, -0.0318926
5.4216, 5.84932, 0.421986, 0.02746, 0.999003, -0.0271957
5.42112, 5.84326, 0.425742, -0.0294814, -0.998754, 0.0308593
5.42197, 5.847, 0.424381, -0.0269564, -0.999116, 0.0277947
5.42163, 5.84088, 0.427205, 0.0307655, 0.998762, -0.0262047
5.42266, 5.84838, 0.424993, -0.0267073, -0.998399, 0.0434354
5.42131, 5.85335, 0.421113, -0.0319164, -0.99895, 0.0229365
5.42318, 5.85281, 0.420661, -0.0286328, -0.99882, 0.0317127
5.42117, 5.84519, 0.424638, 0.0240525, 0.999367, -0.0211531
5.4208, 5.85361, 0.421806, -0.0314138, -0.998755, 0.0320859
5.42246, 5.845, 0.422107, -0.0260923, -0.99922, 0.0241954
5.42151, 5.84286, 0.420263, 0.0300051, 0.998788, -0.0275348
5.41962, 5.84882, 0.426972, 0.03238, 0.999023, -0.0237898
5.42151, 5.84653, 0.422328, -0.0291516, -0.998824, 0.0297799
5.42211, 5.85342, 0.420533, -0.0334588, -0.998556, 0.0321014
5.42233, 5.86018, 0.422818, 0.0269786, 0.998473, -0.0424285
5.41996, 5.84319, 0.425961, 0.0231713, 0.999242, -0.0267369
5.42227, 5.85007, 0.421633, 0.0272364, 0.998973, -0.0301536
5.42124, 5.84312, 0.420071, 0.0268923, 0.998867, -0.0295069
5.42305, 5.84681, 0.420575, 0.0214565, 0.998852, -0.0338319
5.4232, 5.84542, 0.419043, 0.0300883, 0.998814, -0.0331687
5.42255, 5.8455, 0.423305, -0.0253686, -0.999091, 0.031926
5.42054, 5.84295, 0.423578, 0.020005, 0.999606, -0.0126641
5.42157, 5.84783, 0.424588, -0.0294862, -0.998987, 0.0252144
5.42073, 5.84343, 0.425421, 0.0238709, 0.999214, -0.0268589
5.42133, 5.83922, 0.421888, -0.0250407, -0.999415, 0.0147312
5.42309, 5.83981, 0.426243, 0.0253344, 0.999233, -0.0251077
5.42085, 5.84148, 0.424956, -0.0286677, -0.999049, 0.0263364
5.42231, 5.84307, 0.422229, 0.0291223, 0.999111, -0.0276694
5.42114, 5.84818, 0.42387, -0.02696, -0.998847, 0.0347148
5.42257, 5.85055, 0.425675, -0.027469, -0.999261, 0.0211693
5.42283, 5.84396, 0.423238, -0.0225415, -0.998858, 0.0340006
5.4227, 5.8423, 0.421051, 0.0243119, 0.999107, -0.0298444
5.419, 5.84886, 0.425255, 0.026844, 0.999028, -0.0295517
5.42276, 5.85259, 0.422935, -0.029785, -0.998731, 0.0336983
5.42383, 5.84865, 0.421116, -0.0228562, -0.99945, 0.0160282
5.42237, 5.84261, 0.424049, 0.0249884, 0.998698, -0.0356907
5.4233, 5.84369, 0.421864, -0.0301034, -0.999196, 0.0216356
5.42232, 5.84452, 0.422773, -0.0279249, -0.999201, 0.0255995
5.42286, 5.85553, 0.42223, -0.0232961, -0.99895, 0.0359051
5.42147, 5.85701, 0.426056, -0.0239196, -0.999348, 0.0221364
5.42175, 5.84622, 0.421203, 0.0208348, 0.999373, -0.0211908
5.42134, 5.84872, 0.426927, 0.0257846, 0.998879, -0.0321047
5.42156, 5.84783, 0.426796, -0.0291503, -0.998877, 0.0304791
5.42102, 5.84691, 0.422172, 0.0251728, 0.999195, -0.0198697
5.42183, 5.85181, 0.421596, -0.0311568, -0.998426, 0.0388913
5.42445, 5.85343, 0.417901, 0.0256269, 0.998939, -0.0318337
5.42128, 5.84651, 0.424038, -0.0295581, -0.998777, 0.031561
5.42069, 5.85311, 0.423012, -0.0283693, -0.99937, 0.0156244
5.42203, 5.8546, 0.424368, -0.0368946, -0.998087, 0.0421272
5.42249, 5.84124, 0.424999, -0.0254296, -0.998974, 0.0321897
5.42208, 5.85531, 0.42167, -0.0263695, -0.99917, 0.0255545
5.42159, 5.84318, 0.426965, -0.0301377, -0.998451, 0.0396096
5.42311, 5.84734, 0.420153, -0.0240797, -0.999333, 0.0247733
5.42138, 5.84009, 0.421926, 0.023857, 0.999212, -0.0101235
5.42236, 5.84361, 0.423119, -0.0273529, -0.998882, 0.0300296
5.42271, 5.84062, 0.418974, -0.0257043, -0.999426, 0.0138436
5.42164, 5.83837, 0.422327, 0.0229167, 0.99947, -0.0184044
5.42122, 5.84485, 0.426306, 0.026109, 0.998718, -0.0374525
5.42273, 5.85327, 0.424398, 0.0206716, 0.998922, -0.03271
5.42191, 5.84447, 0.422522, -0.0263611, -0.998851, 0.0356247
5.42167, 5.84657, 0.420196, 0.0285153, 0.99876, -0.0293614
5.42186, 5.84805, 0.425334, -0.0271232, -0.998826, 0.0304683
5.42114, 5.83904, 0.422735, -0.0296704, -0.999235, 0.0162071
5.42076, 5.85181, 0.42751, 0.0231102, 0.998793, -0.0338546
5.42201, 5.83859, 0.422403, 0.0257043, 0.999288, -0.024814
5.42306, 5.84637, 0.420897, 0.0287875, 0.998999, -0.0247684
5.42275, 5.84379, 0.421843, -0.0305992, -0.998991, 0.0259895
5.42146, 5.84174, 0.420124, -0.0274519, -0.999144, 0.0264955
5.42143, 5.845, 0.423594, -0.0263193, -0.998942, 0.0307352
5.42287, 5.84304, 0.422802, 0.0270554, 0.998771, -0.0362696
5.4223, 5.85372, 0.423644, 0.0240248, 0.999154, -0.0260405
5.42105, 5.84709, 0.423112, 0.0236983, 0.999182, -0.0260541
5.42086, 5.85307, 0.422974, 0.0284769, 0.999196, -0.0244436
5.42288, 5.8505, 0.421773, -0.0235804, -0.999195, 0.0294567
5.42285, 5.84406, 0.421917, -0.0252362, -0.999282, 0.022799
5.42145, 5.84993, 0.420122, 0.0215611, 0.999427, -0.0214583
5.42294, 5.84296, 0.421409, 0.0282107, 0.999028, -0.0268204
5.42259, 5.83664, 0.421494, 0.0290638, 0.998983, -0.014522
5.42253, 5.85036, 0.424629, -0.0280107, -0.998855, 0.0319243
5.42061, 5.84892, 0.425206, 0.0318989, 0.998687, -0.0321641
5.42135, 5.84803, 0.42692, 0.0307313, 0.998666, -0.0362164
5.42211, 5.8561, 0.423521, 0.0300478, 0.99889, -0.0262503
5.42273, 5.8421, 0.422675, 0.0336303, 0.998617, -0.0307349
5.42268, 5.84496, 0.421364, -0.0243221, -0.998948, 0.0298123
5.42218, 5.84949, 0.422208, 0.0310528, 0.999048, -0.0239128
5.42194, 5.84798, 0.422475, 0.0268749, 0.998954, -0.0325215
5.42162, 5.83977, 0.42162, 0.0297884, 0.998851, -0.0332947
5.42407, 5.85463, 0.420268, 0.0248234, 0.998724, -0.0324183
5.42218, 5.84937, 0.422829, 0.0264914, 0.999208, -0.0275635
5.42261, 5.84255, 0.421785, -0.0246032, -0.999214, 0.0241586
5.42186, 5.85406, 0.421087, -0.0252062, -0.999282, 0.0218121
5.42282, 5.8496, 0.422287, 0.0229454, 0.999234, -0.0230678
5.42105, 5.84661, 0.423484, 0.0269635, 0.999135, -0.0246111
5.42013, 5.85373, 0.420303, -0.0301993, -0.999146, 0.0256803
5.42087, 5.84984, 0.420697, 0.0232761, 0.999186, -0.0226607
5.42196, 5.84462, 0.422598, 0.032323, 0.998519, -0.0315591
5.42106, 5.85699, 0.426963, 0.0241117, 0.999192, -0.0300085
5.42024, 5.85034, 0.423803, -0.0310969, -0.998409, 0.0372329
5.42291, 5.84754, 0.421077, 0.0251958, 0.999061, -0.022252
5.42181, 5.8429, 0.421199, 0.0270753, 0.99899, -0.0306236
5.42001, 5.84494, 0.42322, 0.0244293, 0.99879, -0.0316716
5.42429, 5.86047, 0.423577, -0.0302744, -0.998537, 0.0399143
5.42293, 5.84085, 0.420864, -0.0284228, -0.999332, 0.0205974
5.42244, 5.84407, 0.421981, -0.0264513, -0.999322, 0.0210994
5.42297, 5.84494, 0.42293, -0.0274052, -0.999111, 0.029015
5.4222, 5.8485, 0.420774, -0.0286426, -0.998542, 0.036227
5.42225, 5.84485, 0.421111, -0.0267608, -0.998603, 0.0302074
5.42108, 5.84364, 0.420215, -0.0258015, -0.998639, 0.0284093
5.42405, 5.85246, 0.419147, -0.0194512, -0.998728, 0.0383228
5.42046, 5.84579, 0.422313, -0.0247855, -0.999161, 0.0251743
5.42175, 5.84483, 0.42522, 0.0187653, 0.998936, -0.035921
5.42226, 5.84531, 0.424533, -0.0285273, -0.998866, 0.0351798
5.42189, 5.84482, 0.421554, 0.0298235, 0.999019, -0.0269417
5.42192, 5.8465, 0.425002, -0.031544, -0.99904, 0.0253406
5.42215, 5.84919, 0.423464, -0.024518, -0.99905, 0.0306397
5.42158, 5.84531, 0.42373, 0.0250853, 0.999053, -0.0244692
5.42127, 5.84961, 0.421323, -0.0313218, -0.999256, 0.016252
5.42184, 5.84303, 0.422849, -0.0237165, -0.99931, 0.0232827
5.42149, 5.84573, 0.421615, 0.0296552, 0.999279, -0.0192461
5.42143, 5.85255, 0.421614, 0.0288177, 0.999093, -0.027291
5.42271, 5.84924, 0.42488, 0.0239489, 0.998871, -0.03434
5.42056, 5.84203, 0.423065, -0.0269296, -0.998795, 0.0321777
5.42177, 5.84008, 0.422232, 0.0333408, 0.998971, -0.025537
5.42259, 5.85232, 0.423153, -0.0297045, -0.998723, 0.0350248
5.42334, 5.84833, 0.422969, 0.0320885, 0.998638, -0.0351822
5.42169, 5.84526, 0.421577, -0.0261975, -0.999009, 0.0266846
5.42213, 5.84461, 0.420582, -0.0315253, -0.998635, 0.0378193
5.42152, 5.8379, 0.423605, -0.0277572, -0.99903, 0.0273121
5.42379, 5.85112, 0.422184, 0.028878, 0.998672, -0.033245
5.42228, 5.84365, 0.422786, -0.0305013, -0.998522, 0.0347833
5.42211, 5.85387, 0.422979, 0.0268677, 0.998573, -0.0410114
5.42051, 5.84221, 0.424201, 0.0208582, 0.999493, -0.0125562
5.4215, 5.83958, 0.419993, 0.0287564, 0.998669, -0.0361394
5.42146, 5.83929, 0.421263, 0.0277474, 0.99932, -0.0188377
5.42204, 5.83789, 0.420158, -0.027962, -0.999162, 0.0267148
5.42314, 5.84817, 0.418802, 0.0233502, 0.998478, -0.042096
5.42111, 5.85185, 0.425541, -0.0283879, -0.998605, 0.0372747
5.42019, 5.846, 0.423292, -0.0296445, -0.998925, 0.027982
5.42272, 5.84115, 0.422003, 0.0217024, 0.998708, -0.03921
5.42232, 5.84158, 0.425674, 0.0321808, 0.998979, -0.0267847
5.42312, 5.83011, 0.424186, 0.0198413, 0.999159, -0.0279915
5.42112, 5.84226, 0.420567, 0.022848, 0.999301, -0.0245943
5.42238, 5.84418, 0.419781, -0.0209556, -0.999411, 0.0219978
5.42287, 5.84742, 0.422524, -0.0319505, -0.998767, 0.0329489
5.42057, 5.8389, 0.422272, -0.0281893, -0.999262, 0.00815184
5.4208, 5.84671, 0.420781, 0.0283146, 0.999118, -0.0258285
5.42034, 5.84215, 0.421466, 0.0283432, 0.999273, -0.0191767
5.42207, 5.83667, 0.425578, 0.0183072, 0.999189, -0.0272863
5.42091, 5.85671, 0.422729, 0.027229, 0.999139, -0.0271881
5.42132, 5.85104, 0.423513, 0.0281086, 0.998103, -0.0479033
5.4217, 5.84304, 0.421475, 0.0272214, 0.999135, -0.023431
5.42249, 5.85257, 0.423696, -0.0266383, -0.999161, 0.0272639
5.42254, 5.84528, 0.420653, 0.0250858, 0.999218, -0.0217214
5.42208, 5.85567, 0.422518, -0.0333459, -0.99863, 0.0338894
5.42087, 5.84436, 0.423023, 0.0263699, 0.99863, -0.0378779
5.42303, 5.84324, 0.421077, 0.0291335, 0.998987, -0.0237484
5.42103, 5.84711, 0.425672, 0.0278483, 0.998526, -0.0385109
5.42246, 5.83952, 0.423321, 0.0318221, 0.998702, -0.0327547
5.42294, 5.85737, 0.421754, 0.0285188, 0.99891, -0.0316869
5.42162, 5.83789, 0.427171, 0.025815, 0.999349, -0.0217502
5.42216, 5.84174, 0.424102, -0.0290118, -0.998718, 0.034659
5.42008, 5.83943, 0.422796, -0.0270871, -0.99913, 0.0256817
5.42313, 5.84561, 0.422468, 0.0308876, 0.99883, -0.03057
5.42278, 5.84683, 0.42092, 0.0217936, 0.999, -0.0210958
5.42128, 5.8434, 0.418686, 0.0263649, 0.999211, -0.0211069
5.4223, 5.84263, 0.423888, -0.0219434, -0.999147, 0.0303231
5.42254, 5.8626, 0.420129, 0.0257651, 0.999062, -0.029292
5.4218, 5.85127, 0.42172, 0.0276704, 0.998781, -0.035596
5.42312, 5.85182, 0.419583, 0.0284216, 0.998632, -0.0342375
5.42338, 5.83975, 0.421979, -0.0267584, -0.999158, 0.0264344
5.42148, 5.85576, 0.42194, 0.0320936, 0.998732, -0.0298033
5.42254, 5.84797, 0.419294, 0.0203774, 0.999075, -0.0268224
5.42215, 5.84217, 0.420784, -0.0235297, -0.99925, 0.0240818
5.42194, 5.84609, 0.422118, -0.0280794, -0.999078, 0.028901
5.42191, 5.84976, 0.421395, -0.0319055, -0.998532, 0.0383993
5.42272, 5.84953, 0.421292, 0.0283107, 0.998994, -0.0274636
5.42285, 5.83346, 0.421199, -0.0260679, -0.999003, 0.022494
5.42286, 5.84201, 0.422599, 0.0269274, 0.999074, -0.0300039
5.42142, 5.85304, 0.427111, -0.0311512, -0.998295, 0.0424597
5.42291, 5.85409, 0.421231, -0.0234719, -0.998774, 0.0403774
5.42241, 5.85621, 0.424153, 0.0251329, 0.999006, -0.0289485
5.42242, 5.84463, 0.42055, 0.0279596, 0.999228, -0.0182242
5.42219, 5.84387, 0.421445, 0.0226769, 0.999324, -0.0185275
5.42224, 5.83958, 0.423029, -0.0257656, -0.99927, 0.026093
5.4227, 5.84684, 0.42111, -0.0188835, -0.999378, 0.0274585
5.42286, 5.83977, 0.422781, -0.0294424, -0.998525, 0.039918
5.42084, 5.83826, 0.423329, 0.029996, 0.999048, -0.0266828
5.42215, 5.84262, 0.419938, 0.0272769, 0.999083, -0.0244598
5.42203, 5.84156, 0.426066, 0.0248286, 0.999363, -0.0192794
5.42167, 5.84368, 0.420397, 0.024616, 0.999277, -0.0219064
5.42199, 5.85082, 0.421411, -0.0315636, -0.998539, 0.0369109
5.42288, 5.85262, 0.421386, 0.0247239, 0.999084, -0.0255781
5.42148, 5.83946, 0.423627, -0.0287351, -0.999165, 0.0239957
5.42338, 5.86379, 0.418146, 0.0318554, 0.998253, -0.0387239
5.42167, 5.84234, 0.421941, -0.0287784, -0.998731, 0.0363503
5.42109, 5.84921, 0.423234, -0.0222021, -0.998992, 0.0309821
5.42145, 5.84305, 0.420547, 0.0292234, 0.998993, -0.0271291
5.42213, 5.84483, 0.419947, 0.0259531, 0.998806, -0.0311347
5.4219, 5.8415, 0.42549, -0.0276744, -0.999137, 0.0257791
5.42085, 5.84325, 0.42319, 0.0244117, 0.999173, -0.0276992
5.42218, 5.85205, 0.420848, -0.03088, -0.99893, 0.0285452
5.42319, 5.84972, 0.419526, 0.0236494, 0.999227, -0.0243205
5.4228, 5.84183, 0.420768, 0.0258724, 0.99921, -0.0214015
5.42157, 5.84272, 0.425807, 0.0264202, 0.999248, -0.0249893
5.42437, 5.84426, 0.422633, 0.0188997, 0.999046, -0.0334057
5.42222, 5.83676, 0.422721, 0.0291058, 0.999037, -0.0269688
5.42052, 5.8455, 0.425178, -0.0272152, -0.999227, 0.0206964
5.42148, 5.8474, 0.423824, -0.0264227, -0.998793, 0.0357916
5.42224, 5.84933, 0.42397, 0.0290517, 0.998322, -0.0432706
5.42372, 5.83892, 0.418622, -0.0254074, -0.998807, 0.0245425
5.42314, 5.84631, 0.422297, 0.0276039, 0.998927, -0.0307844
5.42273, 5.84932, 0.423993, -0.0261903, -0.998587, 0.0370548
5.42295, 5.84268, 0.422135, -0.0198907, -0.999018, 0.0333301
5.422, 5.84826, 0.424585, -0.0360406, -0.998437, 0.0369333
5.42292, 5.84416, 0.422551, -0.0268086, -0.998907, 0.0309001
5.42083, 5.83794, 0.423938, -0.0231832, -0.999271, 0.0237529
5.42288, 5.85422, 0.423999, -0.0315017, -0.998618, 0.0348922
5.42347, 5.84295, 0.421205, -0.0292804, -0.998663, 0.0376411
5.42201, 5.84349, 0.420346, -0.0274306, -0.999183, 0.0236455
5.42236, 5.84721, 0.424088, -0.0265627, -0.998772, 0.0354246
5.42241, 5.84606, 0.419357, 0.0262913, 0.998989, -0.0236259
5.42321, 5.85342, 0.421725, -0.0285285, -0.998908, 0.030498
5.42283, 5.84837, 0.420725, -0.0197517, -0.998932, 0.0323564
5.42236, 5.84556, 0.420963, 0.0265473, 0.999016, -0.0310562
5.42205, 5.84201, 0.419938, 0.0254528, 0.999357, -0.0119158
5.42235, 5.84681, 0.42266, -0.0253827, -0.999086, 0.0250343
5.42298, 5.84385, 0.4249, 0.0291706, 0.999155, -0.0264152
5.42121, 5.84281, 0.42219, 0.0297511, 0.999114, -0.0228995
5.42313, 5.85827, 0.424418, -0.0320177, -0.99843, 0.0398421
5.42171, 5.84649, 0.422678, -0.0218917, -0.99873, 0.0379248
5.42131, 5.84581, 0.42509, -0.027733, -0.999037, 0.0207934
5.42262, 5.84868, 0.42131, -0.0255633, -0.998968, 0.0298081
5.42148, 5.84014, 0.423083, -0.0267607, -0.999107, 0.0283007
5.42268, 5.85689, 0.42277, -0.0299819, -0.998739, 0.0335233
5.42256, 5.84039, 0.420706, 0.0266055, 0.999026, -0.0279776
5.42083, 5.84385, 0.424437, 0.0290712, 0.999019, -0.0292429
5.42192, 5.85271, 0.424157, -0.0264627, -0.999297, 0.0233509
5.42298, 5.84527, 0.420409, -0.0251623, -0.999308, 0.0200039
5.42207, 5.84658, 0.41954, 0.0341101, 0.998992, -0.0236957
5.42234, 5.84676, 0.424022, -0.029603, -0.999085, 0.027521
5.42217, 5.84855, 0.423598, -0.0245898, -0.998936, 0.0239673
5.42136, 5.84724, 0.423893, 0.0278163, 0.998884, -0.0319503
5.42131, 5.84223, 0.423828, 0.0252944, 0.998996, -0.0260431
5.42165, 5.83925, 0.424042, -0.0272064, -0.99916, 0.0282294
5.42215, 5.84233, 0.42155, 0.026256, 0.999168, -0.0260309
5.42282, 5.84524, 0.423473, -0.0287238, -0.999293, 0.0222352
5.42249, 5.84986, 0.426313, 0.0218756, 0.998869, -0.0337267
5.42306, 5.84532, 0.423804, 0.0296531, 0.999105, -0.0271479
5.42092, 5.8383, 0.420736, 0.0245262, 0.999268, -0.0234237
5.42235, 5.85269, 0.421976, 0.0265982, 0.998767, -0.0379321
5.42228, 5.85974, 0.425236, 0.0286712, 0.99899, -0.0259535
5.42258, 5.84052, 0.423308, 0.0255382, 0.998931, -0.0310592
5.42119, 5.84369, 0.424315, -0.026925, -0.999073, 0.0298856
5.42273, 5.8451, 0.424013, -0.0204384, -0.999209, 0.0297514
5.42241, 5.84793, 0.422491, 0.0235414, 0.999348, -0.0184587
5.42169, 5.84154, 0.42521, 0.0308384, 0.999039, -0.0197711
5.42269, 5.84654, 0.424558, -0.0274825, -0.998874, 0.0328487
5.42282, 5.84018, 0.423468, -0.0213502, -0.999288, 0.0264987
5.42143, 5.84747, 0.423543, 0.0277543, 0.998744, -0.035111
5.42195, 5.8403, 0.419136, 0.0236639, 0.999526, -0.0128399
5.42356, 5.85426, 0.4253, -0.0247996, -0.998425, 0.0430848
5.42126, 5.85356, 0.422379, 0.0266553, 0.999265, -0.0188747
5.42129, 5.84881, 0.420065, 0.026642, 0.999129, -0.0235094
5.42193, 5.85305, 0.417083, 0.0290855, 0.998946, -0.0219191
5.42142, 5.85013, 0.423307, -0.0219681, -0.998791, 0.0374077
5.42123, 5.85308, 0.420737, 0.0214438, 0.998983, -0.0328098
5.42068, 5.84353, 0.425831, -0.0283187, -0.999112, 0.0289274
5.4233, 5.84771, 0.424153, -0.0264887, -0.999015, 0.030304
5.42348, 5.84214, 0.421405, -0.0258081, -0.999127, 0.027999
5.42293, 5.85473, 0.423158, -0.0206408, -0.999148, 0.0270821
5.42215, 5.83578, 0.423213, -0.0258123, -0.999068, 0.0302133
5.42208, 5.84282, 0.424298, 0.0288074, 0.99904, -0.0296756
5.42152, 5.84071, 0.423583, 0.0245365, 0.999172, -0.023685
5.42047, 5.83737, 0.423629, 0.0246216, 0.999131, -0.0290118
5.42141, 5.8435, 0.421104, 0.0266141, 0.999051, -0.0287219
5.4216, 5.85121, 0.423257, 0.0294951, 0.99906, -0.0265257
5.42122, 5.83906, 0.422466, -0.0236412, -0.999269, 0.0235426
5.42206, 5.84826, 0.425388, 0.0288634, 0.999065, -0.0259808
5.42124, 5.849, 0.423409, 0.0296297, 0.998402, -0.0390069
5.4224, 5.84219, 0.424365, 0.0244789, 0.99935, -0.0201745
5.42092, 5.84164, 0.423335, -0.0273576, -0.999149, 0.0248525
5.42263, 5.84822, 0.422355, 0.0267207, 0.9992, -0.0243394
5.4215, 5.84588, 0.425719, 0.0250122, 0.999285, -0.0219595
5.42161, 5.83912, 0.420441, 0.0309356, 0.998801, -0.0312492
5.4231, 5.8504, 0.424162, 0.02821, 0.999094, -0.0291134
5.4215, 5.84868, 0.420642, 0.0302819, 0.998751, -0.0281023
5.42441, 5.84863, 0.422569, 0.0266509, 0.99897, -0.0292495
5.42221, 5.85004, 0.423234, -0.0295584, -0.998839, 0.0336105
5.42278, 5.84617, 0.42041, -0.0316305, -0.998904, 0.0241415
5.4211, 5.85688, 0.423847, 0.0263792, 0.999085, -0.0289205
5.4226, 5.83875, 0.421636, -0.0253894, -0.999298, 0.0234117
5.42311, 5.84904, 0.419618, -0.0279682, -0.999349, 0.0194575
5.42284, 5.84663, 0.419663, 0.0286781, 0.999116, -0.0249965
5.42159, 5.85136, 0.427886, -0.0302443, -0.998739, 0.0355082
5.42172, 5.84208, 0.42154, -0.027442, -0.99881, 0.0303814
5.42244, 5.83909, 0.419874, 0.0255831, 0.999222, -0.0152983
5.42236, 5.83555, 0.418805, 0.0269602, 0.998997, -0.0170812
5.42179, 5.84864, 0.419695, -0.02792, -0.998845, 0.0324319
5.42379, 5.84309, 0.420979, 0.0241625, 0.998912, -0.0311335
5.42163, 5.84585, 0.422112, -0.0311593, -0.998947, 0.0251027
5.42167, 5.84549, 0.421904, 0.0220131, 0.999447, -0.0232365
5.4233, 5.85053, 0.419792, 0.0250809, 0.999013, -0.0311146
5.42163, 5.84345, 0.421022, 0.0264402, 0.999278, -0.0197339
5.42045, 5.84234, 0.422149, -0.0276311, -0.99926, 0.0243583
5.42141, 5.84407, 0.422778, 0.030021, 0.998801, -0.0320024
5.42207, 5.8459, 0.41891, 0.0254382, 0.99885, -0.0289512
5.42201, 5.8452, 0.424063, -0.0260685, -0.99905, 0.0305103
5.42333, 5.84287, 0.422146, 0.0288627, 0.998783, -0.029382
5.4213, 5.84396, 0.423025, 0.0279407, 0.99926, -0.0215944
5.42235, 5.84868, 0.421917, -0.025116, -0.999012, 0.0262058
5.42177, 5.84301, 0.424786, 0.0252331, 0.998936, -0.0355662
5.42416, 5.83839, 0.419913, -0.0264374, -0.999188, 0.0245768
5.42093, 5.84328, 0.424469, -0.0282096, -0.998824, 0.0333843
5.42257, 5.85002, 0.422608, -0.0264254, -0.998945, 0.0324828
5.42114, 5.84267, 0.424509, -0.0302313, -0.999277, 0.0202949
5.42175, 5.84158, 0.423406, -0.0238498, -0.999203, 0.027705
5.42146, 5.84275, 0.426077, -0.0294707, -0.998694, 0.0357449
5.42169, 5.8523, 0.42535, 0.0344329, 0.998338, -0.0376015
5.42369, 5.84966, 0.422282, -0.0353749, -0.998619, 0.0308822
5.42182, 5.84242, 0.421845, 0.0289848, 0.998917, -0.0320231
5.42094, 5.84375, 0.423772, 0.0258949, 0.999073, -0.0281866
5.42153, 5.83643, 0.421994, 0.027967, 0.999111, -0.0239508
5.42304, 5.84251, 0.424106, 0.0278039, 0.999286, -0.0199477
5.42322, 5.8465, 0.421352, 0.0321853, 0.998634, -0.0317157
5.42164, 5.84229, 0.419748, -0.0273849, -0.999312, 0.0201454
5.42162, 5.85469, 0.42437, -0.0286256, -0.998749, 0.0364683
5.42201, 5.84875, 0.421194, -0.0294392, -0.998248, 0.0467016
5.42157, 5.83852, 0.423993, -0.0255466, -0.999389, 0.0208073
5.42088, 5.83999, 0.425386, 0.0283274, 0.999232, -0.0234895
5.42257, 5.84977, 0.419178, 0.0304683, 0.99925, -0.0144158
5.42384, 5.84342, 0.421755, -0.0220832, -0.998879, 0.0344186
5.42196, 5.83909, 0.42211, 0.0277253, 0.998833, -0.0352978
5.42181, 5.85122, 0.419955, -0.0274494, -0.99879, 0.0313858
5.42258, 5.84695, 0.418373, -0.0253267, -0.999333, 0.0192918
5.42088, 5.84328, 0.423135, 0.0298568, 0.998916, -0.0292939
5.42146, 5.84057, 0.423401, -0.0245573, -0.998928, 0.033983
5.42102, 5.83941, 0.420954, -0.0210813, -0.999199, 0.0280873
5.42162, 5.85282, 0.420258, -0.027527, -0.999212, 0.0259185
5.42283, 5.84772, 0.420638, -0.0288659, -0.998793, 0.0325642
5.42135, 5.83955, 0.425104, 0.0295623, 0.999205, -0.0235702
5.42168, 5.84036, 0.424593, 0.0319592, 0.998997, -0.026852
5.42084, 5.83998, 0.422215, 0.0282295, 0.999232, -0.0231195
5.42411, 5.843, 0.420452, -0.0292316, -0.999031, 0.0257558
5.4237, 5.84233, 0.42281, 0.0224599, 0.999155, -0.0282316
5.42139, 5.83874, 0.419534, 0.0222382, 0.999308, -0.0136999
5.4212, 5.8417, 0.425285, -0.0300584, -0.999026, 0.021813
5.42163, 5.84053, 0.423647, 0.0259638, 0.999226, -0.0250641
5.42127, 5.84334, 0.424078, -0.0233051, -0.999465, 0.00507746
5.42201, 5.84285, 0.426345, -0.0248925, -0.999443, 0.0177488
5.42307, 5.84634, 0.420328, 0.0176083, 0.999325, -0.0273522
5.421, 5.84511, 0.424823, -0.0281475, -0.99898, 0.0316279
5.42302, 5.84282, 0.424387, 0.0308828, 0.999017, -0.0273089
5.42275, 5.84975, 0.418858, -0.0272617, -0.998885, 0.0304685
5.42126, 5.8511, 0.422036, -0.030589, -0.998773, 0.0334712
5.42239, 5.83866, 0.425194, 0.0291801, 0.999225, -0.0220556
5.4217, 5.84807, 0.420847, 0.0280663, 0.999194, -0.0187689
5.42285, 5.84787, 0.423736, -0.0332913, -0.998624, 0.0342602
5.4201, 5.84399, 0.42323, -0.0288191, -0.998876, 0.0252741
5.42134, 5.84191, 0.421029, 0.0291051, 0.999067, -0.0229249
5.42131, 5.85416, 0.421689, 0.0242494, 0.999087, -0.0300677
5.42077, 5.84163, 0.428386, 0.0286292, 0.998834, -0.0320878
5.42257, 5.85501, 0.420772, -0.015606, -0.99891, 0.0321538
5.42304, 5.85227, 0.424, -0.0330699, -0.998878, 0.0290301
5.42312, 5.84724, 0.42154, -0.0334376, -0.99888, 0.0290395
5.423, 5.85028, 0.423597, 0.0239881, 0.99907, -0.0303903
5.422, 5.85332, 0.423797, -0.0259916, -0.998854, 0.0344288
5.42266, 5.84015, 0.422081, -0.0277691, -0.998735, 0.0349209
5.42172, 5.84054, 0.422034, -0.0199692, -0.999361, 0.0248717
5.42297, 5.8459, 0.417833, 0.0219429, 0.999365, -0.0193792
5.42144, 5.85274, 0.421732, -0.0281921, -0.999258, 0.02206
5.42256, 5.84293, 0.426982, 0.0306872, 0.998983, -0.0290147
5.42163, 5.85144, 0.421145, -0.0287174, -0.999141, 0.0227951
5.42223, 5.85492, 0.4191, -0.028218, -0.999093, 0.0238686
5.42232, 5.85325, 0.421237, -0.0276217, -0.998965, 0.0276173
5.42253, 5.85004, 0.423107, -0.023878, -0.99872, 0.0353507
5.42115, 5.84969, 0.422499, 0.0271181, 0.998861, -0.0324504
5.42222, 5.84911, 0.422793, 0.0244739, 0.999189, -0.0288994
5.42294, 5.84151, 0.421422, 0.021406, 0.999156, -0.0296671
5.42214, 5.85275, 0.420824, 0.0225856, 0.999328, -0.0242262
5.42266, 5.85625, 0.419978, 0.0240339, 0.997909, -0.0503837
5.41982, 5.84234, 0.426544, 0.0256742, 0.999354, -0.0202915
5.42267, 5.84855, 0.424415, 0.029719, 0.998974, -0.0269376
5.42205, 5.84662, 0.422841, -0.0265774, -0.998762, 0.0345254
5.42317, 5.84984, 0.421327, 0.0258513, 0.998946, -0.0333159
5.42338, 5.84566, 0.420123, -0.0269674, -0.998823, 0.032265
5.42145, 5.83701, 0.423993, -0.0280285, -0.999108, 0.0266029
5.42059, 5.85725, 0.423575, -0.0265133, -0.999164, 0.0265973
5.421, 5.85143, 0.423821, -0.0220601, -0.998884, 0.032753
5.42064, 5.83999, 0.425326, 0.0281649, 0.998997, -0.0275853
5.42034, 5.84126, 0.425275, 0.0270457, 0.998898, -0.0353145
5.4209, 5.84003, 0.4277, 0.0252794, 0.999264, -0.0224427
5.42054, 5.84972, 0.425002, 0.0300823, 0.998634, -0.0355935
5.42093, 5.84453, 0.422965, 0.0292123, 0.999193, -0.0203371
5.42114, 5.84183, 0.425244, -0.0249695, -0.999024, 0.0295445
5.42161, 5.8502, 0.421696, 0.0226517, 0.998898, -0.0331997
5.42165, 5.84616, 0.424972, 0.0273892, 0.998856, -0.0202281
5.4222, 5.83862, 0.418828, -0.0271015, -0.998701, 0.0291083
5.42041, 5.84431, 0.426227, -0.0257346, -0.998811, 0.032452
5.42052, 5.84434, 0.421346, 0.0305092, 0.998762, -0.0346396
5.42113, 5.84668, 0.42742, 0.0306482, 0.998723, -0.0324732
5.42229, 5.86419, 0.42382, 0.0309698, 0.998326, -0.0457518
5.42077, 5.85136, 0.423521, 0.0277789, 0.999074, -0.0194192
5.42216, 5.85017, 0.424452, -0.0335429, -0.998421, 0.0380917
5.42027, 5.85273, 0.430204, 0.0344265, 0.998786, -0.0316753
5.42244, 5.84251, 0.425037, -0.0298296, -0.999007, 0.0283743
5.42337, 5.85194, 0.420484, 0.0270061, 0.998957, -0.0270269
5.42247, 5.86103, 0.42054, -0.0293408, -0.999008, 0.0256809
5.4216, 5.84998, 0.422962, 0.0263267, 0.998722, -0.036966
5.42104, 5.84678, 0.42487, -0.025675, -0.999307, 0.0246825
5.42224, 5.84407, 0.423005, 0.0309652, 0.998818, -0.0304469
5.42059, 5.84801, 0.424011, -0.0275534, -0.999028, 0.0234474
5.42148, 5.84271, 0.423201, 0.0331062, 0.99864, -0.0309038
5.42184, 5.84111, 0.421027, 0.0279631, 0.99923, -0.0212597
5.42109, 5.85223, 0.418821, 0.0255658, 0.999128, -0.0215155
5.42109, 5.85596, 0.423163, -0.0267249, -0.998873, 0.0334158
5.42116, 5.84329, 0.423104, 0.0275075, 0.999103, -0.0244503
5.42212, 5.85469, 0.423175, 0.0243886, 0.999257, -0.0238933
5.4199, 5.83803, 0.423573, 0.0272315, 0.999001, -0.021496
5.42185, 5.84593, 0.423162, -0.029356, -0.998677, 0.0319994
5.42319, 5.84618, 0.418866, -0.0263908, -0.999001, 0.0295156
5.42391, 5.85255, 0.424379, 0.0299493, 0.998709, -0.0357928
5.42335, 5.86333, 0.420485, 0.0274686, 0.998285, -0.0435362
5.42141, 5.85615, 0.425975, -0.0226164, -0.998941, 0.0351452
5.42244, 5.85329, 0.423076, 0.0295992, 0.998711, -0.0342524
5.42155, 5.84995, 0.424698, 0.0258935, 0.998971, -0.0304869
5.42173, 5.84824, 0.422437, -0.0257936, -0.999147, 0.0274413
5.4203, 5.84237, 0.42296, 0.0279611, 0.999183, -0.0164307
5.42141, 5.84253, 0.421454, -0.0247912, -0.999362, 0.0129172
5.42234, 5.8562, 0.421644, -0.0317752, -0.999022, 0.0249439
5.424, 5.85236, 0.423265, 0.0246261, 0.998689, -0.0335292
5.4235, 5.84834, 0.422194, 0.0265014, 0.999012, -0.0265725
5.42028, 5.8413, 0.424992, -0.0255441, -0.999381, 0.0182846
5.42199, 5.85622, 0.422954, 0.0332112, 0.998549, -0.0366126
5.42193, 5.84995, 0.423317, -0.0258926, -0.999183, 0.0272885
5.42266, 5.84954, 0.425067, -0.0342215, -0.998966, 0.0242622
5.4206, 5.84311, 0.428201, -0.0241373, -0.999206, 0.0264277
5.42266, 5.84705, 0.425044, -0.0239778, -0.998923, 0.0293962
5.42232, 5.84285, 0.424733, -0.0274668, -0.998361, 0.0419911
5.4222, 5.86081, 0.4246, 0.0307183, 0.998365, -0.035659
5.42097, 5.84936, 0.425102, 0.0276564, 0.999347, -0.00931859
5.42283, 5.84575, 0.425116, -0.0253211, -0.998918, 0.0332546
5.42233, 5.84116, 0.425784, -0.0290108, -0.999104, 0.0296574
5.42334, 5.84797, 0.424425, 0.0272273, 0.998674, -0.0398823
5.42326, 5.85419, 0.424013, -0.031621, -0.998383, 0.0376269
5.42199, 5.84237, 0.423395, -0.0254508, -0.998945, 0.0324027
5.42181, 5.84511, 0.418762, -0.0277248, -0.998997, 0.0246775
5.42314, 5.84643, 0.424148, -0.0303856, -0.998665, 0.0330373
5.42185, 5.85587, 0.425157, 0.0269423, 0.998848, -0.0304332
5.42151, 5.83921, 0.426529, 0.0265947, 0.99915, -0.0288316
5.42226, 5.83957, 0.421244, 0.0268752, 0.999031, -0.0304491
5.42158, 5.84377, 0.422588, 0.0225959, 0.999143, -0.0267492
5.4225, 5.84452, 0.418022, 0.0256985, 0.999054, -0.0261583
5.42017, 5.85535, 0.423456, 0.0316785, 0.998244, -0.0457468
5.42106, 5.84659, 0.424783, 0.0314289, 0.999127, -0.0218964
5.4229, 5.84253, 0.423259, 0.0278865, 0.998963, -0.0300768
5.42075, 5.84777, 0.425771, 0.0289432, 0.999167, -0.023073
5.42162, 5.84553, 0.42307, 0.0260548, 0.99924, -0.0244697
5.42241, 5.84576, 0.422262, -0.0315902, -0.998543, 0.0329713
5.42284, 5.85302, 0.42313, -0.0220822, -0.99908, 0.0309173
5.42256, 5.85001, 0.424159, 0.0329535, 0.998965, -0.0252874
5.42146, 5.85043, 0.422881, 0.0245908, 0.999132, -0.024654
5.42153, 5.84598, 0.421799, 0.0275199, 0.999133, -0.0268313
5.42198, 5.84962, 0.421453, 0.0235676, 0.999227, -0.022091
5.42228, 5.85032, 0.425685, 0.033073, 0.998569, -0.0387013
5.42316, 5.85038, 0.423422, -0.0210905, -0.99817, 0.0493393
5.42282, 5.85059, 0.422478, -0.0226577, -0.99918, 0.0240323
5.42194, 5.8437, 0.421371, 0.0267338, 0.99886, -0.0284215
5.42287, 5.84241, 0.422189, 0.025382, 0.998986, -0.0285066
5.42169, 5.84074, 0.422553, 0.0248395, 0.999318, -0.0222121
5.42159, 5.84373, 0.421229, 0.0325367, 0.998982, -0.0213918
5.42221, 5.85902, 0.420574, 0.0325096, 0.998752, -0.0305721
5.42239, 5.84429, 0.42361, 0.0275344, 0.998882, -0.0317025
5.42221, 5.85636, 0.422852, -0.0303622, -0.998869, 0.0243511
5.42324, 5.8514, 0.423535, -0.0264966, -0.999117, 0.0263954
5.42226, 5.84436, 0.420555, 0.0255924, 0.999066, -0.0261295
5.42185, 5.8624, 0.4256, -0.0253999, -0.998866, 0.0361687
5.42126, 5.8392, 0.421831, -0.0288914, -0.999193, 0.0214948
5.42155, 5.84455, 0.423143, -0.0276527, -0.999129, 0.0242505
5.42125, 5.84276, 0.424562, 0.0287578, 0.998492, -0.0417311
5.42094, 5.85368, 0.426514, 0.0252636, 0.998722, -0.0368751
5.42088, 5.85488, 0.42234, -0.0260193, -0.998893, 0.0322455
5.42075, 5.84073, 0.42204, -0.0279831, -0.999283, 0.0174295
5.42238, 5.84724, 0.423129, -0.0312037, -0.998386, 0.038424
5.42189, 5.84509, 0.423956, -0.0303329, -0.998852, 0.0301153
5.42061, 5.84751, 0.421473, 0.0206747, 0.99918, -0.0291606
5.42215, 5.84707, 0.423858, 0.0240935, 0.998708, -0.0362367
5.42321, 5.84116, 0.420965, -0.0342631, -0.998639, 0.0318487
5.42218, 5.84255, 0.424281, 0.0241837, 0.999282, -0.02594
5.42154, 5.85364, 0.425405, 0.0308324, 0.999095, -0.0232776
5.42338, 5.85133, 0.422695, 0.0294326, 0.998995, -0.0278383
5.42232, 5.85099, 0.420844, 0.0284575, 0.998816, -0.0332925
5.42247, 5.84404, 0.421591, 0.0274725, 0.998749, -0.0377135
5.42141, 5.84945, 0.42314, -0.0269809, -0.999238, 0.024896
5.42209, 5.84621, 0.420755, 0.0305781, 0.998971, -0.0209642
5.42089, 5.83958, 0.426679, 0.0261334, 0.999238, -0.0233252
5.42232, 5.8468, 0.421026, 0.0351488, 0.998615, -0.0302
5.42227, 5.84502, 0.423415, 0.0282415, 0.998752, -0.032662
5.42226, 5.85004, 0.419553, 0.0266397, 0.999147, -0.0239872
5.4224, 5.8505, 0.424476, -0.025203, -0.998735, 0.0350311
5.41993, 5.8441, 0.427007, -0.0305462, -0.998871, 0.0289314
5.42191, 5.84339, 0.423418, 0.0239546, 0.998926, -0.0356901
5.42142, 5.85331, 0.423697, -0.0278082, -0.998994, 0.0294013
5.42019, 5.84494, 0.423926, 0.0173415, 0.999266, -0.0234491
5.42303, 5.84573, 0.421945, 0.0261563, 0.998948, -0.0325474
5.41914, 5.83019, 0.425503, -0.0236686, -0.999586, 0.0103017
5.42117, 5.84834, 0.421253, -0.0342354, -0.998549, 0.0333791
5.42156, 5.85402, 0.423586, 0.0289289, 0.998539, -0.0381786
5.42223, 5.85422, 0.419778, -0.0285564, -0.999067, 0.0248765
5.42423, 5.85232, 0.42428, -0.0292667, -0.998712, 0.0322107
5.4238, 5.85025, 0.420542, -0.0274606, -0.999266, 0.0169123
5.42133, 5.84673, 0.423637, 0.0281674, 0.998815, -0.0348093
5.42205, 5.8589, 0.420056, 0.0259697, 0.998474, -0.0413577
5.42136, 5.84196, 0.424647, -0.0275102, -0.99907, 0.0253427
5.4217, 5.84443, 0.42417, 0.0265223, 0.999095, -0.0276676
5.42084, 5.85631, 0.425767, -0.0316619, -0.998373, 0.0433108
5.42337, 5.84054, 0.417645, -0.0221417, -0.999375, 0.0202324
5.42306, 5.85312, 0.426659, 0.0290995, 0.998262, -0.0449785
5.42278, 5.84387, 0.422457, -0.0269788, -0.999074, 0.0289569
5.4226, 5.84674, 0.425036, 0.0251988, 0.999139, -0.0271241
5.42259, 5.83956, 0.426487, -0.0253361, -0.999156, 0.0276712
5.42105, 5.84917, 0.424344, -0.0264096, -0.999218, 0.0257551
5.42162, 5.84032, 0.42314, -0.0231898, -0.999256, 0.0233433
5.42295, 5.84278, 0.422021, -0.0227114, -0.999476, 0.0196082
5.4227, 5.84563, 0.423748, 0.0297578, 0.998663, -0.0332275
5.42196, 5.84674, 0.421549, 0.0206996, 0.999462, -0.0227195
5.42146, 5.84211, 0.422248, 0.0285631, 0.998866, -0.0307015
5.42349, 5.84183, 0.424057, -0.0229539, -0.99904, 0.0304903
5.42249, 5.83841, 0.421044, -0.0253702, -0.999431, 0.0146106
5.42008, 5.84361, 0.420735, 0.0315146, 0.999165, -0.0201663
5.42168, 5.84629, 0.419684, 0.0289886, 0.999139, -0.0221799
5.42245, 5.85207, 0.42152, -0.0233508, -0.998833, 0.0354146
5.42356, 5.84449, 0.419142, 0.0263936, 0.999247, -0.0176719
5.42148, 5.8427, 0.422193, -0.0271012, -0.999038, 0.0265718
5.4235, 5.84994, 0.420537, -0.0290888, -0.999261, 0.0160785
5.42013, 5.84524, 0.423073, 0.0296888, 0.998987, -0.0281388
5.42199, 5.84657, 0.422427, 0.0244492, 0.999042, -0.0300578
5.42472, 5.84726, 0.419417, 0.0204714, 0.998901, -0.0321727
5.42086, 5.83973, 0.421323, 0.0297984, 0.998807, -0.0284903
5.42251, 5.84674, 0.421183, -0.0323119, -0.998302, 0.0358044
5.42135, 5.85783, 0.427126, -0.0338913, -0.998825, 0.0305313
5.42209, 5.84388, 0.421918, 0.0271983, 0.999381, -0.0199244
5.42309, 5.8513, 0.423776, -0.0341874, -0.998802, 0.0289899
5.42171, 5.85399, 0.426975, -0.0231988, -0.998698, 0.0340085
5.42065, 5.8464, 0.424124, -0.0182362, -0.999438, 0.0257861
5.42222, 5.85279, 0.42277, -0.0284558, -0.9988, 0.0366302
5.42073, 5.83045, 0.41881, 0.0309556, 0.998989, -0.00850137
5.42094, 5.84624, 0.422705, -0.0319083, -0.998755, 0.0328591
5.42188, 5.85014, 0.425738, 0.0310366, 0.998749, -0.0277868
5.42314, 5.84125, 0.418888, 0.027525, 0.999067, -0.022135
5.42223, 5.84671, 0.42241, 0.0227963, 0.998602, -0.0377937
5.42306, 5.84576, 0.425794, 0.0288583, 0.99904, -0.0300088
5.42369, 5.84784, 0.422729, 0.0267022, 0.999165, -0.0280252
5.42047, 5.84199, 0.425622, -0.0326287, -0.998893, 0.0286361
5.42446, 5.85997, 0.422092, -0.0216519, -0.998052, 0.0486733
5.42266, 5.84237, 0.420956, -0.0316815, -0.998803, 0.0259868
5.42168, 5.84525, 0.424447, 0.0287045, 0.999034, -0.0256311
5.42181, 5.84606, 0.422295, 0.0269328, 0.999249, -0.0243406
5.42114, 5.84683, 0.420347, 0.024546, 0.999277, -0.0159659
5.42238, 5.84418, 0.420589, 0.0278117, 0.998821, -0.0309864
5.42309, 5.85447, 0.424029, -0.0283466, -0.998455, 0.0402002
5.42213, 5.86711, 0.423225, -0.0241531, -0.998545, 0.0443688
5.41959, 5.84175, 0.424959, 0.0279546, 0.999072, -0.0278308
5.42239, 5.84959, 0.420772, 0.0304996, 0.998985, -0.0271773
5.42307, 5.84601, 0.425504, 0.0291986, 0.998746, -0.0310478
5.4222, 5.84928, 0.422607, 0.0271762, 0.998848, -0.0323592
5.421, 5.84901, 0.424914, 0.0235702, 0.999321, -0.0183046
5.4235, 5.84686, 0.423324, 0.022658, 0.998803, -0.0355579
5.41968, 5.85099, 0.425028, 0.0236064, 0.998802, -0.0301483
5.42264, 5.8443, 0.420089, 0.0213702, 0.999405, -0.0177875
5.42342, 5.84929, 0.421079, 0.0290809, 0.998752, -0.0292843
5.42063, 5.85412, 0.426514, -0.0260083, -0.998822, 0.0318364
5.42262, 5.85986, 0.419625, -0.0302625, -0.998507, 0.0366518
5.42175, 5.84696, 0.420131, -0.030138, -0.998658, 0.0330287
5.42308, 5.84673, 0.423049, 0.0274185, 0.999082, -0.0247822
5.42138, 5.85589, 0.424766, -0.0245275, -0.998816, 0.0358466
5.4223, 5.85303, 0.422728, 0.0323604, 0.99855, -0.0365078
5.42098, 5.83415, 0.426541, -0.0270392, -0.999204, 0.0201047
5.42257, 5.85317, 0.421651, 0.0275452, 0.99924, -0.0246602
5.42253, 5.8461, 0.421284, -0.0259606, -0.999224, 0.0268429
5.42395, 5.83932, 0.42219, -0.0291173, -0.999173, 0.023454
5.42223, 5.8311, 0.422215, 0.019503, 0.999587, -0.0155693
5.4206, 5.84791, 0.42516, -0.0313204, -0.998927, 0.0294275
5.42085, 5.84604, 0.421731, -0.0310779, -0.999174, 0.0197358
5.42159, 5.84349, 0.422038, 0.0284618, 0.998676, -0.031539
5.42264, 5.8442, 0.422658, 0.021662, 0.998832, -0.0348369
5.42116, 5.84193, 0.424669, 0.0237667, 0.999346, -0.0219504
5.42099, 5.84698, 0.420255, -0.0321296, -0.99878, 0.0318587
5.42113, 5.84971, 0.42239, 0.0274431, 0.999127, -0.0268117
5.42234, 5.85373, 0.423002, 0.0297268, 0.998759, -0.0298331
5.42145, 5.85253, 0.424208, 0.0310658, 0.998851, -0.0315326
5.42068, 5.8483, 0.425664, 0.0288811, 0.998986, -0.0289735
5.42346, 5.84341, 0.423051, -0.0260914, -0.999322, 0.0228416
5.4226, 5.85431, 0.42008, -0.0330374, -0.998806, 0.029461
5.42262, 5.84855, 0.421648, 0.0265518, 0.998971, -0.029648
5.42155, 5.85085, 0.422886, 0.0306949, 0.998788, -0.0321706
5.42159, 5.85154, 0.422447, -0.0315924, -0.998911, 0.0279752
5.42261, 5.84307, 0.423739, -0.0270485, -0.999162, 0.0259085
5.42232, 5.84723, 0.425738, -0.0233532, -0.999169, 0.0281375
5.41994, 5.84352, 0.423381, -0.0332734, -0.99892, 0.0268765
5.42115, 5.84333, 0.420913, 0.0278184, 0.999266, -0.0220396
5.42158, 5.84571, 0.424213, 0.0279781, 0.999154, -0.02604
5.42103, 5.8435, 0.426362, -0.032152, -0.998974, 0.0276369
5.42099, 5.8532, 0.426433, 0.0292368, 0.998591, -0.0377028
5.42247, 5.84934, 0.423779, 0.0250065, 0.999394, -0.0205028
5.4213, 5.8567, 0.421176, -0.0304251, -0.998132, 0.0457051
5.422, 5.84641, 0.424394, 0.0276419, 0.998799, -0.0359234
5.42277, 5.85499, 0.422328, -0.0337241, -0.998655, 0.0341934
5.42331, 5.85488, 0.424571, -0.022889, -0.9989, 0.0334782
5.42028, 5.85019, 0.421168, 0.0340493, 0.998841, -0.0248188
5.42239, 5.86078, 0.42471, -0.0321359, -0.998554, 0.0379584
5.42251, 5.84002, 0.421067, 0.0249242, 0.999392, -0.0199183
5.42029, 5.84944, 0.422524, 0.0301428, 0.998845, -0.0280635
5.42085, 5.84054, 0.422581, 0.0284678, 0.999226, -0.0158836
5.42233, 5.8412, 0.42267, -0.0285317, -0.99927, 0.0214117
5.42081, 5.84299, 0.425335, 0.0201971, 0.999288, -0.020163
5.42222, 5.84858, 0.426013, 0.022427, 0.999066, -0.0315125
5.42164, 5.84343, 0.423318, -0.0297805, -0.99873, 0.0326431
5.42117, 5.84227, 0.421651, 0.0278768, 0.99873, -0.0374253
5.42336, 5.84245, 0.424555, 0.018467, 0.998401, -0.0421216
5.42303, 5.84596, 0.420146, -0.0207386, -0.999236, 0.0276569
5.42268, 5.84931, 0.42351, -0.0226792, -0.998616, 0.03719
5.42091, 5.8504, 0.425572, -0.0251499, -0.998921, 0.0347877
5.4237, 5.84779, 0.419857, -0.025063, -0.999057, 0.0289529
5.42312, 5.844, 0.421164, -0.0251195, -0.999265, 0.024683
5.42138, 5.84084, 0.425159, 0.0280906, 0.999187, -0.0268657
5.42089, 5.85088, 0.422248, 0.0293036, 0.998884, -0.024937
5.42077, 5.85093, 0.425406, 0.0227289, 0.999135, -0.0244874
5.42284, 5.84763, 0.421582, -0.0224294, -0.998863, 0.0369768
5.42041, 5.85027, 0.423997, 0.0277343, 0.998814, -0.0356102
5.42372, 5.85017, 0.422977, 0.0322138, 0.998726, -0.0315495
5.42206, 5.84633, 0.421257, 0.0275092, 0.999052, -0.0263208
5.42197, 5.84455, 0.422682, 0.0201485, 0.999106, -0.0285631
5.42198, 5.84287, 0.419865, 0.0291939, 0.998975, -0.0266529
5.41976, 5.84868, 0.430014, 0.0282006, 0.99926, -0.0223233
5.4235, 5.84969, 0.421661, 0.0211901, 0.999203, -0.0281184
5.41961, 5.84984, 0.423285, -0.0298763, -0.998569, 0.0379048
5.42299, 5.84291, 0.421237, -0.0256159, -0.999012, 0.026975
5.42263, 5.8508, 0.418233, 0.0316579, 0.99898, -0.0229299
5.42184, 5.84356, 0.423598, -0.0246207, -0.999359, 0.0239383
5.42356, 5.85586, 0.421386, -0.0279229, -0.998721, 0.0322183
5.42246, 5.85, 0.422723, 0.0306724, 0.999081, -0.0252199
5.42233, 5.85097, 0.423186, -0.0247999, -0.998663, 0.0391335
5.42051, 5.84759, 0.422618, -0.0282779, -0.999182, 0.0219691
5.42198, 5.84279, 0.421837, -0.025923, -0.999254, 0.0211593
5.4217, 5.85582, 0.421537, -0.0250902, -0.998856, 0.0311318
5.42309, 5.84283, 0.418177, 0.0230955, 0.999475, -0.0193702
5.42316, 5.85483, 0.423189, -0.0336055, -0.998782, 0.0321043
5.42163, 5.8475, 0.421112, 0.0366658, 0.998667, -0.0299871
5.42339, 5.85054, 0.420044, -0.0278995, -0.99904, 0.0277945
5.42076, 5.85236, 0.420861, -0.0297119, -0.999206, 0.0205509
5.42171, 5.84979, 0.426311, 0.0248785, 0.998982, -0.028796
5.42161, 5.83931, 0.422986, 0.0269418, 0.999206, -0.0258067
5.42158, 5.84843, 0.421683, -0.0283071, -0.999139, 0.0249797
5.42195, 5.84921, 0.423875, 0.0253356, 0.998988, -0.0298733
5.42091, 5.84266, 0.42712, -0.0313966, -0.998982, 0.024481
5.42071, 5.84501, 0.422229, -0.0246446, -0.999404, 0.0222827
5.42071, 5.84631, 0.423866, -0.026968, -0.998925, 0.0280586
5.42235, 5.85407, 0.422956, 0.0255399, 0.998986, -0.0311978
5.42223, 5.85267, 0.420931, 0.024935, 0.999033, -0.0287613
5.41974, 5.85388, 0.424925, 0.030246, 0.998458, -0.0413735
5.42334, 5.84289, 0.422146, 0.0292001, 0.998738, -0.0329917
5.42268, 5.85318, 0.42443, 0.028538, 0.998778, -0.0350088
5.42194, 5.84087, 0.420164, -0.020308, -0.99959, 0.0153851
5.42294, 5.85145, 0.420015, -0.0234537, -0.999021, 0.0281361
5.42001, 5.84231, 0.426175, 0.0265672, 0.999242, -0.0192873
5.42224, 5.85601, 0.423481, 0.027372, 0.999178, -0.023753
5.41991, 5.85701, 0.426367, -0.0337263, -0.99842, 0.038481
5.42161, 5.84915, 0.424025, -0.0295862, -0.99834, 0.0376744
5.42286, 5.8476, 0.421735, -0.0182161, -0.998918, 0.0253231
5.42216, 5.8522, 0.425018, 0.0266975, 0.999267, -0.0230739
5.42226, 5.84763, 0.422614, 0.0259127, 0.999233, -0.0174879
5.42212, 5.85401, 0.422928, 0.0256785, 0.999295, -0.0212081
5.4224, 5.84383, 0.422438, 0.0254029, 0.999167, -0.0263995
5.42387, 5.84459, 0.419614, 0.0212272, 0.999066, -0.0251422
5.42296, 5.85354, 0.423406, 0.0334847, 0.998564, -0.0232406
5.42299, 5.8395, 0.422963, -0.0250138, -0.999338, 0.0194277
5.42201, 5.83969, 0.421817, 0.0285892, 0.99941, -0.0156765
5.42183, 5.84744, 0.422928, 0.0302158, 0.998991, -0.0292759
5.42476, 5.84753, 0.422299, -0.0288636, -0.998619, 0.0346509
5.42312, 5.84954, 0.419596, -0.0305724, -0.999024, 0.0264616
5.42241, 5.84008, 0.418758, -0.0252116, -0.999159, 0.0263484
5.42259, 5.84714, 0.420285, 0.0301837, 0.9985, -0.0340357
5.42162, 5.84304, 0.424735, 0.0293981, 0.999068, -0.0291636
5.42163, 5.84489, 0.42244, -0.0300533, -0.999007, 0.0282104
5.42309, 5.85023, 0.42195, -0.0278811, -0.998682, 0.0346503
5.42311, 5.85316, 0.424404, -0.0245479, -0.998637, 0.038594
5.41979, 5.84078, 0.423058, 0.027216, 0.998979, -0.0297026
5.42195, 5.85279, 0.423772, 0.0323681, 0.998798, -0.0271717
5.42121, 5.83969, 0.425807, 0.0273324, 0.999223, -0.0239617
5.42146, 5.85737, 0.424679, -0.0228345, -0.999119, 0.0285865
5.42316, 5.85214, 0.425033, 0.0260953, 0.998507, -0.041208
5.42193, 5.84648, 0.424389, 0.0252079, 0.999073, -0.0286935
5.4197, 5.84998, 0.424875, -0.0306462, -0.998763, 0.033319
5.422, 5.84232, 0.420367, 0.0313203, 0.999111, -0.018092
5.42271, 5.8567, 0.421927, -0.0274256, -0.99888, 0.0236466
5.42107, 5.85138, 0.419873, 0.0243044, 0.998984, -0.0298024
5.42248, 5.85558, 0.420774, 0.0283227, 0.998478, -0.0425499
5.42098, 5.84906, 0.424663, -0.0288403, -0.998531, 0.0409724
5.42176, 5.84654, 0.421774, 0.0310916, 0.999097, -0.0228873
5.42147, 5.84541, 0.422912, 0.0321891, 0.998789, -0.0296463
5.42149, 5.84637, 0.420822, 0.0266246, 0.999085, -0.0248908
5.42371, 5.84335, 0.42176, 0.0291072, 0.999039, -0.0242861
5.42347, 5.84356, 0.420284, -0.0296203, -0.999136, 0.0251802
5.42187, 5.84608, 0.419571, 0.0296462, 0.999097, -0.0148488
5.42272, 5.84323, 0.424812, 0.0316158, 0.998991, -0.0269593
5.42124, 5.84986, 0.419887, 0.025731, 0.998838, -0.030819
5.42217, 5.85009, 0.422105, 0.0249938, 0.998879, -0.0337396
5.42303, 5.84673, 0.424074, -0.0256246, -0.999091, 0.0284997
5.42198, 5.83957, 0.421084, -0.0276989, -0.999056, 0.0172635
5.42275, 5.8456, 0.42143, -0.0183971, -0.998632, 0.0406374
5.42118, 5.84264, 0.424361, -0.022669, -0.998928, 0.0335037
5.4215, 5.84081, 0.42649, -0.0270575, -0.99932, 0.0206885
5.42161, 5.85773, 0.422987, -0.0227524, -0.999341, 0.0248356
5.42225, 5.84066, 0.422508, 0.0227496, 0.999375, -0.013547
5.42108, 5.85637, 0.425792, 0.0237862, 0.999318, -0.025162
5.42082, 5.85064, 0.426166, 0.0272057, 0.99867, -0.0364524
5.42181, 5.8499, 0.423673, 0.0284101, 0.999167, -0.0248736
5.42234, 5.85004, 0.422148, 0.0302445, 0.998718, -0.031782
5.42101, 5.84181, 0.423244, 0.0290502, 0.998843, -0.0301746
5.42126, 5.84272, 0.425548, -0.0242231, -0.999052, 0.0263182
5.42179, 5.84587, 0.422968, -0.0294796, -0.99924, 0.0192769
5.42243, 5.84957, 0.423716, -0.024211, -0.999078, 0.0294574
5.42115, 5.8464, 0.421762, -0.0252561, -0.998675, 0.0386533
5.42107, 5.84441, 0.42376, -0.028099, -0.998619, 0.04143
5.42146, 5.84188, 0.421376, 0.0305951, 0.998986, -0.0223981
5.42322, 5.8424, 0.423677, 0.0246832, 0.998778, -0.0367137
5.42353, 5.8467, 0.419649, -0.0227223, -0.999162, 0.0195126
5.42132, 5.8458, 0.423493, -0.0294707, -0.999052, 0.0263676
5.42229, 5.85343, 0.419216, 0.0308485, 0.999094, -0.0214121
5.42251, 5.85556, 0.423556, -0.0329939, -0.998468, 0.0356544
5.42068, 5.84201, 0.423242, -0.0273691, -0.998966, 0.0263269
5.4218, 5.85413, 0.4202, 0.0303659, 0.999078, -0.0259168
5.42311, 5.85382, 0.419244, 0.0273147, 0.999246, -0.0222609
5.42125, 5.83872, 0.421628, 0.0281778, 0.999294, -0.0190014
5.42151, 5.84439, 0.42431, 0.0294731, 0.999037, -0.0269681
5.42216, 5.85375, 0.419124, 0.0203794, 0.99932, -0.0223296
5.42261, 5.84089, 0.421398, -0.0261047, -0.99894, 0.0215213
5.42335, 5.84666, 0.421658, 0.0270793, 0.999154, -0.0272639
5.4214, 5.84513, 0.42529, 0.0255314, 0.999433, -0.0187388
5.42195, 5.84222, 0.42073, -0.0238292, -0.999331, 0.0214749
5.42275, 5.84245, 0.422136, 0.0282998, 0.998996, -0.0216636
5.42109, 5.84252, 0.419291, 0.0307885, 0.998974, -0.0200199
5.4219, 5.84373, 0.423463, 0.0256656, 0.999211, -0.0210449
5.42362, 5.85374, 0.418773, -0.0284103, -0.998999, 0.0267795
5.42093, 5.8439, 0.422421, -0.0260228, -0.999379, 0.0200721
5.42132, 5.85086, 0.423858, 0.0336428, 0.99819, -0.0411974
5.42196, 5.84015, 0.425271, 0.0215334, 0.999435, -0.0222562
5.42111, 5.85337, 0.424466, -0.0235911, -0.998959, 0.0321493
5.42201, 5.8491, 0.423093, -0.0246034, -0.999301, 0.021877
5.42249, 5.8399, 0.42222, 0.0238698, 0.999397, -0.0190663
5.42122, 5.85413, 0.423665, -0.0255899, -0.999257, 0.018016
5.42302, 5.85352, 0.422966, -0.0272939, -0.999015, 0.0298257
5.42231, 5.85102, 0.420616, 0.0195355, 0.998741, -0.0330453
5.42424, 5.85327, 0.418113, 0.0246965, 0.998457, -0.0440873
5.42244, 5.84724, 0.421123, -0.018593, -0.998824, 0.0379292
5.42255, 5.84051, 0.423198, -0.0257551, -0.998861, 0.0320282
5.42151, 5.84544, 0.426254, -0.0329783, -0.998437, 0.0379366
5.42119, 5.8444, 0.42297, -0.0232664, -0.999004, 0.0310717
5.42169, 5.85123, 0.422382, -0.0264656, -0.99888, 0.0304566
5.42158, 5.84258, 0.422389, 0.0307997, 0.999127, -0.0230867
5.42214, 5.84594, 0.423391, -0.0296535, -0.999004, 0.0252815
5.42144, 5.85044, 0.424886, 0.024253, 0.998412, -0.0450622
5.423, 5.85121, 0.424565, -0.0174034, -0.998539, 0.0450473
5.42252, 5.84637, 0.4196, 0.0335579, 0.998601, -0.033577
5.42176, 5.84997, 0.421621, 0.0246974, 0.999037, -0.0314827
5.42282, 5.84982, 0.422305, -0.0268376, -0.998282, 0.045613
5.42239, 5.85042, 0.421271, 0.0249231, 0.999038, -0.0277817
5.42296, 5.85132, 0.422737, -0.0250251, -0.999294, 0.0230962
5.42243, 5.85342, 0.422941, 0.0289661, 0.998886, -0.0295143
5.42058, 5.857, 0.425289, 0.0255141, 0.998535, -0.0392028
5.42098, 5.84273, 0.423527, 0.0311664, 0.998924, -0.023572
5.42157, 5.84332, 0.424602, -0.0257884, -0.999401, 0.0179641
5.42147, 5.84216, 0.42223, -0.02562, -0.999107, 0.0283196
5.42057, 5.84267, 0.424438, 0.0276513, 0.998899, -0.0301787
5.42237, 5.8504, 0.420682, 0.0272728, 0.999115, -0.0260175
5.42101, 5.83946, 0.424123, 0.024996, 0.999309, -0.0217915
5.42193, 5.84771, 0.42446, -0.0278263, -0.998961, 0.0302485
5.4228, 5.84821, 0.426017, -0.0279834, -0.999074, 0.021913
5.4234, 5.84897, 0.422957, -0.023992, -0.998757, 0.0374353
5.42238, 5.85724, 0.419857, -0.0276081, -0.999088, 0.026556
5.42408, 5.84628, 0.422636, -0.0277529, -0.998603, 0.0360208
5.42182, 5.84239, 0.422242, 0.0257091, 0.999129, -0.0272767
5.42284, 5.85339, 0.422529, 0.0264757, 0.998736, -0.0331831
5.42458, 5.85128, 0.421234, 0.0237864, 0.99873, -0.0354769
5.42185, 5.84676, 0.423688, -0.0267849, -0.999313, 0.0222357
5.42078, 5.84301, 0.422364, -0.031172, -0.99895, 0.0291248
5.4242, 5.84404, 0.420386, -0.0298691, -0.998409, 0.0397338
5.42126, 5.85326, 0.421065, -0.0329094, -0.998401, 0.0375047
5.4225, 5.85494, 0.426921, 0.025486, 0.999231, -0.0280284
5.4214, 5.85318, 0.42391, -0.0249862, -0.998771, 0.0345081
5.42289, 5.84914, 0.421979, 0.0278634, 0.998925, -0.0300976
5.4229, 5.84733, 0.420784, 0.0307773, 0.99871, -0.0319256
5.42304, 5.84529, 0.424992, -0.0269999, -0.998868, 0.0341194
5.42183, 5.84645, 0.419552, 0.0230172, 0.999561, -0.00901949
5.4205, 5.84031, 0.423107, 0.023093, 0.999441, -0.0178671
5.42339, 5.85397, 0.425692, -0.0315781, -0.998311, 0.0389757
5.42261, 5.84695, 0.422596, -0.0264613, -0.999092, 0.0240991
5.42185, 5.84782, 0.42477, 0.0267518, 0.998339, -0.0393579
5.42241, 5.84365, 0.422837, 0.0277621, 0.998799, -0.0240108
5.42273, 5.85014, 0.423322, -0.0260785, -0.998668, 0.0396224
5.4207, 5.85374, 0.423894, -0.0272165, -0.999036, 0.0269412
5.42178, 5.84607, 0.422616, 0.0277113, 0.999302, -0.0161875
5.42202, 5.84873, 0.423331, 0.0285723, 0.998923, -0.0294685
5.42139, 5.85183, 0.421905, 0.028491, 0.999019, -0.0278118
5.42205, 5.84501, 0.425387, -0.0287875, -0.999389, 0.0171986
5.42115, 5.84647, 0.421261, 0.0270075, 0.999114, -0.0218395
5.42272, 5.85349, 0.422276, 0.0320289, 0.998746, -0.0316894
5.42193, 5.84933, 0.426072, 0.0253078, 0.998699, -0.0362204
5.42218, 5.84583, 0.420941, 0.0278861, 0.999339, -0.0144073
5.42029, 5.8522, 0.425234, 0.0322331, 0.998479, -0.0296435
5.42039, 5.83823, 0.426145, 0.0291503, 0.999225, -0.0227744
5.42109, 5.84115, 0.423391, -0.0279031, -0.999153, 0.0225122
5.42104, 5.84815, 0.424322, -0.0274134, -0.999117, 0.0261176
5.42297, 5.84601, 0.423562, 0.0293685, 0.999168, -0.0209049
5.42255, 5.84976, 0.422606, -0.0241734, -0.999063, 0.0314504
5.42324, 5.84998, 0.423621, 0.0279544, 0.998617, -0.037619
5.42147, 5.85363, 0.424928, 0.0275686, 0.998681, -0.0398397
5.42286, 5.83879, 0.424886, 0.0282825, 0.999095, -0.0230698
5.42223, 5.844, 0.424402, 0.0230942, 0.998186, -0.0360909
5.42175, 5.85342, 0.420857, -0.0326859, -0.998958, 0.0227623
5.42206, 5.85502, 0.425614, 0.0213027, 0.998161, -0.0386428
5.42087, 5.84756, 0.426301, 0.0282758, 0.99919, -0.0205703
5.42398, 5.84853, 0.42349, 0.0255438, 0.998719, -0.0348854
5.422, 5.84508, 0.425108, 0.0266148, 0.998722, -0.0368279
5.4221, 5.85089, 0.420814, -0.0229322, -0.998752, 0.031954
5.42233, 5.84284, 0.422209, -0.0258531, -0.998548, 0.0330114
5.42087, 5.85599, 0.425253, 0.0262422, 0.998581, -0.0385766
5.42245, 5.84568, 0.421339, 0.0248369, 0.998927, -0.0311408
5.42148, 5.84608, 0.424948, 0.0314576, 0.998724, -0.0310316
5.4222, 5.84955, 0.422454, 0.0287277, 0.998779, -0.0298326
5.42075, 5.85243, 0.4193, 0.0236982, 0.999424, -0.0172251
5.42364, 5.84255, 0.421913, 0.02437, 0.999154, -0.027028
5.42169, 5.85443, 0.422412, -0.0317515, -0.999132, 0.0208809
5.42237, 5.84584, 0.420886, 0.0315059, 0.999069, -0.0237595
5.4225, 5.8448, 0.421312, -0.0260064, -0.999048, 0.0249081
5.42176, 5.84531, 0.425235, 0.021371, 0.998939, -0.0350229
5.42229, 5.83797, 0.422397, 0.0338361, 0.998856, -0.025781
5.42277, 5.84319, 0.422839, -0.0239219, -0.99915, 0.0271391
5.42281, 5.84828, 0.421931, 0.0302779, 0.998564, -0.0377731
5.42101, 5.83709, 0.425717, 0.0296392, 0.998948, -0.0305119
5.42212, 5.85241, 0.420858, 0.0306233, 0.998975, -0.0257351
5.42115, 5.84562, 0.427762, -0.022724, -0.998936, 0.0326603
5.42224, 5.84054, 0.425422, 0.0228662, 0.998843, -0.0355849
5.42344, 5.84738, 0.421545, -0.0302296, -0.998963, 0.0284389
5.4211, 5.84057, 0.424703, -0.025188, -0.999307, 0.0240531
5.42212, 5.85116, 0.422626, -0.028165, -0.999037, 0.0244365
5.42096, 5.84341, 0.423803, 0.0247407, 0.999094, -0.0284811
5.422, 5.85388, 0.424714, 0.0242395, 0.998555, -0.0431146
5.42051, 5.85195, 0.418817, -0.0277502, -0.999432, 0.0131648
5.42208, 5.85655, 0.420588, -0.0278768, -0.998988, 0.0250005
5.42243, 5.84, 0.421357, 0.0269639, 0.999202, -0.0254876
5.41958, 5.8429, 0.426036, 0.0281474, 0.999167, -0.0226159
5.42264, 5.8564, 0.421637, -0.0281711, -0.998949, 0.0295898
5.4219, 5.84127, 0.423173, 0.0253125, 0.999042, -0.0305185
5.42134, 5.84341, 0.425598, 0.0297791, 0.999088, -0.0256231
5.42118, 5.84348, 0.422713, 0.0290385, 0.99906, -0.0249985
5.42184, 5.8476, 0.418734, -0.0264895, -0.999222, 0.0257956
5.42183, 5.84293, 0.421061, 0.0246864, 0.999369, -0.019501
5.42176, 5.85234, 0.423153, 0.0260773, 0.999422, -0.0142986
5.42229, 5.83911, 0.424479, -0.0218643, -0.998577, 0.0377941
5.42148, 5.84204, 0.42541, -0.0298326, -0.999275, 0.0207187
5.42102, 5.84223, 0.42272, 0.0282468, 0.999269, -0.0146171
5.42028, 5.84972, 0.423214, -0.0257271, -0.998176, 0.0447857
5.42215, 5.84933, 0.417825, 0.0225665, 0.998751, -0.0226588
5.42198, 5.84026, 0.422324, 0.0302414, 0.998908, -0.0247831
5.42206, 5.84746, 0.423708, 0.0268997, 0.999138, -0.0244367
5.42151, 5.84001, 0.422051, 0.0269988, 0.99893, -0.0308483
5.42159, 5.8488, 0.425415, -0.0284533, -0.999278, 0.0162506
5.42229, 5.8446, 0.423282, 0.0343657, 0.998886, -0.0279456
5.42277, 5.85366, 0.418126, 0.0275849, 0.998938, -0.0287627
5.4212, 5.84993, 0.423741, -0.0306316, -0.998649, 0.0361613
5.42215, 5.8521, 0.421127, 0.0267857, 0.99888, -0.0326583
5.42134, 5.84303, 0.424167, 0.0272822, 0.998934, -0.0202007
5.42279, 5.84575, 0.423779, -0.0273508, -0.998733, 0.0322336
5.42193, 5.8448, 0.421693, -0.0277569, -0.999235, 0.0210731
5.42349, 5.84698, 0.425021, -0.0281746, -0.998976, 0.0263836
5.42068, 5.84832, 0.419915, -0.0293398, -0.999003, 0.0299189
5.42144, 5.84585, 0.419973, -0.0320181, -0.998947, 0.0250581
5.42257, 5.8402, 0.420379, 0.0301615, 0.999266, -0.0160692
5.42148, 5.84966, 0.424725, -0.0332799, -0.998646, 0.0333889
5.42279, 5.84418, 0.418724, -0.0216218, -0.999517, 0.0132787
5.42285, 5.84425, 0.423546, -0.0299211, -0.998998, 0.0244461
5.42248, 5.84807, 0.421783, -0.0264553, -0.999288, 0.0244944
5.42327, 5.84769, 0.42297, 0.0242988, 0.998762, -0.0345165
5.42233, 5.84257, 0.423854, -0.0230541, -0.999244, 0.026766
5.42347, 5.85024, 0.419503, -0.0249115, -0.999109, 0.0262846
5.42395, 5.8425, 0.424336, -0.0246706, -0.999012, 0.03148
5.4209, 5.83845, 0.4238, 0.0283617, 0.999238, -0.0187754
5.4224, 5.83911, 0.422851, -0.0269048, -0.999494, 0.0139932
5.42225, 5.84622, 0.42318, -0.0267723, -0.99923, 0.0215332
5.42157, 5.84724, 0.425056, -0.0295561, -0.998891, 0.0291201
5.42208, 5.85235, 0.420043, 0.0229092, 0.99882, -0.0186909
5.4215, 5.85077, 0.422496, 0.0273427, 0.998738, -0.0333958
5.42276, 5.84968, 0.422969, -0.0269407, -0.999123, 0.0205929
5.42103, 5.84198, 0.423424, 0.0256659, 0.999254, -0.0222263
5.42255, 5.85425, 0.421196, -0.0349822, -0.998452, 0.0369209
5.42227, 5.848, 0.422718, 0.0286507, 0.999077, -0.0253958
5.42017, 5.84375, 0.420894, 0.0241578, 0.999279, -0.0245249
5.42186, 5.85313, 0.420845, -0.0253315, -0.998865, 0.0311367
5.42226, 5.84962, 0.422147, -0.0276827, -0.998941, 0.0298578
5.42164, 5.84238, 0.41784, 0.0284436, 0.999217, -0.0151652
5.42021, 5.85382, 0.420658, -0.0318051, -0.998644, 0.0323516
5.42323, 5.84627, 0.422664, 0.0280309, 0.99886, -0.0307187
5.42182, 5.84802, 0.422962, 0.0249851, 0.999022, -0.028862
5.42314, 5.85022, 0.423349, 0.0267092, 0.999014, -0.0256823
5.42078, 5.8561, 0.42569, 0.0266412, 0.999219, -0.0263856
5.42102, 5.85096, 0.422257, 0.0313996, 0.99892, -0.0244306
5.42271, 5.84267, 0.418484, -0.027576, -0.998977, 0.0288232
5.42093, 5.85211, 0.425222, -0.0289502, -0.998724, 0.0362078
5.4201, 5.84509, 0.429299, 0.0268091, 0.999207, -0.0258855
5.42106, 5.85331, 0.425925, 0.0247902, 0.999219, -0.022459
5.42196, 5.84203, 0.424136, -0.0282339, -0.998893, 0.0275201
5.4236, 5.84566, 0.420606, -0.0194633, -0.999055, 0.0298688
5.42187, 5.84994, 0.422178, 0.0259346, 0.999061, -0.0235632
5.42174, 5.84139, 0.420278, 0.0224399, 0.999572, -0.0163648
5.42179, 5.85206, 0.4235, 0.0305582, 0.99886, -0.029157
5.42299, 5.8523, 0.42263, 0.022512, 0.999296, -0.0243665
5.42378, 5.83913, 0.420597, -0.0212513, -0.999072, 0.027228
5.42143, 5.84891, 0.428013, -0.0319537, -0.999035, 0.0276903
5.42313, 5.84333, 0.423097, 0.0283049, 0.998614, -0.0291336
5.42075, 5.85764, 0.422378, 0.0290596, 0.999024, -0.0255536
5.42158, 5.84129, 0.426407, 0.0265229, 0.998779, -0.0336534
5.4213, 5.84714, 0.421604, 0.0304667, 0.999112, -0.0231667
5.42019, 5.83792, 0.424167, 0.0265307, 0.999468, -0.0149068
5.42311, 5.84955, 0.425727, 0.0259499, 0.998849, -0.0356287
5.42151, 5.85567, 0.421156, -0.0251503, -0.998988, 0.0315181
5.42178, 5.8431, 0.422797, 0.0249244, 0.999341, -0.0230477
5.42204, 5.85066, 0.4222, 0.0258271, 0.999087, -0.0181307
5.42303, 5.84146, 0.422258, 0.0367323, 0.998539, -0.0294721
5.42231, 5.84227, 0.425304, -0.0255964, -0.998736, 0.0301023
5.4225, 5.8432, 0.422019, -0.02268, -0.999527, 0.0157186
5.42273, 5.84644, 0.425137, 0.0242327, 0.999083, -0.0312737
5.42229, 5.84295, 0.422221, -0.0248131, -0.999163, 0.0234477
5.42144, 5.84224, 0.425075, 0.0268817, 0.999232, -0.0250915
5.42278, 5.84674, 0.427491, -0.026402, -0.998917, 0.0322607
5.42178, 5.86113, 0.424323, -0.0285021, -0.998955, 0.0325595
5.42326, 5.85013, 0.420776, -0.0249561, -0.999097, 0.0236513
5.42149, 5.85619, 0.426786, 0.0329332, 0.998399, -0.0382078
5.42063, 5.84717, 0.425051, -0.0257501, -0.999205, 0.0217325
5.42292, 5.84738, 0.423239, -0.0348673, -0.998546, 0.0359203
5.42197, 5.84955, 0.42247, -0.0272564, -0.999145, 0.0207004
5.42174, 5.8397, 0.420735, -0.0251416, -0.999176, 0.0186959
5.42294, 5.84919, 0.419767, 0.0305895, 0.998915, -0.0217973
5.42186, 5.84986, 0.428907, 0.0278693, 0.999061, -0.0277331
5.42232, 5.84943, 0.423947, -0.0289524, -0.999035, 0.0285255
5.42232, 5.84095, 0.423492, -0.0232697, -0.999232, 0.0251358
5.4224, 5.85206, 0.424222, 0.0250994, 0.998848, -0.0357099
5.42283, 5.84799, 0.421482, -0.0340691, -0.998681, 0.0304874
5.42471, 5.85111, 0.424146, 0.0252029, 0.99858, -0.0387593
5.4231, 5.83896, 0.422369, -0.0238391, -0.999355, 0.0232589
5.4225, 5.84358, 0.421558, 0.0303064, 0.999023, -0.0263479
5.42162, 5.84884, 0.426225, 0.0239949, 0.999312, -0.0231047
5.421, 5.84692, 0.421416, 0.0319969, 0.998677, -0.0305527
5.42236, 5.84131, 0.426557, -0.0267944, -0.999433, 0.0150877
5.41997, 5.84014, 0.426819, 0.0276804, 0.99914, -0.0238349
5.42271, 5.85261, 0.420823, 0.0253596, 0.999062, -0.0274054
5.42277, 5.8493, 0.424438, -0.0252865, -0.999156, 0.0280333
5.42167, 5.84617, 0.42333, 0.0195254, 0.99899, -0.0345714
5.42172, 5.8455, 0.427998, 0.0330834, 0.998856, -0.0281381
5.42134, 5.84143, 0.42292, -0.0260693, -0.999407, 0.0198349
5.42242, 5.8487, 0.422309, 0.0314896, 0.998344, -0.0409516
5.42047, 5.85704, 0.42364, 0.0269135, 0.998882, -0.0261237
5.421, 5.8523, 0.424028, -0.0247676, -0.999234, 0.0283972
5.42243, 5.85303, 0.424543, 0.025868, 0.998418, -0.0429138
5.42169, 5.84261, 0.421204, -0.0240441, -0.999358, 0.0245506
5.42311, 5.85115, 0.419797, 0.0275469, 0.998676, -0.0365251
5.42122, 5.84847, 0.421003, 0.0283416, 0.998786, -0.0356475
5.42202, 5.84351, 0.424558, -0.0270594, -0.999241, 0.0248744
5.42192, 5.85255, 0.422219, -0.0272457, -0.998819, 0.0336852
5.42101, 5.84935, 0.423445, 0.0236932, 0.998845, -0.0357777
5.42221, 5.84676, 0.427766, 0.0301889, 0.998486, -0.0381361
5.42138, 5.84143, 0.423835, -0.026569, -0.999318, 0.0152318
5.42181, 5.84449, 0.422954, -0.0285345, -0.999304, 0.0214892
5.42105, 5.84885, 0.424278, -0.0272141, -0.998946, 0.0279638
5.42062, 5.84586, 0.424484, -0.0292736, -0.998882, 0.0320425
5.42128, 5.84896, 0.423879, 0.0259933, 0.9991, -0.0248979
5.42167, 5.84564, 0.422825, -0.02801, -0.999295, 0.0216368
5.42246, 5.83875, 0.426212, -0.0271724, -0.999219, 0.0257593
5.42254, 5.84698, 0.421916, -0.0266646, -0.999179, 0.0276635
5.42114, 5.84709, 0.426143, 0.0268992, 0.999157, -0.0242148
5.42219, 5.84094, 0.422975, 0.024107, 0.999132, -0.0252016
5.42117, 5.84912, 0.42441, 0.0237135, 0.998963, -0.0352744
5.42291, 5.84564, 0.421815, 0.0304446, 0.998521, -0.0361129
5.42356, 5.85027, 0.421516, 0.0271378, 0.998507, -0.0343199
5.42216, 5.85602, 0.42583, -0.0244925, -0.998667, 0.0340146
5.42165, 5.8439, 0.421012, -0.0259167, -0.999145, 0.0242097
5.42267, 5.839, 0.423754, 0.0252611, 0.999056, -0.0270697
5.42189, 5.85387, 0.420648, -0.02492, -0.998711, 0.0364663
5.42235, 5.84715, 0.425354, -0.0207351, -0.99878, 0.0388331
5.42049, 5.83903, 0.42678, -0.0266789, -0.999161, 0.0222134
5.42123, 5.84727, 0.422357, -0.0292412, -0.998878, 0.0281685
5.423, 5.85035, 0.422846, 0.0255264, 0.999171, -0.0260226
5.42209, 5.842, 0.420676, -0.0302048, -0.99903, 0.0239383
5.42308, 5.84992, 0.421122, -0.0232823, -0.998782, 0.030602
5.42216, 5.84589, 0.422362, 0.0235629, 0.999305, -0.0195662
