5.41338, 5.27943, 0.420559, -0.0144097, -0.999257, 0.0326148
5.41195, 5.28564, 0.417555, 0.0125257, 0.99947, -0.0265597
5.41238, 5.27739, 0.41925, 0.0109464, 0.999648, -0.0228126
5.4139, 5.28442, 0.419127, 0.0134259, 0.99914, -0.0361795
5.41326, 5.28396, 0.422771, 0.00576983, 0.998826, -0.0459419
5.41339, 5.27899, 0.422516, -0.0131741, -0.999298, 0.0301587
5.41188, 5.2892, 0.421655, -0.0208521, -0.99823, 0.0523404
5.41096, 5.28191, 0.423914, -0.0148795, -0.998692, 0.0446937
5.41448, 5.28544, 0.423636, -0.00997056, -0.998997, 0.0414997
5.41241, 5.282, 0.420637, -0.0116647, -0.998798, 0.044572
5.414, 5.2921, 0.420899, 0.00790439, 0.998941, -0.032751
5.41155, 5.27996, 0.425423, -0.0129077, -0.998709, 0.0471306
5.41349, 5.29365, 0.422716, -0.0121615, -0.998343, 0.0539951
5.41141, 5.27867, 0.425558, 0.0127505, 0.999161, -0.0338977
5.41229, 5.27877, 0.418231, -0.0120064, -0.999594, 0.0230021
5.41216, 5.28333, 0.424174, 0.012042, 0.999136, -0.0338436
5.41329, 5.283, 0.425935, 0.0126807, 0.999538, -0.0240368
5.41359, 5.2833, 0.424785, -0.00892337, -0.998649, 0.0478034
5.41264, 5.27941, 0.418364, -0.0134008, -0.998865, 0.044305
5.41212, 5.28538, 0.416673, 0.0146081, 0.999286, -0.0330955
5.41234, 5.29008, 0.419954, 0.0132653, 0.999116, -0.0379712
5.41006, 5.28683, 0.423944, -0.00928992, -0.999437, 0.0254957
5.41509, 5.29078, 0.422137, 0.00810042, 0.998588, -0.0469827
5.41256, 5.27981, 0.424007, -0.0132049, -0.999266, 0.0313828
5.41244, 5.27841, 0.415817, 0.013836, 0.999166, -0.0372442
5.4115, 5.28579, 0.422832, -0.0175541, -0.999093, 0.034937
5.4112, 5.27535, 0.426074, -0.0078474, -0.999438, 0.0296692
5.41337, 5.2786, 0.42615, -0.0102095, -0.999038, 0.0349148
5.41134, 5.27738, 0.422088, 0.0255608, 0.99922, -0.0257483
5.41695, 5.27897, 0.419051, 0.00716195, 0.999054, -0.0403095
5.41246, 5.27943, 0.418641, 0.0152082, 0.999201, -0.0290045
5.41227, 5.27874, 0.41735, -0.0232015, -0.99889, 0.0286321
5.41162, 5.29134, 0.422145, -0.0144571, -0.999281, 0.0311967
5.41378, 5.27975, 0.422351, 0.00892301, 0.998952, -0.0400756
5.413, 5.29056, 0.420663, 0.00590929, 0.999175, -0.0334644
5.41213, 5.28301, 0.423436, 0.00182123, 0.999238, -0.030401
5.41237, 5.28214, 0.426961, 0.0170507, 0.999137, -0.0344875
5.41043, 5.2772, 0.423784, 0.0146667, 0.998992, -0.0375551
5.41027, 5.27978, 0.428942, 0.0147051, 0.999216, -0.0284521
5.41263, 5.27769, 0.424996, -0.0118319, -0.999525, 0.0257781
5.41023, 5.28495, 0.420199, 0.0124308, 0.998877, -0.0404421
5.41318, 5.28312, 0.423034, 0.0134245, 0.998799, -0.0405199
5.41145, 5.27738, 0.422989, 0.0139415, 0.999203, -0.0335321
5.41234, 5.2793, 0.42078, -0.0146742, -0.998619, 0.04011
5.4136, 5.28945, 0.424591, -0.00882027, -0.998014, 0.0613476
5.41445, 5.27874, 0.41857, -0.00921101, -0.998734, 0.0470361
5.41163, 5.28356, 0.419277, 0.00809788, 0.999334, -0.0274696
5.41368, 5.28078, 0.419313, -0.00811123, -0.999174, 0.025549
5.41041, 5.27743, 0.419823, 0.0125431, 0.999633, -0.0212885
5.41132, 5.27772, 0.416085, -0.0163904, -0.999017, 0.0379924
5.4122, 5.27815, 0.422591, 0.0164717, 0.999215, -0.0349603
5.41242, 5.27923, 0.419577, 0.014718, 0.999228, -0.0320349
5.40954, 5.28568, 0.420617, 0.0163186, 0.998856, -0.0401943
5.41419, 5.28849, 0.414458, -0.0123273, -0.999311, 0.0309804
5.41322, 5.29427, 0.423701, 0.0118806, 0.998677, -0.0454577
5.41111, 5.28113, 0.416079, -0.0225078, -0.998124, 0.054332
5.41432, 5.27789, 0.417237, 0.0114213, 0.999725, -0.018778
5.41127, 5.28508, 0.419886, -0.0166677, -0.99886, 0.0426089
5.41183, 5.28351, 0.427031, 0.0151677, 0.999232, -0.0286664
5.41237, 5.29385, 0.422931, 0.00738444, 0.998593, -0.044392
5.41177, 5.27779, 0.429683, 0.0142807, 0.999467, -0.0248399
5.41184, 5.28399, 0.425285, -0.0137449, -0.998877, 0.0335985
5.41311, 5.27692, 0.416126, 0.0153681, 0.999547, -0.0231502
5.41429, 5.27813, 0.419416, 0.00671486, 0.999436, -0.0274936
5.411, 5.27538, 0.428125, 0.0172794, 0.999459, -0.0252922
5.4126, 5.27744, 0.423543, 0.00944448, 0.999359, -0.029949
5.41199, 5.28382, 0.42538, -0.0191665, -0.998803, 0.0387737
5.41235, 5.27974, 0.414769, -0.0153688, -0.999287, 0.0314682
5.412, 5.28307, 0.421112, 0.0127805, 0.999015, -0.0359857
5.41077, 5.28556, 0.424648, 0.0121292, 0.99933, -0.0316257
5.41311, 5.27845, 0.422264, 0.0103234, 0.999739, -0.0175617
5.4122, 5.28231, 0.424619, 0.00859664, 0.998836, -0.042914
5.41355, 5.29484, 0.424002, -0.01781, -0.998719, 0.0431154
5.41382, 5.27999, 0.415921, 0.0117538, 0.999409, -0.0253552
5.41137, 5.29138, 0.431777, -0.0182955, -0.998157, 0.0513974
5.41132, 5.28053, 0.415031, 0.0179666, 0.999505, -0.0168665
5.4118, 5.28655, 0.42288, 0.00888212, 0.999494, -0.0290435
5.41369, 5.29772, 0.421588, -0.00688487, -0.998734, 0.0414259
5.41207, 5.27812, 0.419698, 0.0121357, 0.999265, -0.033122
5.412, 5.27868, 0.418469, 0.0172077, 0.999258, -0.0239075
5.41273, 5.28487, 0.420538, 0.0119572, 0.998763, -0.0456052
5.40995, 5.27834, 0.420926, 0.0171922, 0.99955, -0.0195651
5.41263, 5.27959, 0.422975, -0.0205439, -0.998878, 0.0390468
5.41109, 5.27781, 0.426189, 0.0149371, 0.998208, -0.0525522
5.41526, 5.2879, 0.421984, -0.000256538, -0.999167, 0.0352546
5.41361, 5.2787, 0.422277, -0.00996466, -0.999547, 0.0255547
5.41085, 5.27952, 0.420662, -0.0137225, -0.999287, 0.0319198
5.41489, 5.28431, 0.424303, -0.0143037, -0.999436, 0.0270538
5.41241, 5.28433, 0.421285, 0.0120455, 0.999396, -0.03032
5.41293, 5.29156, 0.42276, 0.0125784, 0.997712, -0.059492
5.41487, 5.27831, 0.417906, 0.0130655, 0.999369, -0.0289392
5.41165, 5.2724, 0.420127, -0.0146095, -0.999189, 0.0218224
5.41263, 5.27773, 0.425692, 0.00741608, 0.999282, -0.0199739
5.41515, 5.28013, 0.418376, -0.00612475, -0.999003, 0.0399837
5.41312, 5.27992, 0.417058, 0.0140706, 0.999186, -0.0347962
5.41126, 5.26426, 0.427892, -0.0170348, -0.999362, 0.0288485
5.41063, 5.27847, 0.42874, 0.0164306, 0.998049, -0.0526406
5.41325, 5.27884, 0.421824, -0.0131024, -0.999506, 0.0259211
5.41326, 5.28404, 0.427185, 0.0134391, 0.999344, -0.0291381
5.4133, 5.28281, 0.416336, -0.016399, -0.998564, 0.0496403
5.41051, 5.27731, 0.419342, 0.0164315, 0.999228, -0.0313221
5.41083, 5.28713, 0.421786, -0.0108232, -0.999006, 0.0398538
5.41307, 5.28025, 0.426457, -0.00118051, -0.998356, 0.0544697
5.41151, 5.28215, 0.420126, 0.0131224, 0.999226, -0.0312832
5.41399, 5.27994, 0.420259, 0.00795813, 0.998681, -0.0461341
5.41225, 5.28029, 0.421117, -0.0175044, -0.998828, 0.0391191
5.41244, 5.29479, 0.420981, 0.0102323, 0.998859, -0.0424892
5.41222, 5.28522, 0.423205, -0.00876279, -0.999226, 0.0362662
5.41008, 5.28137, 0.428762, -0.0171085, -0.998851, 0.0415796
5.41344, 5.27767, 0.420028, 0.0140126, 0.999465, -0.0281384
5.41445, 5.28858, 0.41923, -0.00909537, -0.998391, 0.0495365
5.41248, 5.27693, 0.423053, -0.0120639, -0.999602, 0.0213174
5.41058, 5.27634, 0.417539, 0.016487, 0.999681, -0.0139339
5.41272, 5.27678, 0.418934, -0.0088856, -0.999528, 0.0289262
5.4107, 5.27926, 0.420189, -0.0174748, -0.999256, 0.0256968
5.41362, 5.27807, 0.426193, 0.00972229, 0.999473, -0.0206953
5.41224, 5.27516, 0.42634, 0.0087567, 0.999654, -0.0211224
5.41107, 5.27816, 0.418758, -0.0172427, -0.999651, 0.0136807
5.41142, 5.29241, 0.419556, -0.0101123, -0.998551, 0.0456976
5.41235, 5.27851, 0.415526, -0.013066, -0.999462, 0.0241045
5.41299, 5.29512, 0.419074, -0.00789072, -0.998616, 0.0449404
5.41507, 5.29577, 0.420836, -0.0133444, -0.998356, 0.0508857
5.41216, 5.29066, 0.423563, -0.0163829, -0.998929, 0.0373243
5.41258, 5.28061, 0.420032, -0.0153292, -0.99905, 0.0374799
5.41331, 5.30286, 0.422454, -0.00882548, -0.998238, 0.0565187
5.41226, 5.27712, 0.421605, 0.0113182, 0.998867, -0.0409385
5.41137, 5.28004, 0.423077, -0.0111404, -0.999334, 0.0274831
5.41389, 5.27996, 0.413971, -0.0166578, -0.998336, 0.0503145
5.41196, 5.28331, 0.421777, 0.0153936, 0.998891, -0.0395617
5.41004, 5.28219, 0.418192, -0.0298282, -0.998615, 0.0355467
5.41212, 5.29076, 0.421779, 0.013073, 0.998931, -0.0343534
5.41253, 5.27927, 0.417433, -0.0135961, -0.999138, 0.0336904
5.41491, 5.28083, 0.421328, 0.00571591, 0.998236, -0.0566375
5.41075, 5.27902, 0.421508, -0.0210651, -0.998444, 0.0448754
5.41153, 5.27894, 0.417458, -0.0123375, -0.999229, 0.0328929
5.41304, 5.27947, 0.415367, -0.0161185, -0.999628, 0.0165336
5.41209, 5.27871, 0.418928, 0.0146532, 0.998647, -0.0391225
5.41429, 5.27737, 0.418075, 0.00936914, 0.999558, -0.0252799
5.41414, 5.27914, 0.421385, 0.00834965, 0.999397, -0.0318555
5.41233, 5.27837, 0.419888, -0.0112313, -0.998824, 0.0446731
5.41075, 5.29361, 0.418831, 0.0086065, 0.999078, -0.0407692
5.41282, 5.27862, 0.420753, -0.0158498, -0.999522, 0.0236053
5.41301, 5.27718, 0.422769, 0.0113558, 0.99819, -0.0542471
5.41315, 5.2892, 0.424036, 0.0123527, 0.998859, -0.0442114
5.41435, 5.29016, 0.423912, -0.00912921, -0.998901, 0.0430201
5.41203, 5.2955, 0.423799, -0.0208479, -0.998634, 0.0416905
5.41168, 5.27919, 0.428097, -0.0135629, -0.999198, 0.0343057
5.41389, 5.29199, 0.419676, 0.00756907, 0.999064, -0.0370202
5.41184, 5.27883, 0.425091, -0.0152825, -0.998728, 0.0454047
5.41277, 5.27779, 0.415772, -0.0170429, -0.999354, 0.0199879
5.41433, 5.27412, 0.418186, 0.0197323, 0.998634, -0.0407795
5.41652, 5.28548, 0.416921, -0.0132583, -0.998371, 0.0509822
5.41148, 5.27782, 0.425329, 0.014207, 0.999033, -0.037423
5.41628, 5.28023, 0.41641, -0.00124422, -0.998371, 0.0526455
5.41169, 5.27724, 0.418176, 0.012849, 0.999382, -0.0285652
5.4115, 5.28218, 0.421195, -0.0095368, -0.999258, 0.0355332
5.41097, 5.27792, 0.413553, 0.0197172, 0.999162, -0.0282191
5.40986, 5.27889, 0.421042, 0.0101363, 0.999376, -0.0237169
5.41201, 5.2768, 0.417794, 0.0173103, 0.999435, -0.025044
5.41239, 5.28564, 0.418492, 0.0117128, 0.999216, -0.0336713
5.41364, 5.27908, 0.422912, -0.0139679, -0.999402, 0.029783
5.41304, 5.28034, 0.418609, -0.00578357, -0.998786, 0.0432582
5.41146, 5.27822, 0.424422, -0.0101043, -0.999184, 0.0383857
5.41535, 5.27737, 0.415292, 0.00946036, 0.999136, -0.036446
5.41343, 5.28398, 0.429319, 0.00640036, 0.998821, -0.0409551
5.41169, 5.27777, 0.422523, -0.0152663, -0.999493, 0.0266147
5.41179, 5.27919, 0.417825, -0.0182663, -0.998782, 0.0333502
5.41006, 5.27882, 0.421346, -0.0161263, -0.999178, 0.0341662
5.41224, 5.28041, 0.422605, -0.0116801, -0.999251, 0.029893
5.41228, 5.27892, 0.420416, -0.0133782, -0.99918, 0.0335598
5.4121, 5.27919, 0.419348, -0.0112563, -0.998904, 0.0396829
5.4114, 5.27929, 0.424208, -0.0172975, -0.999098, 0.0373149
5.4133, 5.27638, 0.41827, 0.0117388, 0.999528, -0.0271574
5.41242, 5.27946, 0.421612, 0.0136578, 0.999351, -0.0269987
5.41092, 5.27902, 0.421111, -0.0166898, -0.999122, 0.033384
5.41345, 5.2745, 0.426252, -0.0117403, -0.999608, 0.0246962
5.41022, 5.27883, 0.425876, -0.0213894, -0.999093, 0.0295137
5.41424, 5.29473, 0.422923, 0.0104788, 0.998852, -0.0429469
5.41231, 5.29022, 0.420796, 0.0131421, 0.999056, -0.0348483
5.41141, 5.2787, 0.423698, 0.0169452, 0.999395, -0.0263454
5.41249, 5.28478, 0.426252, 0.0123716, 0.998803, -0.0442725
5.41413, 5.27915, 0.41821, -0.0104273, -0.998851, 0.0410267
5.41492, 5.28927, 0.420834, 0.0123207, 0.999351, -0.0235657
5.41011, 5.28287, 0.422604, 0.01239, 0.998475, -0.0508293
5.41267, 5.28106, 0.423628, 0.013892, 0.998878, -0.0424903
5.415, 5.28402, 0.417821, 0.00428802, 0.999301, -0.0343315
5.41162, 5.28896, 0.426415, 0.0173552, 0.998722, -0.0460552
5.40983, 5.28959, 0.422675, -0.0153641, -0.998555, 0.0458016
5.4119, 5.28041, 0.422418, -0.00797809, -0.999196, 0.0320551
5.41367, 5.28109, 0.419974, -0.00235434, -0.999398, 0.0308734
5.41075, 5.2796, 0.422918, 0.0143551, 0.998686, -0.0409007
5.41303, 5.28477, 0.415986, -0.0126645, -0.998989, 0.0365884
5.41493, 5.27951, 0.413403, -0.0135626, -0.998945, 0.0387377
5.41198, 5.27801, 0.42159, 0.0184911, 0.99951, -0.0170728
5.41263, 5.27753, 0.426801, 0.00944108, 0.999011, -0.0381216
5.41303, 5.27852, 0.421078, 0.0117179, 0.999435, -0.0290108
5.41324, 5.27761, 0.419817, 0.0115527, 0.999197, -0.0373471
5.41547, 5.28421, 0.419099, 0.0143372, 0.999146, -0.033391
5.41306, 5.27843, 0.416588, 0.0158816, 0.999335, -0.0226838
5.41261, 5.27976, 0.419533, 0.00513829, 0.999408, -0.0300486
5.4137, 5.28571, 0.418937, -0.0110954, -0.99885, 0.0427937
5.41044, 5.28997, 0.422605, 0.0263418, 0.998824, -0.0309512
5.41294, 5.28119, 0.424667, -0.015312, -0.998115, 0.0552704
5.41296, 5.28076, 0.422632, 0.00417317, 0.999382, -0.0327841
5.41168, 5.28309, 0.423581, 0.0067061, 0.99946, -0.0274987
5.41242, 5.28373, 0.41765, -0.0132671, -0.99941, 0.0198478
5.41238, 5.27686, 0.418737, -0.00480366, -0.999528, 0.0267974
5.41069, 5.27855, 0.420765, 0.0127393, 0.999175, -0.0359565
5.41373, 5.27985, 0.415669, -0.011368, -0.998473, 0.0516298
5.41212, 5.28471, 0.422433, -0.0107064, -0.999156, 0.0302174
5.4159, 5.28566, 0.419295, -0.00579496, -0.998559, 0.0477672
5.41348, 5.27612, 0.419781, -0.0104473, -0.999623, 0.0222832
5.41397, 5.28578, 0.417971, 0.00448902, 0.998889, -0.0427565
5.41485, 5.28598, 0.416239, 0.00932945, 0.999298, -0.0303745
5.41294, 5.2647, 0.416292, -0.0208934, -0.999628, 0.00977749
5.41427, 5.27957, 0.421532, -0.00520612, -0.999107, 0.0337535
5.41382, 5.27844, 0.422532, -0.0124545, -0.99884, 0.0445868
5.40964, 5.28496, 0.420586, -0.0144497, -0.998917, 0.0427412
5.41112, 5.28677, 0.420771, -0.0153326, -0.999194, 0.035999
5.41606, 5.2775, 0.414817, 0.00260591, 0.99964, -0.0204812
5.4137, 5.27832, 0.424173, 0.0112071, 0.999319, -0.0325038
5.4135, 5.27777, 0.420507, -0.0166082, -0.999252, 0.0314273
5.41103, 5.27901, 0.416348, 0.0180802, 0.999104, -0.037177
5.41412, 5.27967, 0.415963, -0.0218589, -0.999229, 0.0277818
5.40915, 5.28311, 0.420123, 0.0138487, 0.999413, -0.0279147
5.41108, 5.27965, 0.422389, 0.00934232, 0.999545, -0.0247059
5.413, 5.28612, 0.417891, -0.00364828, -0.999223, 0.0310596
5.41478, 5.28058, 0.41973, -0.0073067, -0.999165, 0.0351402
5.41197, 5.28228, 0.424488, -0.0111204, -0.999509, 0.0249792
5.41121, 5.2886, 0.423678, -0.0178593, -0.999203, 0.0336236
5.41192, 5.27686, 0.427021, 0.014108, 0.99968, -0.0188084
5.41206, 5.27394, 0.421848, -0.00911834, -0.999478, 0.0300523
5.41165, 5.27952, 0.419536, 0.00778215, 0.999133, -0.0372404
5.41321, 5.27981, 0.422436, 0.0129195, 0.998973, -0.0374414
5.4154, 5.29422, 0.416406, -0.000174818, -0.998585, 0.0451046
5.41172, 5.27797, 0.415742, -0.0146444, -0.998742, 0.0206882
5.41245, 5.28373, 0.422188, -0.0221203, -0.998429, 0.0494524
5.41414, 5.27828, 0.417761, 0.0119308, 0.999496, -0.0234351
5.41388, 5.27923, 0.418149, 0.0108076, 0.999452, -0.0268262
5.41347, 5.27759, 0.422104, 0.0144079, 0.999406, -0.023156
5.41309, 5.28123, 0.420522, 0.0102175, 0.998981, -0.0424809
5.41289, 5.2941, 0.424769, 0.0147697, 0.999209, -0.0318359
5.41261, 5.2774, 0.42417, -0.00593646, -0.999389, 0.0328206
5.41073, 5.28029, 0.42457, -0.0126028, -0.998958, 0.0403113
5.41157, 5.27919, 0.413755, 0.0085648, 0.998789, -0.038537
5.41212, 5.27818, 0.41737, 0.00951774, 0.999398, -0.0322237
5.41219, 5.27795, 0.425518, -0.0145081, -0.999056, 0.0381196
5.41303, 5.27939, 0.417153, 0.0153988, 0.999517, -0.022801
5.4151, 5.27942, 0.418145, -0.0003901, 0.998674, -0.0482081
5.41255, 5.28395, 0.420534, -0.0138661, -0.998713, 0.0355772
5.41433, 5.28511, 0.424922, -0.0049305, -0.99883, 0.0425082
5.4116, 5.27935, 0.4264, -0.0140554, -0.998914, 0.0390494
5.41321, 5.27817, 0.419081, 0.0132592, 0.998887, -0.0407321
5.40936, 5.28612, 0.423091, 0.0179623, 0.998731, -0.042925
5.41299, 5.2801, 0.424764, 0.00698383, 0.998741, -0.0449274
5.41601, 5.296, 0.41861, 0.0101649, 0.998881, -0.0355647
5.41272, 5.27926, 0.425687, 0.0168725, 0.998558, -0.0383931
5.41352, 5.28336, 0.423329, -0.0123191, -0.999209, 0.035031
5.41208, 5.29218, 0.424011, 0.0143014, 0.998801, -0.0406705
5.41182, 5.27646, 0.418657, -0.00574322, -0.999376, 0.0241557
5.41107, 5.28447, 0.417054, 0.0166439, 0.998924, -0.0404598
5.41429, 5.27878, 0.422972, -0.00748162, -0.99978, 0.0142142
5.41471, 5.2787, 0.419441, -0.0138933, -0.99964, 0.0172874
5.41386, 5.27962, 0.420156, -0.0150534, -0.998877, 0.0391492
5.41344, 5.28177, 0.418526, 0.0159891, 0.998897, -0.0369746
5.41329, 5.27916, 0.422084, 0.0111212, 0.998733, -0.0438199
5.41306, 5.28153, 0.418704, -0.012997, -0.999218, 0.0331445
5.41155, 5.27861, 0.420627, -0.0207361, -0.998904, 0.0358205
5.41285, 5.28289, 0.425411, 0.0160881, 0.99879, -0.0383262
5.4142, 5.27756, 0.41296, 0.013869, 0.999496, -0.0245512
5.41481, 5.27675, 0.418006, 0.0117061, 0.999492, -0.0269168
5.41472, 5.28928, 0.423207, 0.000436181, -0.998576, 0.048937
5.41203, 5.28104, 0.420666, -0.0169398, -0.999094, 0.0355918
5.4111, 5.2787, 0.425606, -0.0144719, -0.999347, 0.0268591
5.41494, 5.28093, 0.417392, 0.0127741, 0.999011, -0.0412286
5.41215, 5.2852, 0.421842, 0.0148261, 0.998893, -0.0423807
5.41425, 5.28478, 0.42056, -0.00929342, -0.998857, 0.0404785
5.41156, 5.28393, 0.421308, 0.0116509, 0.998417, -0.0519511
5.41378, 5.27996, 0.418233, -0.014148, -0.998042, 0.0518922
5.41193, 5.28483, 0.418083, -0.00922872, -0.9986, 0.0486173
5.41423, 5.28551, 0.419992, 0.00159445, 0.998215, -0.0555906
5.41343, 5.28481, 0.427269, -0.00867003, -0.998586, 0.045073
5.41134, 5.28047, 0.422367, -0.0171843, -0.998751, 0.0409754
5.41264, 5.28149, 0.418387, -0.0025629, -0.999209, 0.0362831
5.4101, 5.27725, 0.420387, 0.0116814, 0.99967, -0.0186113
5.41273, 5.27877, 0.416389, -0.0137838, -0.999185, 0.0298627
5.41441, 5.28033, 0.42136, -0.0127013, -0.998316, 0.0535701
5.41216, 5.28472, 0.420404, -0.0183993, -0.998739, 0.0403021
5.4129, 5.27847, 0.420174, 0.0101647, 0.999516, -0.0263952
5.41437, 5.29146, 0.41524, -0.0157581, -0.999043, 0.0354972
5.41417, 5.27831, 0.418833, -0.0148915, -0.999224, 0.0338873
5.41204, 5.27836, 0.422022, -0.0124279, -0.998906, 0.0258715
5.41101, 5.28046, 0.424013, -0.0106881, -0.998727, 0.0421807
5.41244, 5.29068, 0.427502, 0.00994128, 0.998461, -0.0507733
5.41119, 5.27657, 0.427934, -0.0206337, -0.998938, 0.0340372
5.41302, 5.28958, 0.420871, 0.00886963, 0.999502, -0.0210319
5.41114, 5.28331, 0.422633, 0.01424, 0.999328, -0.0295212
5.41218, 5.28872, 0.425547, 0.00871962, 0.999652, -0.0210315
5.41289, 5.28993, 0.420703, -0.00440025, -0.998969, 0.0419273
5.41088, 5.27951, 0.428073, 0.0155962, 0.999419, -0.0281662
5.41303, 5.27783, 0.416808, 0.0146586, 0.998918, -0.041205
5.41042, 5.28002, 0.425186, -0.0126478, -0.998816, 0.0431206
5.41427, 5.28, 0.41557, 0.013732, 0.999156, -0.0290874
5.41404, 5.29346, 0.417374, -0.00746065, -0.998864, 0.0385788
5.41327, 5.28879, 0.425876, -0.0165757, -0.999168, 0.0308769
5.41189, 5.28489, 0.419976, -0.0150702, -0.999038, 0.0381387
5.41801, 5.28589, 0.412529, -0.00698241, -0.998127, 0.0567626
5.41474, 5.28374, 0.418268, 0.0196119, 0.998757, -0.0420985
5.41325, 5.28092, 0.422861, -0.0107058, -0.999329, 0.0295636
5.4128, 5.27908, 0.41684, 0.0112293, 0.999276, -0.0332498
5.4114, 5.28633, 0.422452, -0.0158996, -0.999272, 0.0306402
5.41448, 5.27786, 0.421392, -0.00109808, -0.999047, 0.0360444
5.4154, 5.27882, 0.416333, 0.0101895, 0.999488, -0.0222968
5.41396, 5.27894, 0.41936, -0.0215688, -0.998329, 0.0485735
5.4117, 5.27795, 0.423311, -0.0111975, -0.998851, 0.0384121
5.41715, 5.27094, 0.417927, 0.00640182, 0.998811, -0.0438355
5.41294, 5.2805, 0.419507, 0.00976502, 0.999233, -0.0329797
5.41357, 5.2851, 0.416102, -0.0205826, -0.998883, 0.035891
5.41314, 5.30201, 0.418954, -0.00620387, -0.998198, 0.053502
5.41569, 5.28987, 0.415673, 0.00968136, 0.998813, -0.0388898
5.41165, 5.27735, 0.425331, -0.0155139, -0.999442, 0.0248614
5.41236, 5.27812, 0.416849, -0.0154754, -0.998627, 0.0450901
5.41208, 5.28362, 0.426233, -0.0169103, -0.999199, 0.0260372
5.41207, 5.27776, 0.422676, 0.0109913, 0.999215, -0.0340184
5.41375, 5.27939, 0.419178, 0.00767779, 0.999356, -0.0340529
5.41087, 5.29182, 0.426464, -0.0189447, -0.998978, 0.0311329
5.41197, 5.28652, 0.424005, -0.0158914, -0.998465, 0.0452672
5.41036, 5.29097, 0.420436, -0.0222225, -0.998447, 0.0452022
5.41218, 5.27793, 0.425555, -0.0111634, -0.9998, 0.0125435
5.41252, 5.28449, 0.416093, -0.0129265, -0.998921, 0.0390305
5.41468, 5.28494, 0.414007, -0.0160538, -0.999082, 0.0347071
5.41136, 5.27958, 0.42253, 0.0148099, 0.998467, -0.0493519
5.41177, 5.28748, 0.419746, 0.0214112, 0.998389, -0.0304525
5.41082, 5.28226, 0.428901, -0.0129838, -0.999566, 0.0217103
5.4121, 5.27862, 0.421863, 0.00810787, 0.99895, -0.04047
5.41259, 5.29111, 0.425047, -0.00819846, -0.998521, 0.0477971
5.41393, 5.2776, 0.421271, 0.0134448, 0.999035, -0.0379051
5.41145, 5.28874, 0.422076, 0.0181851, 0.998114, -0.0563993
5.41592, 5.27972, 0.416747, -0.0119839, -0.999227, 0.0318342
5.41353, 5.28062, 0.418486, -0.0178721, -0.998866, 0.0357157
5.41147, 5.28581, 0.419792, 0.0123314, 0.999207, -0.0346981
5.41735, 5.28597, 0.408911, -0.00378603, -0.999349, 0.0169877
5.41274, 5.27852, 0.423168, -0.0140559, -0.999134, 0.0362273
5.41223, 5.27711, 0.424004, -0.00896227, -0.99939, 0.0289883
5.41241, 5.27828, 0.426092, 0.00686975, 0.999494, -0.0272261
5.41085, 5.27998, 0.424499, -0.0187291, -0.999235, 0.0283604
5.41493, 5.28304, 0.416338, 0.0167544, 0.99908, -0.0376917
5.41125, 5.27855, 0.42474, 0.0152706, 0.998915, -0.0409208
5.41174, 5.27844, 0.416418, 0.0236685, 0.999133, -0.0309956
5.41211, 5.28437, 0.426597, -0.013392, -0.998258, 0.0551626
5.41367, 5.27912, 0.420139, -0.0152368, -0.998761, 0.0439064
5.41159, 5.28406, 0.42427, 0.0109809, 0.999243, -0.0357375
5.41388, 5.27784, 0.420773, 0.0114027, 0.998604, -0.0495937
5.41379, 5.28548, 0.421687, -0.00825987, -0.999326, 0.0333315
5.41339, 5.28695, 0.426283, -0.0128629, -0.998348, 0.0524777
5.41036, 5.27946, 0.417953, 0.0257956, 0.998458, -0.042855
5.41315, 5.28312, 0.419496, 0.0151789, 0.999055, -0.0326859
5.41145, 5.28542, 0.42136, -0.0130673, -0.999035, 0.0352844
5.4124, 5.27606, 0.427154, -0.0137035, -0.999106, 0.0356676
5.4136, 5.28952, 0.420645, 0.0107376, 0.999079, -0.035494
5.41129, 5.27698, 0.426718, 0.0162432, 0.998851, -0.0361104
5.4117, 5.27862, 0.424049, -0.00829189, -0.99945, 0.0207844
5.41105, 5.27716, 0.423851, -0.0164966, -0.999251, 0.0335424
5.41207, 5.27624, 0.421472, -0.0106687, -0.999323, 0.0317293
5.40971, 5.2782, 0.418986, 0.019669, 0.999247, -0.0266943
5.4122, 5.27675, 0.420215, 0.0128272, 0.999311, -0.0294065
5.41122, 5.27933, 0.425858, 0.0106877, 0.999223, -0.035423
5.4112, 5.27639, 0.423348, -0.0133533, -0.999229, 0.0354517
5.41003, 5.28004, 0.425189, 0.00935211, 0.999353, -0.0341177
5.41228, 5.28261, 0.420207, 0.00734975, 0.999431, -0.0295979
5.41135, 5.28593, 0.42012, 0.0168714, 0.999422, -0.0180258
5.41217, 5.27636, 0.421751, 0.012979, 0.999429, -0.0248084
5.41215, 5.28009, 0.423947, -0.00993373, -0.998551, 0.0502895
5.41288, 5.27954, 0.416642, -0.0149359, -0.99929, 0.0260114
5.41169, 5.27937, 0.420114, 0.0139347, 0.999451, -0.0274048
5.41391, 5.27752, 0.417754, 0.011806, 0.999471, -0.0272975
5.40945, 5.27934, 0.418822, -0.0170976, -0.999412, 0.0267125
5.41428, 5.27745, 0.422106, -0.00963384, -0.998979, 0.0411187
5.41218, 5.27979, 0.416431, -0.00993148, -0.99879, 0.0422929
5.41292, 5.29042, 0.423213, 0.0128117, 0.999245, -0.0292641
5.41306, 5.2897, 0.419054, 0.00770429, 0.999172, -0.0356111
5.41183, 5.27977, 0.424873, 0.00946352, 0.999576, -0.0269623
5.41307, 5.27959, 0.415375, 0.0110127, 0.999552, -0.0192614
5.4111, 5.27881, 0.42145, -0.0179392, -0.998988, 0.037839
5.41419, 5.28003, 0.413585, -0.0156061, -0.998904, 0.0402766
5.41269, 5.2798, 0.417215, 0.00928678, 0.999182, -0.0365794
5.41326, 5.28013, 0.419676, -0.00461969, -0.999456, 0.024972
5.41515, 5.29882, 0.413614, 0.00606206, 0.998461, -0.0460473
5.41159, 5.27858, 0.424683, -0.00664577, -0.999257, 0.0338976
5.41137, 5.29173, 0.424361, -0.0117976, -0.998242, 0.0523009
5.412, 5.2833, 0.423509, -0.0143286, -0.998692, 0.0401767
5.41106, 5.28918, 0.4194, -0.016587, -0.999336, 0.0301258
5.41581, 5.27971, 0.419721, 0.00975969, 0.998969, -0.0371742
5.41076, 5.2763, 0.427232, -0.0148617, -0.999201, 0.028962
5.41175, 5.28411, 0.422155, 0.0200709, 0.998691, -0.0412814
5.41232, 5.28123, 0.420861, -0.0116143, -0.998746, 0.0453248
5.41281, 5.27759, 0.419311, 0.0124015, 0.999408, -0.0275408
5.4142, 5.27818, 0.417495, -0.01335, -0.999454, 0.0261443
5.41299, 5.2917, 0.418166, 0.0102685, 0.998031, -0.0517823
5.4122, 5.27572, 0.426325, -0.0126602, -0.99966, 0.0198836
5.41007, 5.28371, 0.421635, -0.0216294, -0.998916, 0.0331307
5.41303, 5.27766, 0.426163, -0.0125911, -0.999, 0.0417714
5.41121, 5.28087, 0.416382, -0.0150426, -0.998314, 0.0510108
5.41155, 5.27781, 0.422395, -0.0156452, -0.998591, 0.0450709
5.40882, 5.27808, 0.430732, -0.0130307, -0.998665, 0.0426848
5.41188, 5.28401, 0.430676, 0.0062998, 0.998965, -0.0418115
5.41329, 5.28471, 0.424552, 0.00898708, 0.999644, -0.0211752
5.41513, 5.27726, 0.419708, -0.00441695, 0.998821, -0.0405943
5.41357, 5.28012, 0.426359, 0.00469757, 0.998942, -0.0407005
5.41257, 5.28053, 0.42088, -0.0068081, -0.999396, 0.0306696
5.41247, 5.27814, 0.421215, 0.0118128, 0.998633, -0.0463525
5.41722, 5.27889, 0.420247, 0.00385354, 0.998647, -0.0465796
5.41303, 5.29331, 0.421402, 2.8206e-05, 0.999172, -0.0281777
5.41245, 5.27952, 0.417056, 0.0215939, 0.998737, -0.0315896
5.41134, 5.27958, 0.4173, -0.0136894, -0.99901, 0.0303592
5.41364, 5.27744, 0.417308, 0.0125286, 0.999187, -0.0340412
5.41238, 5.27928, 0.416311, -0.0201897, -0.999528, 0.0207102
5.41106, 5.28567, 0.419147, -0.0129006, -0.998637, 0.0430158
5.41107, 5.2736, 0.418565, 0.0154374, 0.998981, -0.0383448
5.41241, 5.28563, 0.42421, 0.0108549, 0.998918, -0.04142
5.41138, 5.27751, 0.422794, -0.0118894, -0.99939, 0.0290109
5.41344, 5.29433, 0.41757, -0.0137288, -0.998334, 0.0550597
5.41293, 5.27747, 0.419284, 0.0197486, 0.998914, -0.0338177
5.4128, 5.27926, 0.424048, 0.00708933, 0.999458, -0.0309703
5.41207, 5.28565, 0.417603, -0.0133925, -0.999248, 0.0337651
5.41326, 5.27763, 0.42197, -0.0143842, -0.999189, 0.0300266
5.41074, 5.27865, 0.421321, -0.0156368, -0.998785, 0.0420221
5.41273, 5.28537, 0.417586, 0.0291891, 0.998281, -0.0428436
5.41271, 5.279, 0.426067, -0.0117285, -0.998957, 0.0413102
5.41348, 5.28061, 0.416605, -0.0095227, -0.999333, 0.0283628
5.41149, 5.2807, 0.418593, 0.0152515, 0.999497, -0.0253358
5.41143, 5.27928, 0.424303, -0.0106677, -0.999136, 0.0346756
5.41118, 5.29067, 0.430989, 0.0144695, 0.998976, -0.0380882
5.41366, 5.27863, 0.422196, -0.0106704, -0.999482, 0.0269584
5.41182, 5.28524, 0.418651, -0.0109977, -0.998672, 0.0409346
5.41213, 5.27726, 0.421138, 0.0144209, 0.999173, -0.0364262
5.4113, 5.28022, 0.426082, 0.0211164, 0.998427, -0.0404307
5.41332, 5.27834, 0.419194, -0.0157806, -0.998942, 0.0411251
5.41351, 5.28058, 0.422004, 0.0181531, 0.998897, -0.0379641
5.41499, 5.28491, 0.421776, -0.00919397, -0.999128, 0.038138
5.41336, 5.27926, 0.420771, -0.0139057, -0.999032, 0.0379364
5.41407, 5.27997, 0.419229, 0.0137554, 0.999127, -0.0330378
5.41341, 5.2767, 0.423195, -0.00276638, -0.99905, 0.0392284
5.41356, 5.27948, 0.417847, -0.0156202, -0.998805, 0.0411365
5.41147, 5.27782, 0.423167, 0.010959, 0.998297, -0.054045
5.41427, 5.27838, 0.418116, 0.0142353, 0.99922, -0.0334881
5.4095, 5.28422, 0.418036, 0.0175601, 0.99906, -0.0335382
5.41246, 5.28012, 0.423246, -0.00565041, -0.998713, 0.045638
5.41273, 5.27582, 0.428334, 0.0150628, 0.999466, -0.0261516
5.41344, 5.27859, 0.423814, -0.0102515, -0.999511, 0.0291678
5.41026, 5.29523, 0.427408, 0.00909636, 0.998892, -0.0390237
5.41152, 5.28482, 0.426021, 0.0198643, 0.998514, -0.0483866
5.41224, 5.28414, 0.424156, -0.0143352, -0.998748, 0.0428988
5.41208, 5.27682, 0.421723, 0.0115736, 0.99944, -0.0305762
5.41104, 5.28053, 0.416916, -0.020075, -0.99851, 0.0465288
5.41441, 5.28375, 0.416969, -0.0136751, -0.99927, 0.0293907
5.41159, 5.2855, 0.416053, 0.0173432, 0.999558, -0.0158792
5.41106, 5.27873, 0.414497, -0.013145, -0.999384, 0.0233704
5.41316, 5.27723, 0.427684, 0.00865357, 0.998531, -0.0485828
5.41496, 5.2805, 0.416356, 0.00959881, 0.9989, -0.0394011
5.41265, 5.28066, 0.418576, -0.00467734, -0.998914, 0.0361517
5.41507, 5.28619, 0.424944, -0.00893501, -0.998908, 0.041384
5.41247, 5.27881, 0.420267, 0.012168, 0.999367, -0.0315384
5.41284, 5.27859, 0.42559, -0.0121973, -0.99904, 0.0405449
5.41158, 5.2836, 0.423296, -0.0231358, -0.998603, 0.0438782
5.41301, 5.28461, 0.418058, -0.0184091, -0.998697, 0.042046
5.41179, 5.29125, 0.424392, 0.0133128, 0.999457, -0.0278398
5.4119, 5.26888, 0.425468, -0.0139385, -0.999125, 0.0374365
5.41412, 5.28379, 0.424089, 0.0119267, 0.998241, -0.0536555
5.41086, 5.27792, 0.427782, -0.0165849, -0.99883, 0.0405428
5.41268, 5.27796, 0.423563, 0.0125156, 0.999256, -0.0345889
5.41203, 5.28128, 0.424255, 0.0153005, 0.998716, -0.0454506
5.41092, 5.28714, 0.429861, 0.0142964, 0.999079, -0.0385679
5.40998, 5.28015, 0.428844, 0.0126998, 0.998536, -0.0469874
5.41504, 5.2781, 0.420607, 0.0150153, 0.998118, -0.0562712
5.40981, 5.28361, 0.417321, -0.0240788, -0.999204, 0.0128187
5.41046, 5.28204, 0.418589, 0.014768, 0.999207, -0.0342238
5.41207, 5.27609, 0.423194, -0.0160786, -0.999431, 0.0271115
5.41012, 5.2788, 0.428303, -0.0147732, -0.998868, 0.0404594
5.40928, 5.27966, 0.421619, -0.0206139, -0.998728, 0.039259
5.4126, 5.2962, 0.424816, -0.00958214, -0.997713, 0.0621349
5.41159, 5.28485, 0.422504, 0.016934, 0.998457, -0.0461776
5.41319, 5.27641, 0.418712, 0.0166514, 0.998743, -0.0434675
5.41135, 5.28618, 0.421567, -0.008748, -0.998586, 0.0495154
5.41037, 5.27804, 0.418855, -0.0171202, -0.999205, 0.0315848
5.41178, 5.27835, 0.42361, -0.0134492, -0.99893, 0.0380314
5.41108, 5.27749, 0.42492, 0.0102593, 0.999398, -0.0306664
5.41097, 5.27941, 0.421786, 0.0125639, 0.999456, -0.0243434
5.41552, 5.2794, 0.421275, 0.0131038, 0.999343, -0.0257052
5.41291, 5.27685, 0.430736, 0.0144008, 0.998734, -0.0445002
5.41138, 5.27802, 0.423424, 0.0146206, 0.999569, -0.0214372
5.41113, 5.28501, 0.41582, 0.0212749, 0.9992, -0.0310463
5.40891, 5.28995, 0.423642, -0.019185, -0.998509, 0.0481248
5.41075, 5.28463, 0.424628, 0.014441, 0.998671, -0.0452625
5.41522, 5.27979, 0.418198, -0.0137427, -0.999464, 0.0241615
5.41153, 5.27879, 0.417973, -0.015089, -0.998929, 0.0381277
5.41323, 5.27753, 0.424323, -0.0108004, -0.999141, 0.0364386
5.41378, 5.28171, 0.418339, -0.00757359, -0.999264, 0.0297741
5.41205, 5.28916, 0.419797, -0.014117, -0.998981, 0.0381536
5.41384, 5.29056, 0.42289, 0.00407306, 0.997894, -0.0581224
5.41332, 5.27613, 0.416756, -0.0158888, -0.99942, 0.027669
5.41325, 5.27933, 0.423589, 0.010646, 0.999458, -0.0252309
5.41405, 5.27942, 0.415196, 0.0184925, 0.999047, -0.0315103
5.41434, 5.27836, 0.423768, -0.0155149, -0.99884, 0.0404039
5.4125, 5.2794, 0.419162, -0.0112299, -0.99953, 0.0253392
5.41271, 5.27938, 0.429555, -0.0172205, -0.999007, 0.0312018
5.41156, 5.29207, 0.424593, -0.0104554, -0.99902, 0.0405948
5.41226, 5.28326, 0.427773, 0.0153354, 0.999566, -0.0161857
5.41148, 5.27724, 0.421028, -0.00900632, -0.999278, 0.0362305
5.41083, 5.27947, 0.411497, -0.0180054, -0.999369, 0.01985
5.41136, 5.27939, 0.419521, -0.0147295, -0.99895, 0.035596
5.41554, 5.28537, 0.417609, -0.00263802, -0.998367, 0.0531377
5.41188, 5.2778, 0.422619, 0.0212078, 0.999145, -0.0292709
5.41171, 5.28918, 0.425611, 0.0190685, 0.999092, -0.029414
5.41332, 5.28116, 0.414975, -0.0170676, -0.999381, 0.0182365
5.41121, 5.27543, 0.417037, 0.012864, 0.999474, -0.0218322
5.41101, 5.27934, 0.431605, 0.0175237, 0.999161, -0.0330573
5.41247, 5.27649, 0.42314, 0.0152254, 0.998752, -0.0421838
5.41515, 5.2839, 0.418665, -0.0131165, -0.999199, 0.034211
5.41283, 5.27835, 0.424818, -0.0175506, -0.998622, 0.0443049
5.40928, 5.2787, 0.424133, 0.0178755, 0.99938, -0.0239697
5.41235, 5.27885, 0.418481, -0.0255671, -0.997975, 0.0516995
5.41148, 5.28665, 0.421337, 0.0129417, 0.99898, -0.0379328
5.4108, 5.27711, 0.427164, -0.017124, -0.999413, 0.0261449
5.41349, 5.28591, 0.420692, -0.013466, -0.999349, 0.0306222
5.41241, 5.27549, 0.427693, -0.0124654, -0.999263, 0.0342198
5.41142, 5.2855, 0.418908, 0.0152914, 0.998708, -0.0449935
5.41229, 5.27759, 0.420576, -0.0160558, -0.999648, 0.000190267
5.41248, 5.28536, 0.421933, 0.00800858, 0.999272, -0.0339637
5.41238, 5.27724, 0.423865, 0.0181432, 0.999242, -0.0217938
5.41398, 5.27785, 0.412264, -0.0107999, -0.998902, 0.0414245
5.41102, 5.27699, 0.431342, 0.00820476, 0.999188, -0.0379218
5.41239, 5.27952, 0.417904, -0.0144878, -0.999003, 0.0328649
5.4113, 5.28014, 0.415655, -0.0103889, -0.998973, 0.0321166
5.41366, 5.28115, 0.416363, 0.00729327, 0.999516, -0.0255111
5.41398, 5.28203, 0.417388, 0.0202039, 0.999537, -0.0184898
5.41161, 5.28063, 0.419111, 0.0154059, 0.998756, -0.0113069
5.4125, 5.27979, 0.420524, 0.0151645, 0.999488, -0.0259254
5.41134, 5.27762, 0.42663, -0.0156533, -0.999403, 0.0270116
5.41319, 5.2801, 0.419585, 0.0070058, 0.998673, -0.047221
5.40925, 5.2787, 0.42467, -0.0158303, -0.998749, 0.0399059
5.41425, 5.29803, 0.422315, 0.012886, 0.998696, -0.0469425
5.41058, 5.28411, 0.425568, 0.00946673, 0.999123, -0.0369685
5.41197, 5.28525, 0.425356, 0.00569399, 0.999089, -0.0391585
5.41303, 5.27773, 0.419359, -0.0125788, -0.999592, 0.0226446
5.41092, 5.28247, 0.429182, -0.0140354, -0.998549, 0.0474488
5.41123, 5.27987, 0.42092, 0.0129912, 0.999203, -0.0332601
5.41252, 5.27967, 0.427284, 0.0165302, 0.998302, -0.0501009
5.41071, 5.27868, 0.426792, 0.0161313, 0.998425, -0.0455251
5.41224, 5.27802, 0.422949, -0.021445, -0.998623, 0.0423746
5.41292, 5.27986, 0.41842, -0.00871842, -0.999446, 0.0256241
5.41086, 5.27518, 0.427581, 0.0178026, 0.999478, -0.0234117
5.41166, 5.29023, 0.425023, 0.0117682, 0.998988, -0.0378959
5.4109, 5.27738, 0.420548, 0.0119622, 0.999525, -0.0268051
5.4107, 5.28071, 0.423553, 0.0135898, 0.99915, -0.0358541
5.4118, 5.2781, 0.422773, 0.0152021, 0.999585, -0.0186132
5.41117, 5.28012, 0.416504, -0.0154691, -0.998992, 0.037789
5.41363, 5.27754, 0.422675, 0.0120028, 0.999421, -0.0272125
5.41209, 5.27743, 0.420258, -0.0197513, -0.999552, 0.0196569
5.41437, 5.2792, 0.423255, -0.0113357, -0.998898, 0.0404635
5.41387, 5.28219, 0.420183, -0.0071511, -0.998696, 0.0436123
5.41124, 5.2783, 0.417946, 0.0137893, 0.999074, -0.037002
5.41163, 5.28348, 0.424332, -0.0203528, -0.998756, 0.0347565
5.41231, 5.2785, 0.418624, -0.00917147, -0.999146, 0.0346944
5.40987, 5.27873, 0.417899, -0.0123004, -0.998442, 0.0483881
5.41116, 5.27804, 0.428103, 0.0133329, 0.999502, -0.0220112
5.41288, 5.27796, 0.419433, -0.0080168, -0.999479, 0.0284137
5.41253, 5.27824, 0.422736, 0.0120461, 0.999338, -0.031075
5.41237, 5.27671, 0.422851, 0.0121037, 0.998677, -0.0455193
5.41199, 5.27401, 0.415222, -0.015996, -0.999402, 0.0244601
5.41109, 5.27963, 0.426827, -0.0108469, -0.99907, 0.0370001
5.41096, 5.29318, 0.419895, 0.020086, 0.998454, -0.0461273
5.41272, 5.27711, 0.421136, 0.0163754, 0.999525, -0.0240498
5.41208, 5.2792, 0.423498, 0.0209863, 0.998979, -0.0342457
5.41261, 5.27749, 0.420695, -0.0148961, -0.999205, 0.0329316
5.41118, 5.28215, 0.413557, 0.0224736, 0.998445, -0.0442981
5.41283, 5.28457, 0.420444, 0.0128268, 0.999405, -0.0279295
5.40957, 5.27885, 0.417284, -0.0265507, -0.998176, 0.0462444
5.41159, 5.29149, 0.427213, 0.0186082, 0.998307, -0.0530499
5.41272, 5.28864, 0.420323, 0.00708603, 0.998961, -0.0377299
5.41177, 5.27758, 0.422891, 0.0237916, 0.99874, -0.0380182
5.41266, 5.27937, 0.425998, -0.0111276, -0.999352, 0.0271158
5.41352, 5.28391, 0.425229, -0.00740348, -0.998355, 0.0487261
5.41147, 5.27695, 0.428416, 0.0169972, 0.99928, -0.0315862
5.41229, 5.28041, 0.417056, -0.0145006, -0.999132, 0.0253123
5.41121, 5.27774, 0.418046, -0.0138248, -0.9995, 0.0240651
5.41044, 5.27765, 0.425798, 0.0163796, 0.99881, -0.0438899
5.41241, 5.27915, 0.422899, 0.0153849, 0.998785, -0.0441256
5.41015, 5.29048, 0.415328, -0.0132631, -0.999104, 0.0360825
5.41181, 5.29228, 0.423286, 0.01282, 0.99905, -0.0388103
5.41416, 5.27879, 0.420786, -0.00689055, -0.998918, 0.0436681
5.41209, 5.27804, 0.42309, -0.0111401, -0.999327, 0.0307777
5.41097, 5.2845, 0.420078, 0.0107015, 0.999145, -0.0298972
5.41098, 5.28412, 0.428068, -0.00925726, -0.999266, 0.02968
5.41251, 5.28011, 0.419088, 0.0158191, 0.998938, -0.039235
5.41086, 5.27746, 0.425739, -0.0123696, -0.999572, 0.0237862
5.41006, 5.27823, 0.419988, 0.0127473, 0.999608, -0.0238832
5.41319, 5.27841, 0.417167, 0.0203289, 0.999394, -0.0235803
5.41235, 5.27954, 0.41868, 0.0172005, 0.999465, -0.0262496
5.41078, 5.28623, 0.418687, -0.0171801, -0.998398, 0.0459228
5.41253, 5.27682, 0.431607, -0.0129177, -0.999541, 0.0216721
5.41227, 5.27789, 0.423824, -0.019429, -0.999219, 0.0292995
5.41245, 5.27845, 0.419533, -0.0174987, -0.999256, 0.031522
5.41323, 5.30618, 0.422209, -0.00330348, -0.998654, 0.0438095
5.4128, 5.27727, 0.41847, -0.0129413, -0.99913, 0.0367525
5.412, 5.28144, 0.423683, -0.0170226, -0.999351, 0.024921
5.41182, 5.28439, 0.422099, -0.0104525, -0.999469, 0.0264246
5.41111, 5.29114, 0.421534, -0.0131361, -0.998717, 0.0438075
5.41372, 5.28252, 0.421648, -0.0157865, -0.999274, 0.0229047
5.41396, 5.27946, 0.421198, -0.00516867, -0.998397, 0.0545329
5.4123, 5.27847, 0.42401, -0.0162891, -0.998689, 0.045766
5.41309, 5.28407, 0.427618, -0.0145547, -0.998693, 0.0415359
5.41258, 5.28473, 0.418808, -0.0142406, -0.999062, 0.0349389
5.41342, 5.28022, 0.429735, 0.0127084, 0.999613, -0.0190402
5.41516, 5.28032, 0.416356, 0.00249197, 0.99893, -0.0420301
5.41286, 5.28888, 0.422787, 0.0140828, 0.998699, -0.0467021
5.41271, 5.29133, 0.424402, -0.0132038, -0.999391, 0.0296762
5.4116, 5.27945, 0.411549, 0.018965, 0.998775, -0.0415143
5.41166, 5.27577, 0.425436, 0.0121827, 0.999413, -0.0264643
5.41278, 5.28084, 0.416122, 0.00709582, 0.999324, -0.0318228
5.41344, 5.27879, 0.423557, -0.0141157, -0.998233, 0.0478164
5.41034, 5.28454, 0.422796, 0.0112169, 0.999084, -0.0398184
5.41215, 5.27762, 0.421314, -0.0150667, -0.998661, 0.0476961
5.41331, 5.28034, 0.419955, 0.0146082, 0.999134, -0.0338121
5.41471, 5.27786, 0.415306, -0.0131735, -0.998908, 0.0356165
5.41378, 5.28014, 0.421152, 0.00867356, 0.998742, -0.040975
5.41133, 5.28621, 0.427453, -0.0175888, -0.998044, 0.0557151
5.41192, 5.27845, 0.429192, 0.0134891, 0.99866, -0.0489883
5.41302, 5.28505, 0.427865, -0.00803597, -0.998382, 0.0519747
5.40993, 5.28602, 0.421418, 0.0160372, 0.999119, -0.0250854
5.41229, 5.28268, 0.423045, 0.0157094, 0.999385, -0.023731
5.41363, 5.2817, 0.421896, 0.0116709, 0.998637, -0.0497092
5.41323, 5.28315, 0.418482, 0.0163229, 0.997986, -0.0564258
5.41379, 5.27657, 0.427585, -0.0161234, -0.99933, 0.031088
5.41484, 5.29613, 0.416442, -0.0081434, -0.999143, 0.0329484
5.40963, 5.27701, 0.420736, 0.0161076, 0.999403, -0.0283282
5.41064, 5.28851, 0.420242, 0.00854808, 0.999426, -0.0238679
5.41219, 5.27669, 0.426585, 0.0137598, 0.999254, -0.0344321
5.41652, 5.28071, 0.41562, -0.00915185, -0.998883, 0.0432094
5.41274, 5.2769, 0.419868, -0.0155405, -0.999224, 0.0249283
5.41647, 5.29704, 0.419926, 0.00941351, 0.999219, -0.036502
5.41143, 5.28031, 0.419914, 0.0175343, 0.999357, -0.0283999
5.41353, 5.28102, 0.425291, 0.00931513, 0.99947, -0.0274616
5.41192, 5.28154, 0.411921, 0.0160678, 0.999566, -0.0197506
5.4117, 5.27851, 0.415755, -0.0110658, -0.999386, 0.0303472
5.41244, 5.27792, 0.416099, 0.0144284, 0.999263, -0.025125
5.41296, 5.27859, 0.421827, -0.0114717, -0.999054, 0.0366529
5.41371, 5.27905, 0.420622, 0.0122811, 0.999128, -0.0352013
5.41315, 5.28244, 0.424991, 0.0108965, 0.997719, -0.0640627
5.41229, 5.28017, 0.432023, 0.0123577, 0.998494, -0.046186
5.41314, 5.27765, 0.424656, 0.0206097, 0.999305, -0.0252846
5.41298, 5.27639, 0.424352, -0.0150183, -0.998876, 0.0372096
5.4112, 5.28169, 0.423744, 0.0144448, 0.999284, -0.0308409
5.4129, 5.27821, 0.416928, -0.017928, -0.99944, 0.0247697
5.41441, 5.27684, 0.419504, 0.00434223, 0.998829, -0.0431281
5.41202, 5.27887, 0.424136, 0.00956841, 0.998768, -0.0411336
5.41413, 5.28224, 0.421868, 3.42535e-05, 0.99861, -0.0477931
5.41264, 5.27707, 0.422212, 0.00989441, 0.99974, -0.0138297
5.41442, 5.27763, 0.423089, 0.0177863, 0.999051, -0.0316136
5.41307, 5.27711, 0.41619, -0.0151032, -0.999158, 0.0328702
5.41149, 5.27935, 0.416267, 0.0140273, 0.999582, -0.0211326
5.41151, 5.28523, 0.421287, -0.00853369, -0.998996, 0.0415145
5.41168, 5.27801, 0.424874, 0.0115225, 0.999066, -0.0400323
5.41118, 5.28332, 0.428404, 0.010415, 0.999117, -0.0347705
5.4113, 5.27575, 0.4225, 0.0222741, 0.999239, -0.0231856
5.41235, 5.27946, 0.417114, 0.0133118, 0.999566, -0.0247017
5.4117, 5.27807, 0.423505, 0.0167984, 0.999571, -0.0224204
5.41233, 5.2799, 0.416746, -0.0104581, -0.999441, 0.0251804
5.41162, 5.27643, 0.425192, -0.012807, -0.999105, 0.0356115
5.41138, 5.28049, 0.420189, -0.0112914, -0.999313, 0.0315774
5.41269, 5.28443, 0.422124, 0.0155736, 0.99885, -0.0408384
5.41377, 5.28418, 0.423789, 0.0100052, 0.999149, -0.035541
5.41276, 5.27837, 0.421441, -0.00892267, -0.999582, 0.0262992
5.4123, 5.28654, 0.412512, 0.0212896, 0.999211, -0.0230503
5.4118, 5.2783, 0.419411, -0.0142012, -0.999519, 0.0239485
5.41403, 5.28337, 0.417902, -0.0142118, -0.998562, 0.0468688
5.41132, 5.28901, 0.415939, -0.0109198, -0.99943, 0.0295239
5.41292, 5.27938, 0.417338, -0.0140372, -0.999556, 0.0231837
5.41449, 5.2891, 0.420822, -0.01094, -0.99826, 0.052147
5.41357, 5.30203, 0.42228, -0.0128125, -0.998967, 0.0393451
5.41137, 5.27744, 0.428189, -0.0183468, -0.998777, 0.0415409
5.41332, 5.27837, 0.417868, -0.0162679, -0.999384, 0.0278595
5.41017, 5.28079, 0.419211, -0.0145767, -0.998414, 0.0478854
5.41021, 5.28472, 0.43052, -0.00670971, -0.999044, 0.0415996
5.41196, 5.28578, 0.425108, 0.0100933, 0.999154, -0.0368241
5.41108, 5.27864, 0.415539, -0.0253244, -0.998214, 0.0497416
5.41587, 5.2803, 0.41391, -0.00782488, -0.998778, 0.0472306
5.41054, 5.28356, 0.416819, 0.0141506, 0.999064, -0.0292578
5.4113, 5.28353, 0.425047, 0.0162824, 0.999173, -0.0306404
5.41014, 5.27824, 0.423626, -0.0245346, -0.998717, 0.0360219
5.41215, 5.27864, 0.424838, -0.0172672, -0.999209, 0.0289776
5.4104, 5.28483, 0.423061, -0.00995028, -0.999669, 0.0216428
5.41653, 5.27857, 0.42211, -0.0081557, -0.998514, 0.0489654
5.41185, 5.27747, 0.420924, -0.0151929, -0.99937, 0.0262338
5.41308, 5.28097, 0.420689, -0.0114498, -0.999252, 0.0341754
5.41196, 5.27424, 0.420247, -0.0129137, -0.999654, 0.0199401
5.41471, 5.2971, 0.423157, -0.00679748, -0.997772, 0.0630955
5.41388, 5.2782, 0.420889, -0.0108023, -0.999734, 0.0175211
5.41187, 5.27683, 0.427382, 0.0143069, 0.999158, -0.0327494
5.41039, 5.28455, 0.419522, 0.0133224, 0.998505, -0.0460122
5.41117, 5.278, 0.41542, 0.0162695, 0.99922, -0.0271064
5.41158, 5.27932, 0.426942, -0.00466351, -0.999431, 0.0269281
5.41223, 5.27749, 0.428162, -0.0199792, -0.998374, 0.0440321
5.41039, 5.27832, 0.415866, 0.0228992, 0.999154, -0.0271982
5.41452, 5.27828, 0.42143, 0.00884638, 0.99952, -0.0274672
5.4145, 5.288, 0.418532, 0.00489574, 0.998923, -0.0447011
5.41006, 5.28396, 0.423046, 0.0161699, 0.99915, -0.0329888
5.41232, 5.28444, 0.421415, 0.0141674, 0.998892, -0.0345847
5.41361, 5.27938, 0.418213, -0.0169747, -0.998421, 0.0477617
5.41038, 5.28634, 0.41994, 0.0105768, 0.998799, -0.0401805
5.41176, 5.27631, 0.419464, 0.00625242, 0.999322, -0.026323
5.41486, 5.28017, 0.416886, 0.0112076, 0.998911, -0.0346577
5.41092, 5.27735, 0.420409, 0.0169166, 0.999492, -0.0225661
5.41563, 5.27976, 0.414578, 0.011064, 0.999412, -0.0249866
5.41075, 5.28042, 0.421158, 0.00939009, 0.999214, -0.0299231
5.41139, 5.27804, 0.420946, -0.0118481, -0.999344, 0.0310758
5.4115, 5.27755, 0.418906, -0.00582016, -0.999097, 0.0383643
5.41426, 5.27822, 0.418877, -0.0107807, -0.998869, 0.0404507
5.41149, 5.27592, 0.424716, 0.0200784, 0.999301, -0.0233655
5.41385, 5.27979, 0.420832, 0.00614241, 0.999143, -0.0380821
5.41107, 5.2878, 0.424623, 0.0129206, 0.998732, -0.0441609
5.41458, 5.29557, 0.420004, -0.00562839, -0.999156, 0.039069
5.41056, 5.27903, 0.417976, -0.0198873, -0.999268, 0.024798
5.41063, 5.27901, 0.417577, 0.0108972, 0.999574, -0.0205775
5.4136, 5.27711, 0.422724, 0.0148361, 0.999344, -0.021993
5.41164, 5.27834, 0.419332, 0.0086822, 0.998485, -0.0495748
5.41127, 5.28208, 0.412546, -0.0200906, -0.998386, 0.0444167
5.412, 5.29055, 0.419948, 0.0136102, 0.998649, -0.0457372
5.41185, 5.27709, 0.422202, 0.0150659, 0.99942, -0.018852
5.41244, 5.2796, 0.414363, -0.0161505, -0.999253, 0.0303024
5.41097, 5.27819, 0.424445, -0.0173086, -0.999459, 0.0258932
5.41282, 5.28066, 0.417575, 0.021786, 0.997778, -0.0575105
5.41001, 5.28562, 0.423419, 0.0109741, 0.999218, -0.0339623
5.41073, 5.27884, 0.420188, 0.00819228, 0.999422, -0.0243073
5.41282, 5.27865, 0.412926, -0.0199281, -0.999034, 0.0342813
5.40981, 5.28513, 0.426766, -0.0203667, -0.998781, 0.0399903
5.41629, 5.2783, 0.416479, 0.00432123, 0.998319, -0.0546105
5.41486, 5.27782, 0.422185, 0.00406665, 0.999421, -0.0322491
5.41286, 5.2872, 0.415447, -0.00493248, -0.998572, 0.050749
5.41595, 5.28904, 0.419333, 0.00357213, 0.999143, -0.0352146
5.41294, 5.277, 0.423129, -0.0100881, -0.99929, 0.0286797
5.41321, 5.27725, 0.421322, 0.00952063, 0.999725, -0.0173026
5.41172, 5.27894, 0.423245, 0.0144065, 0.998778, -0.0396654
5.41448, 5.27796, 0.422675, -0.0161557, -0.999032, 0.0359416
5.41239, 5.28156, 0.424191, 0.00492325, 0.998684, -0.0491916
5.41333, 5.28069, 0.419642, 0.00524554, 0.999239, -0.0353722
5.41266, 5.27448, 0.425641, 0.016415, 0.999532, -0.0155516
5.41191, 5.27838, 0.419289, -0.0219474, -0.998781, 0.0379419
5.41204, 5.27919, 0.41872, -0.0206202, -0.998412, 0.0400022
5.41219, 5.2908, 0.42083, 0.0138195, 0.999072, -0.0375508
5.41411, 5.28652, 0.418828, 0.0012572, 0.998941, -0.0421038
5.41365, 5.27993, 0.413446, 0.015155, 0.999396, -0.0226728
5.40981, 5.28446, 0.424055, -0.0128801, -0.999048, 0.0366718
5.41337, 5.29003, 0.424966, 0.00794125, 0.99959, -0.0251065
5.41443, 5.27937, 0.423313, 0.00741258, 0.99936, -0.0320777
5.41144, 5.28672, 0.419952, -0.0146389, -0.999098, 0.0322659
5.41461, 5.27752, 0.422301, -0.0117133, -0.999468, 0.0258074
5.41558, 5.27879, 0.419785, -0.00372233, -0.998873, 0.0408199
5.41112, 5.28458, 0.426396, 0.0188683, 0.998931, -0.0374223
5.41117, 5.28516, 0.418259, -0.0111703, -0.999485, 0.0244638
5.41363, 5.27674, 0.415873, 0.0080231, 0.999385, -0.0305733
5.41296, 5.29012, 0.420637, 0.0100875, 0.999009, -0.0390295
5.41087, 5.27789, 0.419097, -0.0179071, -0.999626, 0.0173008
5.41231, 5.27754, 0.423263, 0.0143722, 0.999456, -0.0243276
5.41296, 5.27967, 0.426599, -0.010288, -0.998619, 0.0465653
5.41239, 5.27916, 0.423744, -0.00659878, -0.999269, 0.0313592
5.41422, 5.2844, 0.41988, -0.0169635, -0.998705, 0.0416247
5.41367, 5.28718, 0.420607, 0.00301309, 0.999092, -0.0352477
5.41188, 5.27767, 0.424241, 0.0172364, 0.9989, -0.0406832
5.41182, 5.27756, 0.427113, -0.0172386, -0.998352, 0.0489258
5.4102, 5.28105, 0.418917, 0.00922886, 0.99899, -0.0354352
5.41191, 5.28114, 0.425014, -0.00784572, -0.998768, 0.0453351
5.40816, 5.27813, 0.419654, -0.0181161, -0.998839, 0.0394882
5.41332, 5.27684, 0.416544, 0.018712, 0.999153, -0.0282641
5.41103, 5.28022, 0.425534, 0.00796182, 0.999419, -0.0281523
5.41061, 5.27798, 0.424277, 0.0146771, 0.999569, -0.0215926
5.41179, 5.27844, 0.42287, 0.0169411, 0.99964, -0.0150042
5.41168, 5.28014, 0.421292, 0.0122519, 0.99946, -0.0264368
5.41081, 5.27661, 0.425097, -0.0143685, -0.999564, 0.0210955
5.41189, 5.2749, 0.426835, 0.0209475, 0.998944, -0.0388416
5.41391, 5.27777, 0.414497, -0.0100583, -0.999273, 0.0327019
5.41108, 5.28596, 0.420559, 0.0101482, 0.998561, -0.0454193
5.40992, 5.27849, 0.425118, 0.0171652, 0.99859, -0.0442947
5.40963, 5.27912, 0.422752, 0.00954442, 0.999124, -0.0342356
5.41079, 5.28101, 0.433363, 0.0143778, 0.999023, -0.0402411
5.41174, 5.27905, 0.420328, -0.0141858, -0.999286, 0.024151
5.41099, 5.27727, 0.423928, -0.0238382, -0.998032, 0.047365
5.41178, 5.27789, 0.421392, 0.0137273, 0.99947, -0.0282059
5.41245, 5.27704, 0.424201, -0.0142294, -0.999676, 0.0200676
5.41274, 5.27992, 0.416115, 0.013968, 0.998635, -0.0422554
5.41254, 5.28061, 0.420479, 0.0100883, 0.999069, -0.0373272
5.41382, 5.28267, 0.418209, 0.00959705, 0.998832, -0.045431
5.41275, 5.28952, 0.423778, 0.00735243, 0.997896, -0.0601426
5.41082, 5.28516, 0.421425, 0.0120329, 0.999358, -0.031702
5.41208, 5.278, 0.422698, 0.0113552, 0.999347, -0.029813
5.41112, 5.27896, 0.427239, 0.0177799, 0.998901, -0.0390738
5.41214, 5.28064, 0.424675, -0.0138997, -0.99972, 0.0154958
5.41299, 5.28329, 0.426559, 0.0147773, 0.99871, -0.045819
5.41129, 5.28387, 0.424477, -0.010907, -0.998946, 0.0387588
5.41449, 5.28088, 0.425158, -0.00610435, -0.999038, 0.0390193
5.41429, 5.27742, 0.425403, 0.0180309, 0.999548, -0.0207374
5.41151, 5.27776, 0.421092, -0.00738396, -0.999434, 0.0295489
5.40989, 5.28424, 0.423956, 0.0223353, 0.998858, -0.0373738
5.41272, 5.27881, 0.419748, 0.00836832, 0.999063, -0.0346266
5.41289, 5.2774, 0.419475, -0.00758343, -0.999381, 0.0326472
5.41043, 5.27805, 0.427085, 0.0194281, 0.999216, -0.0284053
5.41332, 5.2768, 0.420123, -0.0162188, -0.999056, 0.0362386
5.41033, 5.27545, 0.430471, -0.0176688, -0.999372, 0.0266612
5.41376, 5.27813, 0.416249, -0.00343329, -0.999718, 0.0158531
5.41008, 5.27647, 0.426424, -0.0167637, -0.99928, 0.0201967
5.41316, 5.27696, 0.421972, -0.015264, -0.999098, 0.0366498
5.41077, 5.27619, 0.42779, 0.0165221, 0.999335, -0.0300953
5.41083, 5.27908, 0.420108, 0.0101791, 0.998645, -0.0439203
5.41376, 5.27929, 0.418761, 0.015364, 0.999202, -0.0320432
5.4113, 5.28359, 0.422985, -0.0132051, -0.999199, 0.0325082
5.41282, 5.28197, 0.426759, -0.0127466, -0.99911, 0.0379776
5.4162, 5.2871, 0.417812, 0.00108268, 0.999164, -0.0375051
5.41226, 5.28857, 0.42517, -0.0085041, -0.999144, 0.0371342
5.41295, 5.27803, 0.419906, 0.0172619, 0.99913, -0.0342939
5.41365, 5.2858, 0.420042, 0.00234207, 0.999177, -0.0364682
5.41219, 5.28788, 0.419059, -0.0170415, -0.998254, 0.0497271
5.41129, 5.27825, 0.42584, -0.0127637, -0.999088, 0.0359956
5.41408, 5.27742, 0.417322, -0.00821296, -0.999371, 0.0296536
5.41178, 5.27711, 0.423844, 0.00953478, 0.999248, -0.0335247
5.40909, 5.2786, 0.423007, 0.014978, 0.999107, -0.0364886
5.41552, 5.29244, 0.414442, 0.00873969, 0.999094, -0.03599
5.41407, 5.28374, 0.417645, -0.0060398, -0.999345, 0.0307075
5.41397, 5.27786, 0.422614, -0.0114999, -0.99955, 0.0260388
5.4119, 5.27847, 0.423608, 0.0134353, 0.99913, -0.0373011
5.41308, 5.27972, 0.421901, -0.031301, -0.998479, 0.0362243
5.4122, 5.29086, 0.424649, -0.00712749, -0.998172, 0.0544612
5.41053, 5.27863, 0.426667, 0.00997069, 0.999445, -0.0301976
5.41213, 5.27888, 0.418909, -0.0121408, -0.999131, 0.0350659
5.41396, 5.27886, 0.41558, -0.0116019, -0.99964, 0.0202073
5.41356, 5.27939, 0.41828, 0.012832, 0.999013, -0.0352047
5.41051, 5.27627, 0.420549, 0.0171256, 0.999347, -0.026495
5.41149, 5.28425, 0.426279, 0.0175683, 0.998543, -0.0501835
5.4142, 5.27815, 0.417541, 0.0123754, 0.998964, -0.0407826
5.41144, 5.27815, 0.419588, -0.0154606, -0.999174, 0.0351248
5.41338, 5.29842, 0.416016, 0.0122968, 0.998958, -0.0307928
5.41197, 5.28773, 0.42176, 0.014553, 0.998639, -0.0461407
5.41177, 5.28079, 0.420121, -0.0133025, -0.998889, 0.0421005
5.41414, 5.28136, 0.422849, -0.00944025, -0.998429, 0.0479629
5.41237, 5.27801, 0.41991, -0.0122084, -0.99904, 0.0390067
5.41115, 5.27964, 0.417465, -0.0153109, -0.999519, 0.0248039
5.41339, 5.28387, 0.422299, -0.0123419, -0.999278, 0.0232021
5.41463, 5.27725, 0.418504, 0.00629493, 0.999332, -0.0341719
5.41032, 5.27817, 0.428124, 0.0137853, 0.999415, -0.0218596
5.41499, 5.27677, 0.419077, -0.0162589, -0.999253, 0.0260451
5.4124, 5.27667, 0.423551, 0.0134136, 0.999118, -0.0371189
5.41295, 5.27728, 0.424283, 0.0137123, 0.999539, -0.0194696
5.41033, 5.29394, 0.427984, -0.0181122, -0.998819, 0.042234
5.41125, 5.27765, 0.423211, -0.0159706, -0.999108, 0.0344642
5.41372, 5.28161, 0.421174, -0.00531411, -0.998124, 0.0570557
5.41458, 5.2779, 0.417678, -0.0115808, -0.998783, 0.0454073
5.41265, 5.28724, 0.424225, 0.00804836, 0.999111, -0.0367003
5.4106, 5.27682, 0.425261, -0.015618, -0.999293, 0.0253369
5.41277, 5.28525, 0.418655, 0.0127841, 0.999051, -0.0176493
5.41131, 5.27775, 0.418963, -0.0241747, -0.998832, 0.0300058
5.41141, 5.27953, 0.417885, -0.0133472, -0.998501, 0.0432817
5.41192, 5.27885, 0.430337, -0.00969675, -0.999298, 0.0320211
5.41069, 5.27882, 0.417435, -0.0187693, -0.999129, 0.0260101
5.41091, 5.27841, 0.423434, -0.00772602, -0.998946, 0.0408125
5.41414, 5.30336, 0.419277, -0.00395859, -0.998353, 0.0523268
5.41367, 5.28484, 0.424863, -0.00895331, -0.9994, 0.0283991
5.41314, 5.28478, 0.41761, 0.0138588, 0.998844, -0.0393613
5.41291, 5.27912, 0.42407, -0.00857201, -0.999344, 0.0278769
5.41096, 5.27983, 0.419291, 0.0113663, 0.999088, -0.0350833
5.41557, 5.28552, 0.421356, 0.00926759, 0.999222, -0.0337196
5.4115, 5.27829, 0.42083, 0.0132236, 0.999216, -0.0277847
5.41079, 5.28985, 0.422713, 0.0151264, 0.998847, -0.0421211
5.41118, 5.27704, 0.422703, -0.0188905, -0.999358, 0.0179707
5.41444, 5.27816, 0.418892, 0.0136982, 0.999024, -0.0311795
5.41185, 5.285, 0.424538, -0.0155101, -0.998558, 0.0480127
5.41341, 5.28095, 0.423525, -0.0142342, -0.998888, 0.0439132
5.41048, 5.27738, 0.420072, 0.0119454, 0.999764, -0.0122611
5.41266, 5.27998, 0.421392, -0.00845898, -0.999286, 0.0321061
5.41182, 5.28653, 0.422109, 0.00571806, 0.99913, -0.0358446
5.41552, 5.28592, 0.419899, 0.00152278, -0.998414, 0.0547578
5.41463, 5.28937, 0.41707, -0.00822403, -0.998315, 0.0524237
5.41283, 5.27816, 0.41879, -0.00930487, -0.999608, 0.0235192
5.41303, 5.28604, 0.423624, -0.00937364, -0.998963, 0.0369752
5.4111, 5.28661, 0.419243, 0.0112787, 0.999123, -0.0299641
5.41182, 5.27785, 0.421597, -0.0146708, -0.999032, 0.0381113
5.41401, 5.27965, 0.413715, 0.0152084, 0.999384, -0.0300428
5.41422, 5.28481, 0.42274, 0.00466968, 0.998911, -0.0364094
5.4127, 5.27987, 0.422624, 0.023054, 0.999, -0.0336188
5.41248, 5.27696, 0.417415, -0.0151824, -0.999693, 0.0182964
5.41164, 5.27949, 0.425994, -0.0146552, -0.999108, 0.037287
5.41228, 5.27788, 0.4263, -0.00871734, -0.998878, 0.042793
5.41204, 5.2857, 0.420391, 0.0140364, 0.998573, -0.0448295
5.41187, 5.28121, 0.414458, 0.00429033, 0.99922, -0.0310846
5.41074, 5.27669, 0.427664, -0.00802453, -0.999394, 0.0311491
5.41153, 5.27929, 0.424719, -0.0221173, -0.99838, 0.0428263
5.41224, 5.28435, 0.419298, -0.0172412, -0.999235, 0.0292023
5.41097, 5.28036, 0.42016, -0.00753947, -0.999029, 0.0376161
5.4115, 5.28185, 0.427728, -0.0142885, -0.998713, 0.0416796
5.41352, 5.29582, 0.421653, 0.00981119, 0.999445, -0.026238
5.41232, 5.2784, 0.423729, -0.00126912, -0.999144, 0.035424
5.4091, 5.28146, 0.418919, 0.0122427, 0.999165, -0.0358243
5.41142, 5.27911, 0.425698, -0.0184553, -0.999026, 0.0340478
5.41346, 5.2824, 0.418368, -0.0215377, -0.998944, 0.030571
5.41061, 5.27679, 0.424824, -0.017121, -0.999122, 0.0348422
5.41193, 5.29, 0.419646, 0.00920715, 0.99891, -0.0369999
5.41027, 5.27914, 0.419655, -0.0133425, -0.999517, 0.0227011
5.41232, 5.28029, 0.422475, -0.00707987, -0.999368, 0.0326063
5.41276, 5.29074, 0.417023, -0.0126629, -0.999064, 0.0365863
5.41166, 5.27921, 0.423439, -0.00901723, -0.999062, 0.0407382
5.41136, 5.27997, 0.415603, 0.0120754, 0.999291, -0.0315447
5.4125, 5.27742, 0.419596, -0.013854, -0.999525, 0.0232998
5.41195, 5.27682, 0.424338, -0.0199987, -0.999297, 0.0295297
5.41228, 5.29064, 0.41933, -0.00935145, -0.998557, 0.0501559
5.41125, 5.28731, 0.424283, -0.0124732, -0.998302, 0.0485948
5.41465, 5.29082, 0.424142, -0.0183764, -0.998468, 0.0473839
5.41441, 5.27969, 0.426097, 0.00282598, 0.999188, -0.0353491
5.41342, 5.30258, 0.423698, -0.00873856, -0.999057, 0.0418586
5.4131, 5.28201, 0.425201, 0.0225683, 0.998704, -0.0429777
5.41237, 5.27714, 0.419297, -0.0167935, -0.998999, 0.0378224
5.41418, 5.28912, 0.419828, 0.0138143, 0.998142, -0.0539652
5.41459, 5.29028, 0.416936, -0.000665715, -0.998751, 0.0462169
5.41202, 5.2799, 0.422236, -0.0165211, -0.998513, 0.0481972
5.41201, 5.27886, 0.419392, -0.0178725, -0.999548, 0.0161412
5.41216, 5.28638, 0.421095, 0.0100789, 0.998852, -0.0366304
5.41445, 5.29405, 0.421201, -0.00770732, -0.999339, 0.0314716
5.41421, 5.27864, 0.417563, 0.0155182, 0.998263, -0.0521545
5.41257, 5.27774, 0.425269, -0.0185538, -0.997911, 0.0552658
5.41357, 5.28009, 0.41568, 0.0150565, 0.99908, -0.0348513
5.41333, 5.28444, 0.421171, -0.0105882, -0.999056, 0.0380623
5.40966, 5.2787, 0.422605, 0.0203307, 0.999352, -0.0225644
5.4091, 5.27803, 0.419651, -0.0157507, -0.999281, 0.0298421
5.41217, 5.2879, 0.428783, 0.0154311, 0.998449, -0.0495871
5.41181, 5.27842, 0.422127, -0.0144008, -0.999327, 0.0308336
5.41217, 5.29363, 0.42146, -0.0175108, -0.998987, 0.0387029
5.41235, 5.27932, 0.416208, -0.0084126, -0.999059, 0.039744
5.41221, 5.28065, 0.419328, 0.0112367, 0.99905, -0.039181
5.41323, 5.29118, 0.421656, -0.00142557, -0.999049, 0.040603
5.41099, 5.2841, 0.423843, -0.00551869, -0.998953, 0.0391884
5.41059, 5.27511, 0.425928, 0.0126493, 0.999116, -0.0377065
5.41487, 5.29102, 0.420646, -0.0134305, -0.998391, 0.0513321
5.41207, 5.27842, 0.427635, -0.0168574, -0.998452, 0.0471055
5.40947, 5.27689, 0.428261, 0.0156607, 0.999388, -0.0283721
5.41076, 5.28033, 0.422594, 0.014459, 0.999401, -0.0288893
5.4156, 5.27992, 0.416806, -0.00731832, -0.999653, 0.0201384
5.41415, 5.27892, 0.420152, -0.0186421, -0.998568, 0.0484011
5.41575, 5.27837, 0.419992, -0.00455124, -0.999316, 0.0334947
5.41573, 5.28306, 0.419758, -0.0173216, -0.998629, 0.0431133
5.4124, 5.27817, 0.421761, -0.012934, -0.999206, 0.0357628
5.41256, 5.28019, 0.416971, -0.0106987, -0.998693, 0.0483322
5.41041, 5.27923, 0.419206, -0.0136642, -0.999079, 0.0378324
5.41347, 5.29407, 0.422149, -0.0134213, -0.998194, 0.0558423
5.41245, 5.28395, 0.418721, 0.0127053, 0.999037, -0.0326005
5.41243, 5.28955, 0.420435, -0.00880482, -0.999141, 0.0339235
5.41316, 5.27795, 0.425777, 0.00869375, 0.999722, -0.0154725
5.4116, 5.28954, 0.422087, 0.0139883, 0.999549, -0.0224284
5.41381, 5.27742, 0.424365, 0.0138381, 0.999168, -0.0349087
5.41153, 5.27825, 0.418374, -0.0116375, -0.999735, 0.0140282
5.41091, 5.27994, 0.415159, 0.0193961, 0.999486, -0.0219775
5.41296, 5.28023, 0.416812, 0.0134211, 0.99867, -0.0447227
5.41069, 5.28443, 0.418697, -0.0170007, -0.998819, 0.0426778
5.41306, 5.2858, 0.414926, 0.024115, 0.999089, -0.0259578
5.41341, 5.27987, 0.42003, -0.0193345, -0.998863, 0.0396694
5.41349, 5.28008, 0.424731, -0.00519442, -0.999657, 0.021757
5.41192, 5.27948, 0.418072, 0.0145032, 0.999213, -0.034995
5.41313, 5.28942, 0.423047, 0.00954774, 0.999049, -0.0357133
5.41518, 5.27738, 0.42298, 0.00862987, 0.99852, -0.0471841
5.41111, 5.27937, 0.426987, 0.0125859, 0.998841, -0.0438884
5.41116, 5.27827, 0.417478, 0.0145578, 0.999351, -0.0277963
5.41498, 5.28428, 0.42053, -0.0156946, -0.998929, 0.0347052
5.41173, 5.2788, 0.419169, -0.012712, -0.998947, 0.0389498
5.41158, 5.2842, 0.428969, 0.0108726, 0.999069, -0.0381509
5.41143, 5.27663, 0.422511, 0.0130033, 0.999556, -0.0237558
5.41248, 5.28342, 0.42254, 0.0159476, 0.99914, -0.0334826
5.41394, 5.28029, 0.41387, -0.0229729, -0.998769, 0.0359296
5.4112, 5.27435, 0.422988, -0.0150626, -0.998209, 0.0521735
5.41451, 5.27741, 0.423132, -0.00460091, -0.999055, 0.0302077
5.41113, 5.27719, 0.428074, -0.013348, -0.999103, 0.0340923
5.40988, 5.27735, 0.427602, -0.0122846, -0.99909, 0.0348464
5.41187, 5.27877, 0.421256, -0.0140873, -0.998818, 0.0405069
5.41151, 5.28453, 0.414877, -0.0208386, -0.999145, 0.0322301
5.41005, 5.28571, 0.420507, -0.00960754, -0.999308, 0.0345419
5.41426, 5.28104, 0.421817, 0.00327382, 0.998126, -0.0567532
5.4119, 5.28303, 0.42911, -0.0139364, -0.998277, 0.0536911
5.41162, 5.2806, 0.424233, -0.0112296, -0.998468, 0.0504435
5.41205, 5.29114, 0.421199, -0.0132211, -0.99934, 0.0264253
5.41269, 5.28331, 0.419159, -0.0117394, -0.999707, 0.0190527
5.40878, 5.27884, 0.421576, -0.0159414, -0.999194, 0.0334357
5.40976, 5.27863, 0.422396, 0.0273291, 0.998719, -0.0290888
5.41235, 5.27712, 0.426922, -0.0154829, -0.998886, 0.0397833
5.41294, 5.28456, 0.420693, 0.0094871, 0.99916, -0.0364408
5.4109, 5.27908, 0.421583, 0.0130589, 0.999328, -0.0324239
5.41168, 5.27857, 0.42042, 0.011731, 0.999184, -0.0358851
5.41056, 5.27823, 0.422974, -0.0257197, -0.998962, 0.0305908
5.41408, 5.27851, 0.42001, -0.0104225, -0.999536, 0.0240542
5.41272, 5.27772, 0.423128, 0.0152383, 0.999495, -0.0240285
5.41145, 5.28253, 0.426994, -0.0130136, -0.99908, 0.0374761
5.40971, 5.27989, 0.418668, -0.0205483, -0.998393, 0.0516911
5.41169, 5.2775, 0.418513, 0.0127759, 0.999679, -0.0203183
5.41048, 5.27833, 0.42086, 0.01176, 0.999575, -0.0149185
5.40915, 5.28177, 0.415897, 0.0120581, 0.99884, -0.036006
5.41349, 5.28091, 0.420845, -0.00367032, -0.999636, 0.0242267
5.41221, 5.28446, 0.419282, -0.0100539, -0.998742, 0.0435513
5.41276, 5.27989, 0.413305, -0.0124245, -0.999307, 0.0277009
5.41341, 5.2776, 0.422135, -0.00817935, -0.999504, 0.0290567
5.41376, 5.27718, 0.417192, 0.00835036, 0.999358, -0.0148354
5.41304, 5.28691, 0.414593, 0.0111901, 0.999467, -0.0226442
5.41281, 5.27904, 0.420698, -0.00572605, -0.9989, 0.0442687
5.41162, 5.27792, 0.419112, 0.0159411, 0.99916, -0.0328447
5.41146, 5.27526, 0.428338, 0.0163627, 0.999269, -0.0293402
5.41257, 5.27834, 0.417507, -0.0126171, -0.999017, 0.0371056
5.41066, 5.28011, 0.422426, -0.014032, -0.999106, 0.0380733
5.41163, 5.2782, 0.423456, 0.00938549, 0.999617, -0.019987
5.41532, 5.27804, 0.425073, -0.0147511, -0.998583, 0.0458644
5.41252, 5.27923, 0.41919, 0.0147001, 0.998559, -0.0471959
5.41132, 5.27932, 0.416699, 0.012147, 0.999319, -0.0330986
5.41107, 5.27777, 0.424867, -0.0106917, -0.999509, 0.0255272
5.41187, 5.27927, 0.419263, -0.0114465, -0.999092, 0.0361626
5.41129, 5.29242, 0.415665, -0.00973623, -0.998568, 0.0441449
5.41361, 5.2771, 0.416846, -0.00893569, -0.998981, 0.0411311
5.41384, 5.27955, 0.416932, 0.0141572, 0.998347, -0.0528927
5.41318, 5.27944, 0.416193, -0.0110623, -0.999442, 0.0288384
5.41242, 5.28087, 0.416696, -0.00719941, -0.99916, 0.0368918
5.41423, 5.27985, 0.422095, 0.0139743, 0.99913, -0.0352387
5.41267, 5.27788, 0.422706, -0.0142174, -0.999197, 0.0301673
5.41367, 5.27812, 0.421429, -0.0191261, -0.999124, 0.0217202
5.4134, 5.28109, 0.419724, -0.000842111, -0.999507, 0.0238368
5.4136, 5.27905, 0.416093, 0.00991759, 0.998582, -0.0488084
5.41136, 5.27694, 0.419915, -0.0137818, -0.999583, 0.0200539
5.41183, 5.28971, 0.418001, 0.0168353, 0.999152, -0.0306067
5.41271, 5.27884, 0.425267, 0.00910881, 0.999122, -0.0380542
5.41293, 5.27934, 0.416904, 0.011963, 0.999547, -0.0231197
5.41403, 5.27661, 0.419362, 0.0106664, 0.999518, -0.0251757
5.41265, 5.2785, 0.419331, -0.0151427, -0.99934, 0.0261379
5.4098, 5.27854, 0.421483, -0.018031, -0.999108, 0.0301968
5.41245, 5.28299, 0.423941, -0.0135662, -0.998975, 0.0335017
5.41341, 5.2863, 0.423271, -0.00183721, 0.998784, -0.0450458
5.41357, 5.27681, 0.418792, -0.0334991, -0.998499, 0.0385667
5.40975, 5.27988, 0.424998, -0.00609841, -0.999245, 0.0259273
5.41127, 5.27827, 0.421711, -0.0135069, -0.999582, 0.0227436
5.41205, 5.27787, 0.419107, 0.0124474, 0.998907, -0.041686
5.41272, 5.28034, 0.421224, 0.0151835, 0.999176, -0.0344811
5.41104, 5.27702, 0.426031, -0.015086, -0.999328, 0.0298821
5.41049, 5.28519, 0.419495, -0.0154014, -0.999233, 0.0283838
5.41299, 5.2808, 0.416805, 0.0128663, 0.999288, -0.0325585
5.40952, 5.27841, 0.431891, 0.0188631, 0.998874, -0.0401823
5.41023, 5.27584, 0.431025, -0.014771, -0.999694, 0.0162044
5.41265, 5.27659, 0.422451, -0.0144378, -0.999476, 0.0220561
5.41197, 5.27753, 0.417518, -0.0134043, -0.999335, 0.0302799
5.40996, 5.28518, 0.425734, -0.00416762, -0.999106, 0.0400101
5.40965, 5.28098, 0.418554, -0.0137677, -0.99931, 0.0275435
5.41182, 5.28586, 0.424864, -0.00966537, -0.999149, 0.035238
5.40918, 5.27791, 0.419474, 0.018182, 0.999518, -0.0111395
5.41266, 5.27663, 0.428881, -0.0150236, -0.998984, 0.0367624
5.41136, 5.28361, 0.423707, 0.0187753, 0.998192, -0.0517543
5.41027, 5.27824, 0.425384, 0.0137009, 0.999018, -0.0374727
5.4129, 5.27928, 0.417828, -0.01353, -0.999058, 0.0345007
5.41234, 5.28087, 0.417449, 0.0154292, 0.998743, -0.0356052
5.41146, 5.288, 0.425161, 0.0179649, 0.998607, -0.0381382
5.41332, 5.28318, 0.419677, -0.0220302, -0.998328, 0.0477723
5.41409, 5.27656, 0.416502, -0.0128111, -0.998988, 0.037779
5.41283, 5.28219, 0.416181, -0.00472983, -0.998997, 0.0399829
5.41334, 5.28987, 0.418909, -0.0178461, -0.998061, 0.0572572
5.4115, 5.27754, 0.422788, -0.0138247, -0.999614, 0.0216399
5.41196, 5.28426, 0.424199, 0.0195104, 0.998825, -0.0398376
5.41329, 5.29089, 0.426446, -0.0162134, -0.99809, 0.0580756
5.4124, 5.27735, 0.418386, 0.0106833, 0.999137, -0.0381835
5.41178, 5.27983, 0.418036, -0.00788319, -0.998519, 0.0487647
5.41282, 5.29063, 0.418759, 0.00886524, 0.998941, -0.0363859
5.41325, 5.28419, 0.420983, 0.0179141, 0.998755, -0.0410165
5.41369, 5.28247, 0.419341, 0.0125578, 0.999229, -0.03243
5.41137, 5.29649, 0.4206, -0.0122109, -0.998955, 0.0372737
5.41285, 5.27659, 0.42591, -0.0152375, -0.998979, 0.040198
5.41281, 5.27972, 0.416161, 0.0169057, 0.999154, -0.0338776
5.41296, 5.27877, 0.420884, 0.0103784, 0.999474, -0.0275796
5.41215, 5.27995, 0.427224, -0.00100296, -0.998683, 0.0466194
5.41403, 5.2856, 0.423682, 0.000919083, 0.998154, -0.0575624
5.41252, 5.2802, 0.422748, -0.00940503, -0.999158, 0.0358289
5.41178, 5.27982, 0.417506, 0.0110501, 0.998811, -0.0418477
5.41152, 5.28701, 0.426143, 0.00725706, 0.9982, -0.0562949
5.41149, 5.28072, 0.425694, 0.0115931, 0.99899, -0.0414484
5.41121, 5.27994, 0.422424, 0.0118834, 0.999409, -0.0305365
5.41393, 5.27996, 0.417786, 0.00727568, 0.998965, -0.0426075
5.41079, 5.28003, 0.423422, 0.0282776, 0.997648, -0.0587248
5.41241, 5.29095, 0.423073, 0.0206122, 0.998648, -0.0441237
5.4131, 5.2795, 0.422314, 0.0185317, 0.998572, -0.041039
5.41333, 5.28406, 0.421682, -0.0119095, -0.998786, 0.0428758
5.41257, 5.28105, 0.418519, -0.00878854, -0.998751, 0.0460588
5.4111, 5.29456, 0.428281, -0.0126235, -0.998952, 0.0409339
5.41315, 5.27666, 0.417718, 0.0164389, 0.999326, -0.0228315
5.41044, 5.28466, 0.420243, -0.0184206, -0.998737, 0.0365329
5.41325, 5.28542, 0.426654, -0.017317, -0.997762, 0.0548265
5.41279, 5.27713, 0.417911, -0.0125313, -0.999441, 0.0278892
5.41182, 5.29406, 0.421536, -0.0108624, -0.999138, 0.0371728
5.41217, 5.2787, 0.422623, -0.0148831, -0.999103, 0.0328765
5.41183, 5.28175, 0.419612, -0.00707236, -0.99895, 0.038921
5.41256, 5.27711, 0.421059, 0.0232887, 0.998877, -0.0300621
5.41072, 5.27879, 0.42262, 0.0166683, 0.999501, -0.0239109
5.41254, 5.28502, 0.418674, 0.0120052, 0.999343, -0.0278028
5.41414, 5.27856, 0.41812, 0.0086275, 0.999458, -0.027174
5.4139, 5.27817, 0.420773, -0.0112134, -0.999558, 0.0254413
5.4118, 5.29171, 0.422269, 0.0131434, 0.997884, -0.0615538
