5.41216, 5.28346, 0.423038, 0.011709, 0.998943, -0.0385328
5.41263, 5.27874, 0.421899, -0.0120684, -0.999182, 0.0336889
5.41073, 5.2805, 0.419411, -0.0144783, -0.999176, 0.0331261
5.41229, 5.28148, 0.421756, 0.0108905, 0.999123, -0.0345697
5.41251, 5.2798, 0.422649, -0.0132046, -0.9989, 0.0396917
5.41154, 5.28347, 0.425075, -0.01388, -0.998929, 0.0402122
5.41278, 5.28202, 0.420626, 0.01388, 0.998959, -0.038689
5.41242, 5.2809, 0.42223, 0.0110631, 0.999064, -0.0351102
5.41213, 5.28032, 0.420768, 0.0125933, 0.998948, -0.0375589
5.41261, 5.28185, 0.41916, 0.0122522, 0.999156, -0.032509
5.4137, 5.2799, 0.421821, 0.0117755, 0.998931, -0.038655
5.41316, 5.28018, 0.419989, -0.0133566, -0.999114, 0.035019
5.4138, 5.28838, 0.418132, -0.00882801, -0.999056, 0.0356164
5.41257, 5.28136, 0.420668, -0.0134351, -0.998726, 0.0420026
5.4132, 5.28018, 0.421269, -0.0119857, -0.999212, 0.0320731
5.41284, 5.28, 0.420826, -0.0132846, -0.999146, 0.0344032
5.41236, 5.28062, 0.422226, -0.0131642, -0.998965, 0.0387012
5.41264, 5.27961, 0.420267, -0.0131655, -0.99912, 0.0345452
5.41193, 5.2817, 0.422155, 0.0119686, 0.999199, -0.0324932
5.41269, 5.28099, 0.420924, -0.0110802, -0.998956, 0.0378955
5.41212, 5.27759, 0.422666, -0.0102779, -0.999221, 0.0331068
5.41283, 5.28549, 0.419249, 0.0111076, 0.999004, -0.0363758
5.41241, 5.28146, 0.421734, -0.0103242, -0.999089, 0.0366884
5.41209, 5.2822, 0.42131, 0.0135196, 0.999003, -0.0365039
5.41303, 5.27926, 0.420482, 0.010385, 0.999195, -0.0320549
5.41191, 5.28071, 0.420018, 0.0135153, 0.999239, -0.0314541
5.41345, 5.28144, 0.418263, 0.0115216, 0.999134, -0.030779
5.41228, 5.28107, 0.421617, -0.0163247, -0.998819, 0.0384778
5.41242, 5.27999, 0.420515, -0.0131696, -0.998987, 0.0384979
5.41235, 5.2804, 0.420796, -0.0136053, -0.998859, 0.0402046
5.41268, 5.28008, 0.423604, -0.0103396, -0.998858, 0.0406855
5.41442, 5.28329, 0.416356, -0.0148015, -0.998923, 0.0359857
5.4131, 5.28198, 0.421315, 0.0169511, 0.998784, -0.0381193
5.41245, 5.2799, 0.419805, 0.0118404, 0.999041, -0.0376458
5.41174, 5.27951, 0.422115, -0.0143036, -0.999218, 0.0312782
5.41143, 5.28043, 0.421461, -0.017902, -0.998958, 0.0337876
5.41219, 5.28007, 0.421531, 0.0133572, 0.998959, -0.0363332
5.41218, 5.27944, 0.421545, -0.0115187, -0.999148, 0.0358108
5.41302, 5.27873, 0.421749, -0.0101567, -0.999056, 0.0360159
5.41209, 5.28003, 0.421569, -0.0143127, -0.998989, 0.037402
5.41194, 5.27971, 0.422169, -0.0132848, -0.999071, 0.0346747
5.41228, 5.28049, 0.422936, -0.012066, -0.99918, 0.0323655
5.41208, 5.28348, 0.419624, -0.0154667, -0.998828, 0.0401424
5.41257, 5.28126, 0.420043, -0.0133145, -0.998933, 0.0389822
5.41202, 5.28288, 0.419857, -0.0149189, -0.999055, 0.032585
5.41276, 5.27846, 0.420404, -0.0166297, -0.998989, 0.0329617
5.41213, 5.28245, 0.421743, 0.0135244, 0.998899, -0.0391019
5.41385, 5.28108, 0.418754, 0.0137797, 0.998986, -0.0375088
5.41287, 5.2822, 0.42158, -0.0127472, -0.998983, 0.0382019
5.41171, 5.28109, 0.421529, -0.0136365, -0.99905, 0.0365642
5.41241, 5.28359, 0.421647, -0.0126012, -0.9992, 0.0299127
5.41234, 5.28167, 0.421013, 0.00938162, 0.998976, -0.040241
5.41226, 5.28165, 0.423253, -0.0112744, -0.999024, 0.0378235
5.41243, 5.28354, 0.421708, 0.0105076, 0.999049, -0.0378139
5.41311, 5.28089, 0.419877, 0.0164506, 0.998994, -0.0373336
5.41298, 5.28256, 0.418089, 0.0130036, 0.999243, -0.0316135
5.4124, 5.28442, 0.422809, -0.0106861, -0.998981, 0.0393934
5.41264, 5.2793, 0.423922, -0.0104816, -0.999029, 0.0364702
5.4118, 5.27912, 0.421715, -0.0114998, -0.999064, 0.0369289
5.41253, 5.28067, 0.421658, -0.0149008, -0.999159, 0.0348106
5.41231, 5.28162, 0.420461, 0.0144911, 0.998815, -0.0398238
5.41251, 5.27956, 0.425886, -0.0131193, -0.998961, 0.0374583
5.41245, 5.28209, 0.420665, 0.0126427, 0.999033, -0.0360576
5.41194, 5.28349, 0.421633, -0.0120364, -0.998848, 0.0407822
5.41309, 5.28255, 0.42178, -0.00916789, -0.999144, 0.0348441
5.41279, 5.28007, 0.422436, -0.0111292, -0.999094, 0.0358749
5.41214, 5.27952, 0.424056, -0.0109527, -0.999037, 0.0373742
5.41176, 5.28162, 0.421022, -0.0122959, -0.99917, 0.0338079
5.41221, 5.28318, 0.420818, 0.0129945, 0.999255, -0.028923
5.41316, 5.2794, 0.420199, -0.0112582, -0.999205, 0.0339773
5.41286, 5.28131, 0.420763, 0.0117683, 0.999125, -0.0332188
5.41205, 5.28204, 0.420463, 0.014731, 0.998909, -0.0376916
5.41228, 5.28154, 0.423453, 0.0105837, 0.999154, -0.0350175
5.41226, 5.28079, 0.421463, -0.0131781, -0.99896, 0.0377315
5.41194, 5.27887, 0.421016, -0.0138629, -0.999088, 0.0355363
5.4126, 5.2787, 0.421413, -0.00975798, -0.999082, 0.037579
5.41197, 5.28036, 0.420913, -0.0130593, -0.998986, 0.0372114
5.41181, 5.27928, 0.421536, 0.0141686, 0.999055, -0.035437
5.41283, 5.27833, 0.422045, 0.00927657, 0.999154, -0.033287
5.41179, 5.28328, 0.424423, -0.0155008, -0.999019, 0.0347077
5.41276, 5.28043, 0.419839, 0.0115302, 0.998832, -0.0419128
5.4117, 5.28296, 0.424015, 0.0132416, 0.9991, -0.0348927
5.41214, 5.28189, 0.420688, 0.0114051, 0.999025, -0.0350035
5.41237, 5.2826, 0.420344, -0.00979703, -0.999057, 0.0354307
5.41206, 5.28064, 0.422601, -0.0134837, -0.999231, 0.0308857
5.41227, 5.28264, 0.421242, 0.0136987, 0.998899, -0.0392162
5.41304, 5.27917, 0.418945, -0.0111436, -0.99942, 0.0288355
5.41232, 5.27779, 0.42054, -0.0143481, -0.999163, 0.032855
5.41254, 5.28121, 0.420161, 0.0108611, 0.999258, -0.0293284
5.41269, 5.28217, 0.420582, -0.0134358, -0.998791, 0.0404875
5.41216, 5.28166, 0.421901, -0.0126724, -0.999036, 0.0370789
5.41148, 5.27971, 0.422216, 0.0130422, 0.999079, -0.0354835
5.4127, 5.28022, 0.421264, -0.0123829, -0.99911, 0.0349864
5.4126, 5.27917, 0.420675, -0.00996175, -0.998748, 0.0436172
5.41274, 5.27992, 0.420583, -0.0156831, -0.998838, 0.0348684
5.41312, 5.28015, 0.420068, -0.00807572, -0.998921, 0.0393985
5.41186, 5.28204, 0.422213, -0.0133145, -0.999187, 0.0321741
5.41178, 5.27904, 0.423356, 0.0107438, 0.998934, -0.0409717
5.41331, 5.28529, 0.418644, -0.0122934, -0.998733, 0.043125
5.41208, 5.27986, 0.421239, -0.0137458, -0.999031, 0.0370063
5.41265, 5.28111, 0.420179, 0.0131938, 0.99912, -0.0357245
5.41309, 5.28075, 0.420885, 0.0104741, 0.998912, -0.0380131
5.41201, 5.28162, 0.424762, -0.00996224, -0.998949, 0.0391658
5.41294, 5.28135, 0.421744, -0.0113272, -0.998861, 0.0412867
5.41139, 5.28085, 0.422136, 0.0124001, 0.99925, -0.0311422
5.41289, 5.28494, 0.421327, 0.00926532, 0.998981, -0.0384355
5.41202, 5.27864, 0.42309, 0.0112316, 0.999109, -0.0338709
5.41119, 5.28114, 0.421226, -0.0137641, -0.998944, 0.0377357
5.41173, 5.28054, 0.423508, 0.0125309, 0.998908, -0.0405628
5.41252, 5.28012, 0.418902, 0.0140464, 0.999159, -0.0334798
5.41351, 5.27971, 0.41851, -0.0115103, -0.998983, 0.0374034
5.41345, 5.27929, 0.419416, 0.0117976, 0.999161, -0.0352157
5.4111, 5.27427, 0.41947, -0.0155839, -0.998936, 0.032519
5.41222, 5.27628, 0.421136, -0.0142904, -0.999048, 0.0341584
5.41152, 5.27909, 0.422723, -0.0150564, -0.999081, 0.0357551
5.41301, 5.28264, 0.420541, 0.0106309, 0.998997, -0.036889
5.4124, 5.27869, 0.420884, -0.0125987, -0.99931, 0.0301807
5.41225, 5.27929, 0.422399, 0.0113994, 0.998844, -0.0406811
5.41232, 5.28025, 0.420586, 0.0127658, 0.999164, -0.0305552
5.4118, 5.28151, 0.421092, 0.0138732, 0.999272, -0.0317147
5.41262, 5.27898, 0.424643, 0.0129963, 0.999106, -0.0355716
5.41295, 5.28096, 0.420094, 0.0149653, 0.999244, -0.0301417
5.4129, 5.27954, 0.419559, 0.0126385, 0.999298, -0.0290808
5.41234, 5.27817, 0.423495, -0.0121581, -0.999133, 0.0343626
5.41257, 5.2782, 0.419915, -0.012621, -0.998978, 0.0365467
5.41238, 5.28129, 0.421409, 0.0144501, 0.999174, -0.0334435
5.41282, 5.27863, 0.41988, 0.0131996, 0.999041, -0.0356689
5.41281, 5.2785, 0.420604, 0.0149913, 0.999207, -0.0328258
5.41179, 5.27884, 0.424315, -0.015134, -0.999102, 0.0351435
5.41259, 5.28454, 0.421822, -0.0121772, -0.998952, 0.0383386
5.41257, 5.28106, 0.420569, 0.0108634, 0.999174, -0.0346472
5.4118, 5.28033, 0.423036, -0.0109669, -0.998991, 0.0385863
5.41305, 5.28134, 0.420866, -0.0127147, -0.999005, 0.0383258
5.41291, 5.27924, 0.419682, -0.011565, -0.999243, 0.0303168
5.4135, 5.28128, 0.420438, -0.0117136, -0.999208, 0.0322776
5.41236, 5.28153, 0.422325, -0.0101142, -0.998994, 0.0379059
5.41157, 5.28038, 0.421787, 0.013929, 0.999289, -0.0304541
5.41242, 5.28003, 0.421302, 0.0126777, 0.999109, -0.0355409
5.41207, 5.2819, 0.421557, 0.00997975, 0.999127, -0.0348103
5.41264, 5.27938, 0.42402, 0.012023, 0.998947, -0.0384412
5.41231, 5.27872, 0.420095, -0.012957, -0.999065, 0.034474
5.412, 5.28204, 0.420565, 0.0151531, 0.999108, -0.0330446
5.41284, 5.2786, 0.421053, 0.0110589, 0.999201, -0.0302669
5.41219, 5.27936, 0.421986, -0.0127027, -0.999206, 0.0330744
5.41273, 5.28096, 0.42003, -0.0147647, -0.998867, 0.0389322
5.41342, 5.28124, 0.419247, -0.0117593, -0.998868, 0.0405782
5.41347, 5.28139, 0.41935, 0.00969556, 0.99875, -0.0450937
5.41352, 5.28095, 0.419998, -0.0125347, -0.999053, 0.034283
5.41253, 5.28042, 0.422002, -0.0135194, -0.998821, 0.0408611
5.4129, 5.27992, 0.420897, 0.0126862, 0.998901, -0.0399122
5.4115, 5.27874, 0.421372, -0.0169853, -0.999072, 0.0333524
5.41297, 5.28103, 0.421182, -0.0107311, -0.999063, 0.0378098
5.41309, 5.28009, 0.420778, 0.0135246, 0.998977, -0.0380526
5.41226, 5.28022, 0.420557, 0.0162483, 0.998587, -0.0452592
5.41301, 5.28309, 0.420673, 0.0102919, 0.999114, -0.0348241
5.41287, 5.27969, 0.422131, -0.0131674, -0.998919, 0.039879
5.41394, 5.28313, 0.419955, 0.0125211, 0.999045, -0.0354424
5.41227, 5.27902, 0.420322, -0.0127232, -0.998867, 0.0387217
5.41169, 5.28147, 0.42086, 0.0146745, 0.998976, -0.0388498
5.41229, 5.28239, 0.418559, 0.0120839, 0.999154, -0.0335695
5.41244, 5.28095, 0.420709, -0.0138876, -0.999104, 0.0330449
5.41229, 5.28054, 0.417339, 0.0125324, 0.999415, -0.026547
5.41262, 5.28209, 0.420569, -0.00924066, -0.999178, 0.0342537
5.41252, 5.28481, 0.422617, 0.0129762, 0.998929, -0.0400502
5.41284, 5.28011, 0.421435, -0.0156724, -0.998779, 0.0425287
5.41248, 5.28184, 0.422804, 0.0126142, 0.999147, -0.0349617
5.4126, 5.28221, 0.422018, -0.0160485, -0.998544, 0.0440857
5.41248, 5.27948, 0.422459, -0.0146014, -0.999056, 0.03578
5.41252, 5.28039, 0.419124, -0.0139406, -0.999076, 0.0350801
5.41197, 5.2794, 0.423143, 0.0118106, 0.999165, -0.0342262
5.41213, 5.27881, 0.422136, -0.0132768, -0.998873, 0.0393611
5.41343, 5.28133, 0.418842, -0.0104349, -0.999225, 0.0329067
5.41217, 5.27947, 0.421476, 0.0146878, 0.999171, -0.0338415
5.41231, 5.28066, 0.421727, 0.0144522, 0.999082, -0.0348939
5.41158, 5.28063, 0.424477, 0.0121936, 0.999018, -0.0381432
5.41226, 5.28088, 0.422525, -0.0137427, -0.999153, 0.0330344
5.41238, 5.28113, 0.422323, -0.0104123, -0.999184, 0.0343749
5.41358, 5.28061, 0.419087, 0.0100912, 0.998972, -0.03758
5.41377, 5.28161, 0.418653, 0.0129474, 0.999091, -0.0347756
5.41159, 5.28026, 0.421156, -0.0141937, -0.998839, 0.0412201
5.41243, 5.27917, 0.420711, 0.0133227, 0.999218, -0.0328309
5.41296, 5.28005, 0.421229, -0.0124342, -0.999105, 0.0333948
5.41307, 5.27953, 0.4208, -0.0110902, -0.998907, 0.0395493
5.41293, 5.28262, 0.419095, -0.0131476, -0.999136, 0.0322483
5.41432, 5.27968, 0.418759, -0.00976661, -0.999082, 0.0353003
5.41209, 5.28056, 0.423011, -0.0131812, -0.999018, 0.0372945
5.4137, 5.28242, 0.420993, -0.0120473, -0.998972, 0.0364814
5.41281, 5.28, 0.419191, 0.0145229, 0.999037, -0.0348713
5.4129, 5.27991, 0.417977, -0.0122089, -0.998907, 0.0388177
5.41259, 5.28238, 0.422203, -0.0089377, -0.998978, 0.0393091
5.41274, 5.27938, 0.421568, 0.0110088, 0.999013, -0.0374889
5.41251, 5.28124, 0.420665, -0.0115746, -0.999127, 0.0332716
5.41291, 5.2802, 0.421563, -0.00849684, -0.999068, 0.0372472
5.41294, 5.2819, 0.419905, 0.0163904, 0.999027, -0.0342243
5.4122, 5.27866, 0.420765, -0.0138318, -0.99929, 0.0280523
5.41196, 5.28106, 0.423807, -0.0124633, -0.998965, 0.0383674
5.41243, 5.27802, 0.422733, -0.0135984, -0.99895, 0.0373235
5.41173, 5.27978, 0.422378, -0.0145263, -0.998841, 0.0411114
5.41279, 5.28212, 0.420712, 0.0108504, 0.998977, -0.0393848
5.41175, 5.28127, 0.421142, 0.0126799, 0.999056, -0.0353891
5.41252, 5.27923, 0.421966, -0.0154782, -0.998964, 0.0344817
5.41237, 5.28135, 0.418853, 0.0135061, 0.999338, -0.0298638
5.41199, 5.27967, 0.421085, 0.0106868, 0.999219, -0.0314006
5.41327, 5.28074, 0.419817, 0.0117802, 0.999117, -0.0347576
5.41404, 5.28084, 0.419509, -0.00944363, -0.998988, 0.0388047
5.41326, 5.27918, 0.421698, -0.0122809, -0.999287, 0.0298038
5.41361, 5.28068, 0.419094, 0.0115659, 0.999026, -0.0385171
5.41228, 5.27834, 0.422619, -0.0115642, -0.999115, 0.0350994
5.41225, 5.27765, 0.422553, 0.01485, 0.999238, -0.030838
5.4125, 5.28002, 0.419431, -0.0132813, -0.999146, 0.035002
5.41208, 5.27846, 0.420755, 0.0138687, 0.999207, -0.0336772
5.41205, 5.27966, 0.420828, -0.0139087, -0.999106, 0.0348961
5.41294, 5.28118, 0.422226, 0.0104426, 0.998922, -0.0383403
5.41209, 5.28073, 0.421803, 0.0102034, 0.999046, -0.0373891
5.41197, 5.27984, 0.423268, -0.0132342, -0.999066, 0.0334863
5.4124, 5.27853, 0.421132, -0.0126149, -0.999274, 0.0306667
5.41219, 5.2827, 0.420852, 0.0110505, 0.99899, -0.0366992
5.41272, 5.27999, 0.419731, 0.0135897, 0.998819, -0.040397
5.41191, 5.28086, 0.422321, -0.0125457, -0.999154, 0.0338195
5.41377, 5.28334, 0.418806, 0.0131998, 0.998567, -0.0418879
5.41288, 5.27938, 0.421144, 0.0104421, 0.999186, -0.0322375
5.41232, 5.28207, 0.420554, -0.0110779, -0.999148, 0.0347003
5.4136, 5.27994, 0.420815, 0.0141527, 0.999072, -0.0367201
5.4127, 5.28095, 0.422431, 0.0113487, 0.999151, -0.0348674
5.4128, 5.27959, 0.421201, -0.0132245, -0.999156, 0.0337623
5.41316, 5.28302, 0.421636, -0.0100822, -0.998987, 0.0361003
5.4128, 5.28036, 0.420991, -0.0111169, -0.999245, 0.0331599
5.4131, 5.27975, 0.422115, 0.0138764, 0.998995, -0.038258
5.41212, 5.28045, 0.421107, 0.0150987, 0.999, -0.0387999
5.41234, 5.27884, 0.424124, -0.0111779, -0.999021, 0.0353156
5.41241, 5.28013, 0.422228, -0.0106193, -0.999043, 0.0361794
5.41337, 5.28149, 0.421418, 0.0106859, 0.998903, -0.0406385
5.41318, 5.28196, 0.421378, 0.010475, 0.999014, -0.0378749
5.41306, 5.28351, 0.421455, -0.0152267, -0.999079, 0.0337201
5.41285, 5.28168, 0.420828, 0.00945407, 0.999057, -0.0356217
5.41284, 5.28015, 0.420594, -0.0129235, -0.999139, 0.0326971
5.41234, 5.28181, 0.420433, 0.0128239, 0.999079, -0.0352868
5.41184, 5.28125, 0.423341, -0.0140232, -0.999098, 0.0338119
5.41212, 5.28158, 0.423066, 0.0136084, 0.998863, -0.040344
5.41283, 5.28068, 0.419989, -0.0130543, -0.999076, 0.034651
5.4126, 5.28269, 0.419837, -0.0101074, -0.999252, 0.0331481
5.41226, 5.28386, 0.42027, -0.0159608, -0.998725, 0.0405322
5.41243, 5.28001, 0.420231, 0.0109074, 0.999095, -0.0361114
5.41302, 5.28085, 0.422804, -0.0113263, -0.999139, 0.0344522
5.41312, 5.28145, 0.420158, 0.0117846, 0.99898, -0.0379098
5.41227, 5.27934, 0.421847, -0.0150709, -0.998947, 0.03912
5.41144, 5.27899, 0.423088, -0.011124, -0.999222, 0.0323551
5.41216, 5.27825, 0.422114, 0.0119277, 0.999022, -0.0387221
5.41304, 5.28002, 0.420979, 0.0115005, 0.999049, -0.0359991
5.41335, 5.28117, 0.42027, 0.0118423, 0.999029, -0.037263
5.41238, 5.28383, 0.420796, -0.013112, -0.999027, 0.036312
5.41227, 5.27938, 0.422477, -0.0101654, -0.998928, 0.0405768
5.41237, 5.28085, 0.421889, 0.0131764, 0.999115, -0.0358043
5.41292, 5.28048, 0.422354, -0.0124922, -0.999114, 0.0361968
5.41227, 5.27898, 0.421912, 0.0128389, 0.999123, -0.0327055
5.41328, 5.28055, 0.420218, -0.0141103, -0.99906, 0.0367464
5.41248, 5.28154, 0.422694, 0.0113213, 0.998997, -0.0383287
5.41199, 5.28035, 0.42153, -0.0133196, -0.999242, 0.0300688
5.41219, 5.28046, 0.421039, 0.0138071, 0.998909, -0.0384732
5.41404, 5.28245, 0.419985, 0.0118391, 0.999043, -0.0353225
5.41232, 5.27973, 0.420916, 0.015843, 0.998848, -0.0374582
5.41186, 5.27854, 0.419483, -0.0133354, -0.999292, 0.0289925
5.41353, 5.27892, 0.418865, -0.0147811, -0.99891, 0.0371097
5.41245, 5.27851, 0.420863, -0.0131689, -0.999182, 0.0331214
5.41173, 5.27918, 0.4194, -0.0154741, -0.99899, 0.0354782
5.41224, 5.27835, 0.422812, 0.0122926, 0.99931, -0.0316661
5.41225, 5.28106, 0.422095, -0.0141881, -0.99879, 0.0418161
5.4127, 5.27963, 0.419973, 0.011258, 0.999137, -0.0335788
5.4129, 5.27956, 0.421511, 0.0149171, 0.999009, -0.0319434
5.41243, 5.27935, 0.423918, -0.0134643, -0.999012, 0.037505
5.41208, 5.28, 0.419859, 0.0131868, 0.999079, -0.0356013
5.4121, 5.28043, 0.421337, 0.0119982, 0.99876, -0.042158
5.41254, 5.28123, 0.420878, 0.0106344, 0.999168, -0.0342369
5.4115, 5.28182, 0.422056, 0.0119828, 0.999276, -0.0300403
5.41298, 5.27936, 0.419999, -0.0112015, -0.999234, 0.0333096
5.41265, 5.27971, 0.422281, -0.0139055, -0.999182, 0.0312578
5.41229, 5.27973, 0.42294, -0.0143004, -0.999085, 0.034955
5.41157, 5.27853, 0.422582, 0.0148384, 0.999229, -0.0291945
5.41228, 5.28227, 0.42389, 0.0129073, 0.999123, -0.0356476
5.41276, 5.27943, 0.420757, 0.0147995, 0.998876, -0.0380921
5.41318, 5.27989, 0.421909, 0.011989, 0.998874, -0.0410486
5.41236, 5.28301, 0.422238, -0.0124948, -0.999075, 0.0353811
5.41251, 5.27808, 0.422021, -0.0163691, -0.998808, 0.0385667
5.41195, 5.2827, 0.423208, 0.0141616, 0.998802, -0.0394158
5.41226, 5.28193, 0.421073, -0.0118012, -0.999147, 0.0345888
5.41284, 5.28132, 0.419543, 0.0112711, 0.999251, -0.0313359
5.41143, 5.28237, 0.421145, -0.0210031, -0.998647, 0.0380724
5.41225, 5.2841, 0.421213, -0.0137077, -0.99904, 0.0357985
5.4125, 5.28214, 0.421874, -0.00794904, -0.998852, 0.0411878
5.41212, 5.28065, 0.422132, 0.0097399, 0.998968, -0.0404443
5.41257, 5.28056, 0.421061, 0.0140524, 0.99893, -0.0375396
5.41271, 5.27865, 0.422451, 0.014711, 0.999082, -0.0341641
5.4119, 5.27958, 0.422619, 0.0128991, 0.998985, -0.0367897
5.41345, 5.27942, 0.422234, -0.0108455, -0.999098, 0.0334248
5.41271, 5.27972, 0.419431, -0.0143725, -0.99922, 0.0286593
5.41319, 5.2819, 0.421773, 0.0113488, 0.999007, -0.0361804
5.41196, 5.28043, 0.421432, -0.0153303, -0.999158, 0.0327707
5.41275, 5.28078, 0.420988, 0.011349, 0.999236, -0.0320145
5.41222, 5.28009, 0.419866, -0.013701, -0.999107, 0.0327338
5.41285, 5.28128, 0.421771, 0.0132991, 0.999061, -0.0329289
5.41397, 5.28213, 0.420428, 0.0118328, 0.998831, -0.0397598
5.41123, 5.27891, 0.422881, 0.0137951, 0.999077, -0.0346013
5.41266, 5.28143, 0.419927, -0.0120116, -0.998992, 0.0395442
5.41309, 5.28379, 0.42147, 0.00891067, 0.999086, -0.0337165
5.41244, 5.28121, 0.423406, 0.00993891, 0.99917, -0.0327899
5.41146, 5.27865, 0.424768, -0.0122553, -0.99935, 0.0296909
5.41269, 5.27947, 0.41852, 0.0144254, 0.999211, -0.0311498
5.4118, 5.28242, 0.423251, -0.0120123, -0.999093, 0.0352652
5.41323, 5.27874, 0.420549, 0.0107896, 0.99916, -0.0342399
5.41283, 5.2805, 0.422092, 0.0135236, 0.998942, -0.0388939
5.41234, 5.28148, 0.420516, -0.0144073, -0.999156, 0.0341494
5.41271, 5.27926, 0.421892, 0.0125543, 0.998985, -0.0380159
5.4135, 5.28437, 0.419242, 0.0144779, 0.998888, -0.0399881
5.41272, 5.27959, 0.419924, -0.0118085, -0.999035, 0.0379832
5.41227, 5.28075, 0.421924, -0.013316, -0.999214, 0.0305317
5.41244, 5.279, 0.420076, -0.0119808, -0.999391, 0.0258338
5.41106, 5.27974, 0.422001, -0.0159566, -0.998928, 0.0373952
5.41268, 5.28077, 0.421318, 0.0108876, 0.999247, -0.0315031
5.41109, 5.27944, 0.422434, -0.0122871, -0.999124, 0.034385
5.4131, 5.2787, 0.418301, 0.0132108, 0.999222, -0.0308619
5.41279, 5.27886, 0.420644, -0.0114423, -0.99912, 0.0339606
5.41165, 5.28203, 0.419712, 0.0153797, 0.99913, -0.0304416
5.41268, 5.28219, 0.420158, -0.0112287, -0.999211, 0.0305238
5.41166, 5.28194, 0.424558, 0.014044, 0.999047, -0.036895
5.41294, 5.28127, 0.420494, 0.0115473, 0.998909, -0.0394076
5.41262, 5.28348, 0.419519, -0.0117757, -0.999056, 0.0328867
5.41224, 5.27723, 0.42199, -0.0133061, -0.999253, 0.0284177
5.41277, 5.28107, 0.421085, 0.0133271, 0.998924, -0.0389925
5.41203, 5.27975, 0.423122, 0.014348, 0.998955, -0.0349932
5.41191, 5.27902, 0.420942, 0.0153986, 0.999048, -0.035483
5.414, 5.28303, 0.421358, 0.0103351, 0.999172, -0.0321551
5.41381, 5.28151, 0.419787, -0.0123279, -0.999045, 0.0365925
5.41222, 5.27959, 0.420286, 0.0123861, 0.999187, -0.032459
5.413, 5.27907, 0.42116, 0.010393, 0.999096, -0.0365363
5.41258, 5.27974, 0.421349, -0.014327, -0.999169, 0.0336752
5.41176, 5.28441, 0.423409, -0.0132649, -0.99915, 0.0337029
5.41162, 5.27916, 0.422313, -0.0122383, -0.99925, 0.0329029
5.41279, 5.28004, 0.420089, 0.0125454, 0.999074, -0.0351223
5.4125, 5.28115, 0.421045, -0.0138593, -0.999135, 0.0335582
5.41371, 5.28167, 0.418073, -0.0143333, -0.998915, 0.0390043
5.41258, 5.28122, 0.421829, -0.0107938, -0.999118, 0.0334735
5.41317, 5.27962, 0.420846, -0.0113642, -0.999188, 0.0328108
5.41221, 5.28034, 0.418889, -0.012358, -0.99885, 0.0387037
5.41264, 5.27886, 0.423061, -0.0106297, -0.999177, 0.0350971
5.41286, 5.28074, 0.419986, 0.0115234, 0.999202, -0.0343231
5.41205, 5.28215, 0.419254, 0.0137486, 0.998955, -0.0368161
5.41305, 5.27991, 0.423296, -0.0111416, -0.999155, 0.0332303
5.41334, 5.28144, 0.420413, 0.0125162, 0.998944, -0.0387834
5.41318, 5.27951, 0.419282, -0.0121257, -0.998818, 0.0406279
5.41161, 5.28042, 0.42169, 0.0115153, 0.999015, -0.036503
5.4129, 5.28058, 0.419979, 0.0159026, 0.998632, -0.0431915
5.41265, 5.28416, 0.419895, 0.00970215, 0.998972, -0.0394493
5.41241, 5.28033, 0.422134, -0.0134203, -0.999009, 0.0362186
5.41304, 5.28163, 0.421172, 0.0126036, 0.998978, -0.0388433
5.41258, 5.27912, 0.422523, 0.0125446, 0.999078, -0.0330528
5.41229, 5.27866, 0.420748, 0.0137446, 0.999116, -0.0347555
5.41316, 5.27992, 0.419699, -0.0125834, -0.998886, 0.0394936
5.4122, 5.27978, 0.422158, -0.0127471, -0.99918, 0.0293552
5.41341, 5.28229, 0.420511, 0.0108906, 0.99903, -0.0355159
5.41222, 5.2816, 0.420725, -0.0132724, -0.999031, 0.0366792
5.41322, 5.2793, 0.421812, 0.012467, 0.999151, -0.0352719
5.41191, 5.28082, 0.420863, 0.0153385, 0.999178, -0.0314494
5.41276, 5.28002, 0.422735, 0.0133489, 0.998976, -0.0370512
5.41298, 5.27902, 0.421459, 0.011082, 0.999078, -0.0358465
5.41282, 5.28158, 0.42086, 0.0111616, 0.998823, -0.0414721
5.41278, 5.27928, 0.420488, 0.0109573, 0.999245, -0.0323694
5.41262, 5.282, 0.418785, 0.0118466, 0.998873, -0.0390428
5.413, 5.28045, 0.420495, 0.0137531, 0.998818, -0.0402582
5.41272, 5.28135, 0.420545, 0.0108712, 0.999006, -0.0381936
5.41333, 5.27956, 0.420015, -0.00996547, -0.998959, 0.0372491
5.41273, 5.27871, 0.419849, -0.014369, -0.999051, 0.034737
5.41294, 5.28265, 0.42087, 0.0135017, 0.99918, -0.0335
5.41304, 5.28183, 0.421377, 0.0131608, 0.998959, -0.0379003
5.41207, 5.28205, 0.423941, -0.0135995, -0.99889, 0.0391849
5.41228, 5.28021, 0.420117, 0.0145783, 0.998973, -0.0379163
5.41123, 5.28008, 0.42098, -0.0131974, -0.99925, 0.0310502
5.41316, 5.28171, 0.419807, -0.0145942, -0.999085, 0.0336352
5.41258, 5.2829, 0.418304, -0.0126098, -0.999168, 0.0344556
5.4127, 5.28297, 0.421623, -0.012667, -0.998732, 0.0439382
5.41199, 5.27953, 0.422255, -0.0124413, -0.999158, 0.0340299
5.41246, 5.28203, 0.422264, -0.0139136, -0.998755, 0.0404151
5.41189, 5.28103, 0.422341, -0.0141114, -0.999153, 0.0311786
5.41302, 5.28074, 0.419375, 0.0095006, 0.999309, -0.0300018
5.41268, 5.28008, 0.421276, 0.0120536, 0.999035, -0.0356537
5.41182, 5.27896, 0.419934, 0.0127788, 0.999251, -0.0331124
5.41253, 5.28007, 0.423115, 0.0135292, 0.998928, -0.0362915
5.41236, 5.28425, 0.422119, -0.0117361, -0.998848, 0.0388771
5.41274, 5.28403, 0.420687, 0.0114371, 0.99877, -0.0433199
5.41203, 5.27942, 0.420616, -0.0119778, -0.99905, 0.0374061
5.41216, 5.2832, 0.420238, 0.0130176, 0.998876, -0.0393346
5.41228, 5.28054, 0.42214, 0.015291, 0.998845, -0.0396423
5.41274, 5.27819, 0.423577, -0.0100488, -0.999161, 0.034101
5.41246, 5.2813, 0.422348, 0.0113551, 0.999046, -0.0377873
5.41227, 5.28347, 0.422267, 0.0107979, 0.998791, -0.0395818
5.41318, 5.28012, 0.419614, 0.0131092, 0.999002, -0.0367814
5.41229, 5.2797, 0.420391, -0.0125502, -0.999161, 0.0342554
5.41277, 5.27953, 0.419879, -0.0109456, -0.999046, 0.0360055
5.41305, 5.28188, 0.420719, -0.0112047, -0.999066, 0.0352955
5.41296, 5.28111, 0.4213, -0.0122911, -0.998955, 0.0393305
5.41276, 5.28078, 0.420879, -0.0124851, -0.999187, 0.03411
5.41187, 5.28033, 0.422503, 0.0138323, 0.999002, -0.03619
5.41203, 5.28363, 0.422933, -0.0140073, -0.998982, 0.0350992
5.41273, 5.28516, 0.420913, 0.0132498, 0.999023, -0.0358849
5.4125, 5.2806, 0.42146, 0.0103218, 0.999266, -0.0321088
5.41239, 5.27904, 0.419383, -0.0151619, -0.999279, 0.0299296
5.41276, 5.28099, 0.418962, 0.0122396, 0.999325, -0.0313014
5.41246, 5.2841, 0.420211, 0.0118248, 0.999229, -0.0297578
5.41269, 5.28197, 0.421007, 0.013847, 0.998921, -0.0352363
5.41303, 5.27957, 0.421551, -0.0123081, -0.998994, 0.0379812
5.41148, 5.27989, 0.421539, -0.0123135, -0.999145, 0.034693
5.41241, 5.27939, 0.421537, 0.012438, 0.999237, -0.0323626
5.41228, 5.27846, 0.42455, -0.0143173, -0.999089, 0.0359663
5.4132, 5.27967, 0.421837, -0.0125992, -0.999086, 0.0317797
5.41262, 5.27959, 0.422584, -0.0126199, -0.999079, 0.0363309
5.41241, 5.28086, 0.422098, 0.0136056, 0.998932, -0.0350113
5.41221, 5.27889, 0.420538, 0.0148993, 0.999012, -0.0352234
5.41348, 5.27916, 0.417923, -0.0118383, -0.999242, 0.0308329
5.412, 5.27866, 0.420423, -0.0118033, -0.999027, 0.0346539
5.41282, 5.28042, 0.422276, -0.00885954, -0.999073, 0.0350118
5.413, 5.28044, 0.421121, 0.0145508, 0.999004, -0.0355572
5.41237, 5.27913, 0.422277, -0.0113017, -0.998998, 0.0380783
5.41251, 5.2813, 0.421084, 0.0105729, 0.99895, -0.0401295
5.4122, 5.28338, 0.420313, -0.0126454, -0.99883, 0.0398696
5.41262, 5.28118, 0.420808, -0.0174059, -0.998942, 0.036696
5.41222, 5.28073, 0.420582, -0.0117379, -0.999364, 0.0297179
5.41251, 5.28002, 0.420805, -0.0178653, -0.998889, 0.0371082
5.41225, 5.27883, 0.422686, -0.0123006, -0.998964, 0.0367762
5.41292, 5.28152, 0.420299, 0.0147931, 0.99901, -0.0356082
5.41249, 5.28175, 0.419843, -0.015055, -0.998872, 0.0398789
5.41145, 5.28147, 0.421705, 0.00936392, 0.99937, -0.0282396
5.41316, 5.28105, 0.419147, 0.011236, 0.999142, -0.0324159
5.4119, 5.27903, 0.421847, -0.0133463, -0.999179, 0.0328227
5.41176, 5.2808, 0.420459, 0.0130323, 0.999097, -0.0349371
5.41343, 5.28305, 0.419309, 0.0109878, 0.998846, -0.0434597
5.41247, 5.28289, 0.421534, 0.0144153, 0.998697, -0.0432187
5.41245, 5.27899, 0.419211, 0.0109725, 0.999114, -0.0356122
5.41203, 5.28192, 0.421565, 0.0134985, 0.999178, -0.0346654
5.41236, 5.2805, 0.418705, 0.0138812, 0.999237, -0.0293463
5.4121, 5.27973, 0.42076, 0.0137103, 0.999139, -0.0336116
5.41202, 5.27973, 0.421482, 0.0143716, 0.999239, -0.0308776
5.41292, 5.27943, 0.421413, 0.015493, 0.999011, -0.036986
5.41192, 5.27743, 0.42116, -0.0105686, -0.999309, 0.0307161
5.41337, 5.2813, 0.421198, 0.0123218, 0.999186, -0.0339283
5.41244, 5.28045, 0.420435, 0.011904, 0.999007, -0.0367074
5.41296, 5.28285, 0.420928, 0.0141941, 0.998801, -0.0407109
5.41163, 5.27983, 0.422289, 0.0131451, 0.998858, -0.0382773
5.41255, 5.27696, 0.418777, 0.0136279, 0.999255, -0.0286397
5.41236, 5.28192, 0.422376, -0.0136646, -0.998957, 0.0368903
5.41355, 5.28189, 0.420819, -0.0130665, -0.999194, 0.0332306
5.41349, 5.28135, 0.418514, -0.0118143, -0.999069, 0.0365265
5.41301, 5.28129, 0.417254, 0.0129464, 0.999002, -0.0348612
5.41231, 5.28039, 0.422506, 0.0138898, 0.99893, -0.0382433
5.41181, 5.28115, 0.422359, 0.0174891, 0.999094, -0.0321991
5.41244, 5.28423, 0.419205, 0.0142374, 0.999122, -0.0343444
5.41283, 5.28206, 0.420251, 0.0130899, 0.998961, -0.036836
5.41207, 5.28356, 0.421555, 0.0121941, 0.998981, -0.0377401
5.41266, 5.27973, 0.421078, 0.0127618, 0.998868, -0.041819
5.41217, 5.28038, 0.421037, -0.0135219, -0.999144, 0.0329119
5.41252, 5.27986, 0.421469, -0.0095444, -0.99911, 0.0358958
5.41215, 5.27867, 0.422571, -0.0160574, -0.999018, 0.0364049
5.41221, 5.27903, 0.42373, 0.0138044, 0.999049, -0.0368062
5.41283, 5.28019, 0.420768, -0.0151853, -0.99904, 0.0358573
5.41238, 5.28184, 0.422399, -0.00966694, -0.999216, 0.0328072
5.412, 5.28043, 0.420084, 0.0124615, 0.9994, -0.0270333
5.41218, 5.27945, 0.419917, -0.0130157, -0.999364, 0.0290584
5.41292, 5.28264, 0.421697, 0.0105654, 0.999033, -0.0367718
5.41186, 5.28, 0.421503, -0.0130404, -0.999017, 0.0372066
5.41267, 5.28027, 0.422523, 0.0128704, 0.999041, -0.0371798
5.41246, 5.28084, 0.417476, -0.0148504, -0.998908, 0.0344456
5.41266, 5.28063, 0.420746, 0.0138353, 0.999041, -0.0351781
5.41167, 5.28037, 0.421557, 0.0127807, 0.999183, -0.0338113
5.41359, 5.28, 0.421434, 0.0114184, 0.999216, -0.0335954
5.41209, 5.2791, 0.421482, 0.0128865, 0.999044, -0.0375006
5.41203, 5.28162, 0.420994, -0.0101667, -0.999069, 0.0362911
5.41294, 5.28028, 0.420738, -0.012078, -0.999085, 0.0344338
5.41223, 5.27953, 0.421074, -0.0111246, -0.999248, 0.0326673
5.41259, 5.27906, 0.419472, 0.0134018, 0.999151, -0.0310258
5.41246, 5.28244, 0.419816, 0.0104864, 0.99903, -0.0370207
5.413, 5.28146, 0.4202, 0.0126251, 0.999074, -0.032031
5.41186, 5.2822, 0.42211, 0.0135482, 0.998594, -0.0454854
5.41175, 5.27852, 0.422779, 0.0148219, 0.998817, -0.0370421
5.41223, 5.27963, 0.418984, 0.0134119, 0.999233, -0.0292571
5.41166, 5.2798, 0.423441, -0.0170774, -0.998995, 0.0350248
5.41224, 5.27949, 0.422039, -0.0116472, -0.999195, 0.031804
5.41292, 5.28207, 0.420388, 0.00974566, 0.998938, -0.0395528
5.41244, 5.28095, 0.420649, 0.0129808, 0.999147, -0.0329065
5.41231, 5.27986, 0.420211, 0.013532, 0.999116, -0.0345234
5.41314, 5.28108, 0.420686, 0.0124293, 0.998848, -0.0393177
5.41289, 5.28085, 0.422093, 0.0107815, 0.998929, -0.0393273
5.41388, 5.28417, 0.418447, -0.010067, -0.998954, 0.0385925
5.41204, 5.27985, 0.421036, 0.0144542, 0.999025, -0.0357367
5.41257, 5.28118, 0.420976, -0.0144046, -0.998939, 0.037139
5.41142, 5.2801, 0.421914, -0.0125955, -0.999157, 0.0338745
5.41271, 5.279, 0.423078, -0.0139233, -0.999, 0.0377526
5.41202, 5.28061, 0.419987, 0.0123592, 0.999171, -0.0332205
5.41285, 5.28302, 0.420488, 0.0111012, 0.999159, -0.0327592
5.41258, 5.2804, 0.42079, 0.013479, 0.999324, -0.0287898
5.41212, 5.28081, 0.420943, -0.0135693, -0.999275, 0.0301042
5.41217, 5.27886, 0.419938, -0.01311, -0.999263, 0.0316573
5.41177, 5.27992, 0.421662, 0.010074, 0.999287, -0.0280744
5.41266, 5.28395, 0.423428, -0.0108812, -0.998995, 0.0377165
5.41144, 5.28043, 0.424122, 0.0142627, 0.999224, -0.0342095
5.41267, 5.27884, 0.422872, -0.0123418, -0.998839, 0.0397459
5.41259, 5.28317, 0.419526, 0.0121923, 0.9988, -0.0394603
5.4118, 5.28187, 0.422644, -0.0149612, -0.999076, 0.035894
5.41232, 5.28271, 0.424021, -0.0119826, -0.999061, 0.0358339
5.41337, 5.28193, 0.420058, 0.0102622, 0.999032, -0.0376362
5.41291, 5.27901, 0.420274, 0.0118228, 0.999255, -0.0328812
5.41203, 5.27839, 0.421393, 0.0116514, 0.999104, -0.0350236
5.41255, 5.28104, 0.418934, -0.0120827, -0.999108, 0.0348872
5.41177, 5.28093, 0.423105, -0.0116942, -0.999142, 0.0359836
5.41267, 5.2786, 0.420239, -0.0116579, -0.999385, 0.025966
5.41234, 5.2809, 0.420922, -0.0117599, -0.99894, 0.0399798
5.4121, 5.28204, 0.422795, -0.0139638, -0.999112, 0.0344871
5.41278, 5.28347, 0.420519, 0.0111914, 0.999096, -0.0341815
5.41294, 5.28275, 0.419871, 0.0100702, 0.998857, -0.0405199
5.41279, 5.27916, 0.420001, 0.0127455, 0.999018, -0.0366229
5.41257, 5.27988, 0.420576, -0.0131482, -0.999208, 0.033667
5.41141, 5.28052, 0.421773, 0.0125298, 0.998983, -0.0363017
5.41231, 5.28011, 0.419891, -0.0125149, -0.999167, 0.0335263
5.4125, 5.27999, 0.423039, -0.0128286, -0.999189, 0.0313996
5.41271, 5.27859, 0.422176, 0.0136667, 0.999109, -0.0343394
5.41334, 5.27976, 0.417642, 0.0104968, 0.999424, -0.0272372
5.41306, 5.28, 0.421305, -0.0117981, -0.99918, 0.032131
5.41296, 5.28162, 0.421583, -0.0130658, -0.999079, 0.0357317
5.41189, 5.27915, 0.422695, 0.0122058, 0.999194, -0.0349428
5.41267, 5.2796, 0.421457, 0.0111311, 0.999224, -0.0304014
5.41233, 5.28071, 0.42251, 0.0141101, 0.998867, -0.0395156
5.41249, 5.27996, 0.42191, -0.0106491, -0.999098, 0.0370363
5.41292, 5.2787, 0.421408, -0.0117063, -0.999176, 0.0339678
5.41251, 5.28096, 0.421643, -0.0143704, -0.999311, 0.0280228
5.41345, 5.28097, 0.420951, 0.0128251, 0.998999, -0.0369141
5.4119, 5.28078, 0.421128, -0.0127553, -0.999161, 0.0351731
5.41256, 5.28003, 0.420947, 0.0116722, 0.999273, -0.0314718
5.41276, 5.27886, 0.418146, 0.0128065, 0.999067, -0.0338312
5.41215, 5.28084, 0.423647, 0.0114845, 0.999016, -0.036983
5.41305, 5.28158, 0.420042, 0.0124435, 0.99897, -0.0372095
5.41326, 5.28185, 0.419657, -0.0113903, -0.999019, 0.0342664
5.41279, 5.28104, 0.42186, -0.0103806, -0.998857, 0.0415744
5.41186, 5.28152, 0.422318, 0.0120193, 0.99901, -0.0379313
5.41154, 5.28065, 0.423243, -0.0126524, -0.998843, 0.0408813
5.41329, 5.28045, 0.418999, 0.0141265, 0.999042, -0.0350023
5.41323, 5.28128, 0.418857, 0.0123846, 0.999192, -0.0339591
5.41303, 5.28198, 0.421554, -0.0134839, -0.99873, 0.0436401
5.41346, 5.28022, 0.420935, 0.00955518, 0.999182, -0.0350561
5.41276, 5.27983, 0.420828, -0.0126947, -0.998874, 0.0408952
5.41278, 5.2826, 0.421828, 0.00864285, 0.998938, -0.0415331
5.41291, 5.2786, 0.420683, 0.0113519, 0.999066, -0.0374884
5.41175, 5.27832, 0.422905, -0.0118925, -0.999078, 0.0354008
5.4122, 5.27876, 0.424399, -0.0117774, -0.999351, 0.0291063
5.41312, 5.28245, 0.421538, 0.00846839, 0.999126, -0.0368392
5.4133, 5.2817, 0.417872, 0.0137637, 0.998766, -0.0399551
5.41274, 5.28256, 0.419169, -0.0135767, -0.99887, 0.0404382
5.41268, 5.27946, 0.420772, 0.0107461, 0.999102, -0.0372585
5.41316, 5.28131, 0.421459, 0.0124072, 0.999069, -0.0373053
5.41267, 5.28193, 0.420595, 0.0121237, 0.999226, -0.0326593
5.41238, 5.28129, 0.421991, 0.0146714, 0.998821, -0.0410562
5.41329, 5.2803, 0.419965, -0.0139833, -0.999076, 0.0326351
5.41294, 5.28019, 0.420573, -0.0133842, -0.999292, 0.0268611
5.41262, 5.28004, 0.420628, 0.0118975, 0.999121, -0.0345778
5.41335, 5.28418, 0.419212, -0.0115595, -0.999014, 0.0384279
5.4126, 5.28195, 0.419897, -0.0102216, -0.999015, 0.0382154
5.41307, 5.28199, 0.420892, 0.0125063, 0.998979, -0.0363912
5.41206, 5.28268, 0.420649, -0.0129502, -0.998985, 0.0377784
5.41276, 5.27887, 0.420972, 0.0116005, 0.999009, -0.0376737
5.41247, 5.28055, 0.423244, -0.013746, -0.998762, 0.0406116
5.41182, 5.28061, 0.422825, -0.015286, -0.999106, 0.0332803
5.4126, 5.28156, 0.422988, -0.00982825, -0.999048, 0.0359896
5.41329, 5.28254, 0.422281, -0.0114653, -0.999215, 0.0315608
5.41295, 5.27802, 0.420047, 0.0121285, 0.999152, -0.0341071
5.41323, 5.28103, 0.42188, 0.0119887, 0.999126, -0.0367647
5.41315, 5.27847, 0.421546, 0.0125127, 0.999153, -0.0335862
5.41263, 5.27897, 0.421253, 0.0128515, 0.99898, -0.0392799
5.41256, 5.2819, 0.418985, 0.0121309, 0.999218, -0.0333992
5.41246, 5.27898, 0.419942, 0.0128113, 0.999303, -0.0304032
5.41221, 5.28001, 0.419502, 0.0134742, 0.999184, -0.0338302
5.41222, 5.2819, 0.422853, 0.0151504, 0.999268, -0.0280758
5.41298, 5.27962, 0.4215, 0.00961112, 0.99918, -0.035052
5.41199, 5.28216, 0.419979, -0.0157288, -0.998725, 0.0393006
5.41223, 5.28046, 0.421664, 0.0145568, 0.999003, -0.035378
5.41329, 5.28032, 0.421452, -0.0116784, -0.999118, 0.0336372
5.41307, 5.28495, 0.421532, 0.0115147, 0.99891, -0.0396312
5.4131, 5.27988, 0.421613, 0.0138519, 0.998861, -0.0377371
5.4128, 5.2815, 0.423351, 0.0118859, 0.999115, -0.0362698
5.41263, 5.2797, 0.420323, 0.00939333, 0.999264, -0.0316279
5.41293, 5.28139, 0.419106, -0.0150517, -0.999038, 0.0330628
5.41317, 5.28241, 0.421958, 0.00924292, 0.999134, -0.035199
5.41284, 5.28035, 0.420698, 0.0130552, 0.999053, -0.0361179
5.41333, 5.27988, 0.419359, -0.0121498, -0.999142, 0.0342345
5.41239, 5.27989, 0.425117, 0.0115248, 0.999135, -0.0313851
5.41285, 5.27971, 0.420938, 0.0130495, 0.999121, -0.0333069
5.41313, 5.28008, 0.42465, 0.0120926, 0.99895, -0.0387601
5.41194, 5.28012, 0.420236, 0.0125314, 0.999217, -0.0309992
5.41317, 5.27968, 0.419983, 0.0105416, 0.999097, -0.0350759
5.41255, 5.28218, 0.422052, 0.0108937, 0.999177, -0.0319241
5.4122, 5.28081, 0.422141, 0.0159179, 0.998932, -0.0384587
5.41255, 5.28079, 0.422251, 0.0130183, 0.999163, -0.0327966
5.41244, 5.28061, 0.420898, -0.0155776, -0.998892, 0.0373484
5.41217, 5.27918, 0.421297, 0.0150427, 0.999133, -0.0331853
5.41311, 5.2806, 0.422724, 0.0144813, 0.99885, -0.0377393
5.41381, 5.27983, 0.419917, 0.011175, 0.999045, -0.0357877
5.41228, 5.27924, 0.42357, -0.0135166, -0.999227, 0.0316117
5.41317, 5.28089, 0.420564, 0.0101209, 0.999066, -0.0382053
5.41217, 5.27967, 0.419533, 0.015948, 0.998978, -0.0354667
5.41339, 5.27888, 0.423111, 0.00873258, 0.999336, -0.0302414
5.41257, 5.2799, 0.419888, -0.0124315, -0.999065, 0.034877
5.41191, 5.27962, 0.42233, -0.0132476, -0.998941, 0.0386376
5.41235, 5.28012, 0.421242, 0.0109493, 0.999191, -0.0342804
5.41221, 5.28072, 0.423572, -0.0127977, -0.999149, 0.0337872
5.41306, 5.28017, 0.422055, -0.0131654, -0.999114, 0.0341241
5.41258, 5.27889, 0.419922, 0.0130544, 0.999154, -0.0326651
5.41228, 5.28204, 0.420678, 0.0143139, 0.998877, -0.0399455
5.41292, 5.28345, 0.419732, 0.0127514, 0.998903, -0.0403121
5.41236, 5.28, 0.420653, -0.0144819, -0.999168, 0.0339737
5.4128, 5.28301, 0.421066, -0.0110107, -0.999086, 0.0360325
5.41208, 5.28097, 0.419819, -0.0107803, -0.999106, 0.0356257
5.41344, 5.27958, 0.421071, -0.0125099, -0.999169, 0.0334506
5.41279, 5.28121, 0.421526, -0.0104296, -0.999024, 0.0367875
5.41149, 5.27956, 0.422627, -0.0144636, -0.999186, 0.0313955
5.41227, 5.2794, 0.420836, 0.0137875, 0.998939, -0.0387219
5.41259, 5.28016, 0.421589, -0.0146494, -0.999198, 0.0321158
5.41208, 5.2797, 0.421291, 0.0125946, 0.999179, -0.0328735
5.41203, 5.27961, 0.421549, 0.0174553, 0.998966, -0.0371493
5.41248, 5.28094, 0.421943, -0.0159883, -0.998886, 0.0396243
5.4122, 5.28157, 0.419134, -0.013217, -0.999028, 0.0350014
5.41148, 5.27676, 0.421765, 0.0147365, 0.999135, -0.0285331
5.41227, 5.28091, 0.421293, -0.0124573, -0.999258, 0.0306245
5.41273, 5.27856, 0.420021, -0.0131538, -0.999201, 0.0300579
5.41255, 5.2806, 0.420464, 0.0119488, 0.998959, -0.0363808
5.41227, 5.28136, 0.419374, -0.00828274, -0.999012, 0.0353874
5.41182, 5.28221, 0.420225, -0.0203349, -0.998995, 0.0288562
5.41278, 5.28262, 0.419677, -0.0128902, -0.999028, 0.0364952
5.41331, 5.28227, 0.419661, 0.0114979, 0.99905, -0.0363384
5.41249, 5.27997, 0.421725, -0.0120655, -0.999072, 0.0359196
5.41212, 5.27848, 0.422671, -0.0157449, -0.998931, 0.0382705
5.41243, 5.27798, 0.422803, 0.0143267, 0.999062, -0.0374037
5.41236, 5.28263, 0.418729, -0.0127295, -0.99903, 0.0372757
5.41266, 5.28037, 0.422009, -0.013402, -0.999003, 0.0364813
5.4122, 5.28252, 0.420601, -0.015557, -0.99901, 0.0346949
5.41296, 5.28039, 0.42204, -0.0121768, -0.999157, 0.033912
5.41209, 5.27914, 0.420156, 0.0163044, 0.999192, -0.0289641
5.41202, 5.28277, 0.421591, 0.0130504, 0.999167, -0.0350498
5.41207, 5.28091, 0.421778, -0.0115048, -0.998976, 0.0368402
5.4125, 5.27867, 0.42189, -0.0139915, -0.999246, 0.0299078
5.41233, 5.2776, 0.422, -0.0171664, -0.998812, 0.0376822
5.41263, 5.28132, 0.421869, 0.013511, 0.999233, -0.0337593
5.41236, 5.27906, 0.421474, -0.012956, -0.99923, 0.0319294
5.41254, 5.28046, 0.422064, -0.0125542, -0.999009, 0.0378441
5.41165, 5.2791, 0.420254, 0.0121559, 0.99923, -0.0329064
5.41283, 5.27931, 0.420624, 0.01004, 0.998994, -0.0372915
5.41249, 5.2809, 0.421297, 0.0110711, 0.99914, -0.0343422
5.41256, 5.28272, 0.419225, 0.0116355, 0.99916, -0.0319742
5.41307, 5.2792, 0.420043, -0.0121687, -0.999234, 0.0305041
5.41231, 5.27953, 0.422611, 0.0134411, 0.999076, -0.033051
5.4124, 5.27838, 0.422027, -0.0125706, -0.999128, 0.0351251
5.41236, 5.28061, 0.422464, 0.0115724, 0.999043, -0.0362519
5.41198, 5.28047, 0.420919, 0.0134889, 0.999011, -0.036351
5.41244, 5.28168, 0.420187, -0.0134721, -0.998858, 0.0363946
5.41358, 5.28067, 0.418638, 0.0100553, 0.999012, -0.0375106
5.41228, 5.28135, 0.422236, 0.00983385, 0.999249, -0.0309355
5.41227, 5.2802, 0.420503, 0.0146992, 0.999132, -0.0330176
5.41317, 5.27919, 0.420129, 0.0130125, 0.99902, -0.0344929
5.41204, 5.28097, 0.4219, 0.0143459, 0.999214, -0.0326358
5.41332, 5.28278, 0.420504, 0.0102836, 0.999286, -0.0310095
5.41334, 5.2804, 0.421964, -0.0118222, -0.998779, 0.0436829
5.41306, 5.28275, 0.419303, -0.0156643, -0.999107, 0.0350355
5.41173, 5.27913, 0.4219, 0.013097, 0.999191, -0.0317881
5.41219, 5.27926, 0.419388, 0.0144099, 0.999419, -0.0262401
5.41289, 5.28012, 0.420859, 0.014933, 0.999089, -0.0346818
5.41189, 5.27823, 0.42189, 0.0135827, 0.999238, -0.0304858
5.41259, 5.28016, 0.420941, 0.0121082, 0.999181, -0.0334113
5.41343, 5.27916, 0.420213, 0.0102755, 0.999157, -0.0327559
5.41368, 5.28202, 0.420365, -0.0150328, -0.99902, 0.031675
5.41275, 5.27974, 0.420448, 0.0147297, 0.999185, -0.0312039
5.41283, 5.27892, 0.421479, 0.0128928, 0.999304, -0.0289256
5.41311, 5.28136, 0.420548, -0.013978, -0.999137, 0.0322526
5.41216, 5.27998, 0.418599, 0.0156997, 0.999137, -0.0318452
5.41272, 5.28057, 0.42371, -0.0142303, -0.998748, 0.0423687
5.41314, 5.27945, 0.420315, 0.0108845, 0.999159, -0.0331498
5.41311, 5.28128, 0.421404, -0.0127705, -0.998964, 0.0363316
5.41231, 5.27905, 0.420191, -0.0133725, -0.999265, 0.0284294
5.41272, 5.28101, 0.421316, -0.0102749, -0.999262, 0.0329078
5.41216, 5.2819, 0.418819, -0.0176773, -0.999013, 0.0357265
5.41246, 5.28145, 0.419196, 0.0133335, 0.999165, -0.032584
5.41246, 5.28296, 0.419933, -0.0137259, -0.99913, 0.0302948
5.41318, 5.27958, 0.419081, 0.0112426, 0.999131, -0.0352788
5.41309, 5.28155, 0.419254, 0.0130396, 0.99906, -0.0340389
5.41374, 5.28203, 0.417357, -0.0136209, -0.998908, 0.0380215
5.41357, 5.28124, 0.422022, 0.0122362, 0.999381, -0.027891
5.41177, 5.2787, 0.422206, 0.014472, 0.999096, -0.0339989
5.41319, 5.27872, 0.419919, -0.0110388, -0.999102, 0.034561
5.41308, 5.2795, 0.419615, 0.0122363, 0.999199, -0.0324641
5.41221, 5.2793, 0.421729, -0.0121024, -0.999328, 0.029657
5.41447, 5.27856, 0.418873, -0.0114482, -0.999226, 0.0311055
5.41269, 5.28161, 0.421137, 0.0116561, 0.999212, -0.0309976
5.41274, 5.27804, 0.420983, -0.0117262, -0.999305, 0.0302082
5.41199, 5.28203, 0.420802, -0.0132739, -0.999166, 0.0320534
5.41311, 5.28046, 0.420641, -0.0110575, -0.999, 0.035558
5.41304, 5.28065, 0.421791, -0.01122, -0.999139, 0.0328269
5.41383, 5.2855, 0.41953, 0.0130267, 0.998941, -0.0377212
5.41303, 5.28092, 0.419502, -0.0121978, -0.998882, 0.0422381
5.41156, 5.27804, 0.421534, -0.0138339, -0.998916, 0.0392344
5.41203, 5.28123, 0.419491, -0.0139895, -0.999261, 0.0317412
5.41364, 5.28289, 0.41917, 0.0126232, 0.99896, -0.0377167
5.41274, 5.27897, 0.41961, -0.014097, -0.999014, 0.0352023
5.41307, 5.28596, 0.419365, -0.0159842, -0.99887, 0.0386781
5.41339, 5.28029, 0.419759, -0.0128619, -0.998986, 0.0362698
5.41227, 5.28276, 0.420949, -0.0123377, -0.999221, 0.0305381
5.41165, 5.28062, 0.420486, -0.0131728, -0.999084, 0.0332165
5.41286, 5.2816, 0.420441, -0.0103028, -0.999227, 0.0287821
5.41279, 5.28108, 0.417089, 0.0166741, 0.999304, -0.026115
5.41202, 5.27964, 0.424139, 0.0137537, 0.999055, -0.0346273
5.41293, 5.28022, 0.422281, 0.0123555, 0.999094, -0.0355039
5.41203, 5.2799, 0.420651, 0.0151085, 0.999085, -0.0343409
5.4126, 5.28161, 0.418307, -0.0138784, -0.999119, 0.033379
5.41339, 5.28073, 0.420199, -0.0114597, -0.998756, 0.0405672
5.41321, 5.28052, 0.418917, -0.0116028, -0.998929, 0.0382165
5.41328, 5.28259, 0.420318, 0.00684506, 0.999213, -0.034499
5.41311, 5.27934, 0.422299, -0.0129419, -0.99911, 0.0343713
5.4132, 5.28057, 0.418584, 0.0118382, 0.999293, -0.0298866
5.41192, 5.28184, 0.421745, -0.0146791, -0.998965, 0.0368858
5.41226, 5.28, 0.421194, -0.0100733, -0.998975, 0.0370152
5.41307, 5.28014, 0.421945, -0.00998043, -0.999027, 0.0384423
5.41195, 5.28325, 0.42134, -0.0101402, -0.99916, 0.0322348
5.41281, 5.2791, 0.422365, 0.0119897, 0.999355, -0.0271756
5.41333, 5.27857, 0.419631, 0.00964808, 0.999219, -0.0313597
5.41266, 5.28091, 0.421084, 0.00883624, 0.999158, -0.0342182
5.41332, 5.28099, 0.420633, -0.011109, -0.999195, 0.0312182
5.4124, 5.27877, 0.421071, 0.0154597, 0.998773, -0.0408036
5.41216, 5.27999, 0.41987, 0.0145419, 0.999179, -0.0305574
5.41257, 5.28077, 0.419761, 0.0134119, 0.99909, -0.0342039
5.41238, 5.28105, 0.422463, 0.0112637, 0.999058, -0.0359027
5.41346, 5.28027, 0.42321, -0.0114034, -0.998985, 0.0387804
5.41308, 5.279, 0.419618, 0.0134264, 0.999187, -0.0309985
5.41295, 5.2791, 0.419033, -0.0145743, -0.998772, 0.0385257
5.41175, 5.2787, 0.421642, 0.0137219, 0.998991, -0.0397911
5.41265, 5.28221, 0.420269, -0.0110828, -0.999174, 0.0309219
5.41303, 5.27937, 0.420906, 0.0148968, 0.999051, -0.0332
5.4122, 5.28042, 0.42148, 0.0157333, 0.999127, -0.0302711
5.41421, 5.27968, 0.420314, -0.0100924, -0.998978, 0.037154
5.4129, 5.27913, 0.419455, 0.0114247, 0.999053, -0.0354412
5.41237, 5.28051, 0.42378, -0.0120591, -0.99894, 0.0408583
5.41374, 5.28153, 0.418224, 0.0116492, 0.999022, -0.0377523
5.41207, 5.2799, 0.421067, -0.0118532, -0.999267, 0.0307574
5.41281, 5.27907, 0.421892, 0.0132812, 0.999132, -0.0339829
5.41268, 5.28063, 0.421294, 0.011923, 0.99907, -0.0372133
5.41285, 5.28082, 0.421325, -0.0122859, -0.999222, 0.0327251
5.41235, 5.27926, 0.420226, -0.0134471, -0.999177, 0.0340917
5.41282, 5.27895, 0.42043, -0.0172378, -0.999037, 0.0329165
5.41261, 5.27781, 0.418953, 0.0137034, 0.999229, -0.0314665
5.41289, 5.28078, 0.424011, 0.0115866, 0.999064, -0.0376634
5.41234, 5.27842, 0.421289, -0.012527, -0.999262, 0.0322081
5.41149, 5.28385, 0.420136, 0.0145364, 0.999254, -0.0281436
5.41289, 5.2784, 0.418678, 0.013001, 0.999071, -0.0361735
5.41279, 5.2793, 0.420796, -0.0136063, -0.999348, 0.0284575
5.41286, 5.28187, 0.419579, 0.0140225, 0.998818, -0.0402538
5.41344, 5.27878, 0.418151, -0.0116087, -0.999154, 0.0323269
5.41282, 5.28169, 0.422052, 0.0116196, 0.99889, -0.0389999
5.41223, 5.28155, 0.420665, 0.0142794, 0.999164, -0.0319927
5.4128, 5.28038, 0.421226, 0.016906, 0.999102, -0.031799
5.41311, 5.27922, 0.421167, -0.0150272, -0.99901, 0.0339903
5.41232, 5.28125, 0.421764, -0.0108912, -0.999035, 0.0378121
5.4118, 5.28032, 0.421433, 0.0133425, 0.999381, -0.0277845
5.41279, 5.28191, 0.417882, -0.0113923, -0.999045, 0.0332214
5.41281, 5.28022, 0.419856, -0.0102114, -0.999066, 0.0354885
5.41268, 5.27817, 0.419618, -0.0129541, -0.999281, 0.029511
5.413, 5.2797, 0.421087, -0.0116862, -0.999228, 0.0327515
5.41244, 5.27824, 0.423157, 0.0113831, 0.999305, -0.0299134
5.41254, 5.27983, 0.419861, 0.0123141, 0.999256, -0.0314163
5.41279, 5.27817, 0.421975, 0.0105256, 0.999286, -0.0316976
5.41298, 5.2796, 0.419128, 0.0135447, 0.999259, -0.0298467
5.41305, 5.27973, 0.420721, 0.013511, 0.998967, -0.0359033
5.4125, 5.27937, 0.421409, -0.0125168, -0.999042, 0.0366545
5.4133, 5.27734, 0.420981, -0.0144009, -0.999237, 0.0300864
5.41293, 5.28121, 0.422672, -0.0119135, -0.998833, 0.0403665
5.41266, 5.27889, 0.4206, -0.0110603, -0.999245, 0.030631
5.41231, 5.28035, 0.423785, -0.0111936, -0.999167, 0.0312377
5.41281, 5.27988, 0.421484, -0.0132153, -0.999177, 0.0339229
5.41247, 5.28083, 0.420556, -0.011562, -0.999187, 0.0342632
5.4133, 5.28223, 0.417924, 0.00942285, 0.999256, -0.0292136
5.41271, 5.27885, 0.420925, -0.0121329, -0.999151, 0.0339723
5.41393, 5.27804, 0.419394, 0.0101126, 0.999209, -0.0319404
5.41176, 5.28154, 0.42119, 0.011346, 0.999015, -0.0362607
5.4121, 5.28079, 0.42192, 0.0125033, 0.999269, -0.0304154
5.4128, 5.2811, 0.421885, -0.0105406, -0.999249, 0.0317492
5.41294, 5.28091, 0.420407, -0.0131132, -0.999039, 0.0369767
5.41156, 5.27886, 0.425049, 0.0129643, 0.999062, -0.0337298
5.41346, 5.27801, 0.419845, -0.0121813, -0.999302, 0.0278806
5.41227, 5.27804, 0.422374, 0.013673, 0.99925, -0.0288231
5.41316, 5.28094, 0.420294, 0.0128286, 0.999016, -0.0349537
5.41282, 5.27984, 0.419281, -0.0136957, -0.999009, 0.0349589
5.41325, 5.28117, 0.418739, -0.0127833, -0.998881, 0.0365182
5.41288, 5.27946, 0.419881, 0.011675, 0.999373, -0.0281193
5.41263, 5.28076, 0.422542, -0.00769497, -0.999309, 0.0325695
5.41238, 5.28358, 0.421321, 0.00880194, 0.999049, -0.0353228
5.41182, 5.27663, 0.424553, 0.0139843, 0.999199, -0.0313641
5.41178, 5.28064, 0.424085, -0.0162205, -0.998634, 0.0443907
5.41243, 5.27917, 0.42149, -0.0171404, -0.998971, 0.0350071
5.41246, 5.28382, 0.421367, -0.0148278, -0.999025, 0.0367039
5.41265, 5.28049, 0.420954, -0.013558, -0.99919, 0.0308169
5.41284, 5.28248, 0.423373, 0.00885844, 0.999069, -0.0371208
5.4133, 5.28057, 0.421038, -0.010257, -0.998971, 0.0381206
5.41337, 5.27891, 0.421934, -0.00927196, -0.999214, 0.0344752
5.41225, 5.28211, 0.420099, -0.0134125, -0.99917, 0.0312454
5.41244, 5.27897, 0.421198, 0.0126535, 0.999386, -0.0273931
5.41284, 5.27959, 0.419097, 0.0146169, 0.999046, -0.0344729
5.41189, 5.2807, 0.421342, -0.0121726, -0.999105, 0.0309024
5.41323, 5.28, 0.418222, 0.0137938, 0.999002, -0.0371076
5.41265, 5.27988, 0.420924, 0.0111884, 0.999104, -0.036343
5.41314, 5.28068, 0.419217, -0.0116022, -0.999197, 0.0332809
5.41213, 5.27932, 0.419777, 0.0135079, 0.999007, -0.0366264
5.41288, 5.28169, 0.42386, -0.0100491, -0.999117, 0.0339379
5.4126, 5.27866, 0.420183, 0.0114489, 0.999017, -0.0358379
5.41293, 5.27899, 0.418445, 0.0131672, 0.999177, -0.0299015
5.41226, 5.27953, 0.422361, -0.013994, -0.999017, 0.0352179
5.41303, 5.27835, 0.421084, -0.0141655, -0.999031, 0.0345529
5.41252, 5.28067, 0.41924, -0.0122832, -0.999037, 0.036503
5.41296, 5.28049, 0.421252, 0.0138245, 0.999161, -0.0336872
5.41288, 5.27779, 0.421858, -0.0152991, -0.99899, 0.0347151
5.41314, 5.28141, 0.420062, 0.0118969, 0.999093, -0.0357767
5.41276, 5.27882, 0.421125, 0.0138168, 0.999184, -0.0319314
5.41311, 5.28132, 0.419185, 0.0151031, 0.999079, -0.0338216
5.4131, 5.27819, 0.41938, -0.0143397, -0.999098, 0.0341437
5.41364, 5.27994, 0.41942, -0.0125175, -0.998894, 0.0394025
5.41287, 5.28096, 0.421525, 0.0111221, 0.999, -0.0370729
5.41274, 5.27969, 0.42224, 0.0113, 0.999196, -0.0330346
5.41318, 5.27859, 0.421799, 0.014795, 0.998913, -0.0373658
5.4129, 5.27834, 0.421827, -0.00991654, -0.999043, 0.0388958
5.41214, 5.28157, 0.420191, -0.0138126, -0.99906, 0.0347878
5.41261, 5.28035, 0.41996, 0.0110166, 0.998952, -0.0384524
5.41213, 5.28154, 0.419846, -0.0155768, -0.999016, 0.0358916
5.41185, 5.27892, 0.420413, -0.0134946, -0.999014, 0.0366517
5.41247, 5.28031, 0.420432, -0.0132831, -0.998727, 0.0423672
5.41217, 5.27914, 0.42083, 0.014259, 0.998878, -0.0405121
5.41181, 5.27955, 0.423657, 0.0120293, 0.999262, -0.0319863
5.41321, 5.28092, 0.42005, -0.0119554, -0.999252, 0.0318242
5.41279, 5.28022, 0.420918, 0.0106876, 0.999226, -0.0316519
5.41276, 5.28073, 0.421985, 0.0151786, 0.999132, -0.0329068
5.41243, 5.28088, 0.422548, 0.0116075, 0.998977, -0.0376457
5.41183, 5.27927, 0.4214, -0.0114046, -0.999179, 0.0336992
5.41193, 5.28064, 0.42206, 0.0143471, 0.999171, -0.0319276
5.41247, 5.27979, 0.419749, 0.0107192, 0.999232, -0.0328384
5.41262, 5.2798, 0.421577, 0.00980659, 0.999097, -0.0366023
5.41286, 5.28091, 0.422504, -0.0139071, -0.999068, 0.0359457
5.41209, 5.28118, 0.420997, -0.0141639, -0.998985, 0.0361077
5.41242, 5.27694, 0.420057, 0.0128939, 0.999058, -0.0347241
5.41299, 5.28157, 0.420508, -0.0102959, -0.99895, 0.0353922
5.4124, 5.27903, 0.422252, -0.0139086, -0.999236, 0.0320879
5.41331, 5.27912, 0.418049, 0.0127363, 0.99915, -0.0336038
5.41224, 5.28165, 0.421909, -0.0114714, -0.998892, 0.0360366
5.41183, 5.2787, 0.420952, -0.0132962, -0.999017, 0.0348285
5.41315, 5.27985, 0.420049, 0.0113267, 0.999219, -0.0302636
5.41233, 5.27985, 0.420596, 0.0133045, 0.999126, -0.0350521
5.41193, 5.28151, 0.42278, 0.0123046, 0.999335, -0.0292069
5.41375, 5.27892, 0.417382, 0.0117884, 0.999111, -0.0360489
5.41373, 5.27946, 0.419653, -0.0137146, -0.999225, 0.0312307
5.41253, 5.28, 0.42125, 0.0149917, 0.999033, -0.0347556
5.41265, 5.27981, 0.41853, -0.0170251, -0.998988, 0.0338948
5.41316, 5.28011, 0.419903, 0.0118703, 0.999047, -0.03676
5.41214, 5.28202, 0.42085, -0.0114235, -0.999194, 0.0337726
5.41311, 5.28148, 0.419794, -0.0105398, -0.999193, 0.0337739
5.41299, 5.28282, 0.422303, 0.0112669, 0.998986, -0.0369701
5.41317, 5.27966, 0.41745, -0.0134514, -0.999014, 0.0357122
5.4124, 5.2814, 0.422625, -0.0149468, -0.998782, 0.0407332
5.41237, 5.28095, 0.421627, -0.0126391, -0.99921, 0.032336
5.41315, 5.28026, 0.420872, 0.012336, 0.999176, -0.0335901
5.4117, 5.28156, 0.42271, 0.0121516, 0.9988, -0.0427284
5.41298, 5.27982, 0.418857, 0.0133026, 0.999304, -0.029149
5.41261, 5.28181, 0.420456, 0.01475, 0.998896, -0.0388009
5.41221, 5.27978, 0.419721, -0.0156703, -0.999206, 0.0313016
5.41377, 5.28066, 0.420622, 0.011178, 0.999164, -0.0338903
5.41348, 5.2846, 0.420205, 0.00825171, 0.999075, -0.0356203
5.41299, 5.28018, 0.421271, -0.0116514, -0.999109, 0.0348241
5.41281, 5.28165, 0.419794, -0.0132346, -0.999192, 0.0296934
5.41297, 5.27861, 0.421827, 0.0118133, 0.998982, -0.0381566
5.41244, 5.28191, 0.422099, -0.0138899, -0.998905, 0.0383781
5.41278, 5.28245, 0.421525, -0.0137709, -0.999081, 0.0343552
5.41221, 5.28013, 0.422344, -0.0109249, -0.999182, 0.0337899
5.41198, 5.28191, 0.42318, 0.015947, 0.998881, -0.0390082
5.41307, 5.27879, 0.421683, -0.0107531, -0.999161, 0.0347325
5.41245, 5.28132, 0.420796, 0.0103341, 0.999304, -0.0317138
5.41301, 5.28011, 0.41891, -0.0119878, -0.999124, 0.0343052
5.41253, 5.27984, 0.418977, -0.010989, -0.999029, 0.0371381
5.41297, 5.28308, 0.419518, 0.0119876, 0.999019, -0.0366045
5.413, 5.28152, 0.420815, -0.0114437, -0.998999, 0.0378698
5.41265, 5.27945, 0.422037, -0.0116512, -0.999302, 0.0315645
5.41375, 5.27921, 0.419098, -0.0121493, -0.99914, 0.0344581
5.41261, 5.2798, 0.419121, -0.014984, -0.999139, 0.0328531
5.41311, 5.27882, 0.418861, -0.0141196, -0.999054, 0.0352625
5.41299, 5.28115, 0.418489, 0.0138053, 0.99917, -0.0334247
5.41345, 5.27954, 0.419273, 0.0112759, 0.999295, -0.0306892
5.41242, 5.27863, 0.422562, -0.0107306, -0.999155, 0.0350406
5.41325, 5.27912, 0.419719, -0.0132087, -0.999142, 0.0330545
5.41312, 5.27886, 0.422202, -0.0121092, -0.998918, 0.0378881
5.41362, 5.2781, 0.41914, -0.0119194, -0.999248, 0.0320645
5.41304, 5.28111, 0.420105, -0.0115529, -0.9991, 0.034741
5.41233, 5.28098, 0.42056, -0.0131035, -0.999095, 0.0333793
5.41329, 5.28112, 0.420669, 0.0100931, 0.998775, -0.0433522
5.41222, 5.28018, 0.423181, 0.0117358, 0.99914, -0.0350235
5.41198, 5.28228, 0.420685, 0.0148004, 0.999156, -0.030647
5.41305, 5.28193, 0.42122, -0.0110514, -0.999007, 0.0350371
5.41309, 5.28086, 0.421345, -0.0109879, -0.998958, 0.0382092
5.41289, 5.28158, 0.42023, -0.0140071, -0.998934, 0.0375138
5.41293, 5.28086, 0.421728, 0.0107109, 0.999093, -0.0344639
5.41297, 5.28074, 0.420511, -0.0112132, -0.998895, 0.0396897
5.41293, 5.28181, 0.419819, 0.0113364, 0.999005, -0.0360465
5.41313, 5.27744, 0.421234, -0.0120701, -0.999164, 0.0310887
5.41309, 5.28205, 0.420362, 0.0122601, 0.998856, -0.0417509
5.41205, 5.28056, 0.421685, 0.0164445, 0.99876, -0.039503
5.4124, 5.27766, 0.422686, 0.015286, 0.998947, -0.0356334
5.41322, 5.28221, 0.419141, 0.0132276, 0.999147, -0.0324715
5.41219, 5.28022, 0.421354, -0.0165124, -0.998973, 0.0356893
5.41172, 5.27909, 0.421931, -0.0131134, -0.999372, 0.0269625
5.4132, 5.28148, 0.419749, 0.0131553, 0.998712, -0.0406709
5.41243, 5.27812, 0.418465, 0.0131302, 0.999054, -0.0339747
5.41207, 5.27991, 0.421407, 0.0133497, 0.999095, -0.034338
5.412, 5.27884, 0.42191, -0.0112347, -0.999167, 0.0348408
5.41337, 5.27962, 0.420171, -0.012006, -0.999247, 0.0295108
5.41253, 5.27947, 0.420446, 0.0120983, 0.999112, -0.0362105
5.41261, 5.28065, 0.422902, 0.0135273, 0.999198, -0.0297976
5.4131, 5.27945, 0.422478, -0.0137113, -0.999046, 0.0366063
5.41369, 5.28254, 0.42245, -0.0111494, -0.999075, 0.0338216
5.41339, 5.28247, 0.421086, -0.0117933, -0.999127, 0.0318436
5.4125, 5.27881, 0.421588, 0.0116086, 0.99927, -0.0332117
5.413, 5.28048, 0.421244, -0.0144376, -0.999396, 0.0241627
5.41335, 5.2787, 0.421012, 0.0122714, 0.999113, -0.0332017
5.41317, 5.28199, 0.419915, 0.0120641, 0.998937, -0.0380338
5.41253, 5.27841, 0.423452, -0.0130954, -0.999277, 0.0301776
5.41255, 5.28045, 0.4209, -0.0144982, -0.999078, 0.034198
5.41238, 5.28059, 0.420798, 0.0133301, 0.999297, -0.0296384
5.41267, 5.27808, 0.420752, 0.0136916, 0.999132, -0.0329703
5.41229, 5.27995, 0.421326, -0.0123492, -0.999199, 0.0331773
5.41302, 5.27991, 0.418471, 0.0133273, 0.998936, -0.0382476
5.4124, 5.27993, 0.420422, -0.0115713, -0.999241, 0.0320257
5.41262, 5.27932, 0.422155, -0.0115659, -0.99899, 0.0388687
5.4134, 5.27893, 0.41895, -0.011709, -0.999225, 0.031191
5.41306, 5.28163, 0.419041, -0.0125542, -0.998917, 0.0371522
5.41187, 5.28052, 0.421915, 0.0131569, 0.999185, -0.0337295
5.41293, 5.2815, 0.419576, -0.0133939, -0.99914, 0.0333572
5.41222, 5.2816, 0.420549, -0.013967, -0.999041, 0.0357262
5.41328, 5.28167, 0.422333, -0.0113899, -0.999079, 0.0356498
5.41344, 5.27915, 0.419681, 0.0130107, 0.99917, -0.0327377
5.41345, 5.27964, 0.421161, -0.0120814, -0.999052, 0.036827
5.41229, 5.279, 0.418895, -0.0123559, -0.999275, 0.0297154
5.41343, 5.28024, 0.419474, 0.013742, 0.998957, -0.038979
5.41232, 5.27867, 0.419578, -0.0137618, -0.998931, 0.0333952
5.41293, 5.27774, 0.421628, -0.0114112, -0.999311, 0.0291054
5.41264, 5.28359, 0.418381, 0.0104966, 0.999128, -0.0357814
5.41309, 5.28076, 0.421629, 0.0116616, 0.999027, -0.0355079
5.4125, 5.27852, 0.421882, 0.0119162, 0.999313, -0.0293713
5.41237, 5.27845, 0.421214, -0.0148188, -0.999176, 0.0314222
5.41243, 5.2781, 0.422188, 0.0127575, 0.999299, -0.0306104
5.4125, 5.2773, 0.421895, -0.0110222, -0.998968, 0.0386768
5.41308, 5.28037, 0.418526, -0.0126285, -0.999233, 0.0308849
5.41282, 5.28185, 0.420729, 0.0134832, 0.99902, -0.0356872
5.41234, 5.28177, 0.422203, 0.0132761, 0.998933, -0.0385778
5.41224, 5.27996, 0.424752, -0.0152226, -0.998808, 0.0414861
5.41403, 5.27926, 0.418734, 0.0144439, 0.999166, -0.0311431
5.41277, 5.27834, 0.421988, -0.0105813, -0.999301, 0.0311795
5.41275, 5.2809, 0.421551, 0.0129729, 0.99942, -0.026677
5.41223, 5.27955, 0.420735, 0.0123116, 0.999146, -0.0300536
5.41266, 5.28151, 0.422522, -0.0106828, -0.999238, 0.0314333
5.41232, 5.28076, 0.420665, -0.0150358, -0.998992, 0.0362373
5.41309, 5.28166, 0.418328, 0.0112922, 0.99925, -0.0296573
5.41297, 5.2773, 0.421696, 0.0101055, 0.999134, -0.0368419
5.41227, 5.27814, 0.42286, -0.0142687, -0.999048, 0.034137
5.41282, 5.28037, 0.422647, -0.0114641, -0.999063, 0.0351741
5.41224, 5.28064, 0.419969, 0.0139932, 0.999056, -0.0350274
5.41259, 5.28097, 0.418072, -0.0144998, -0.999283, 0.0283538
5.41241, 5.27895, 0.421493, 0.0140246, 0.999164, -0.0303847
5.41182, 5.2837, 0.419537, 0.0141505, 0.999108, -0.0343102
5.41291, 5.28188, 0.419298, 0.0119151, 0.999091, -0.031788
5.41274, 5.28222, 0.420874, 0.0141442, 0.998895, -0.0400171
5.41154, 5.27957, 0.421456, -0.0144921, -0.999174, 0.0311485
5.41313, 5.28095, 0.421011, -0.0119908, -0.998981, 0.0328349
5.41271, 5.28286, 0.421649, -0.013447, -0.998927, 0.0394598
5.41234, 5.28139, 0.420972, -0.0132047, -0.998846, 0.0382484
5.41355, 5.27951, 0.419883, 0.0122244, 0.998982, -0.0360129
5.41218, 5.28037, 0.419738, 0.0120988, 0.998988, -0.0343672
5.41235, 5.2794, 0.423025, 0.0129908, 0.998994, -0.0359441
5.41287, 5.28308, 0.420693, -0.0134844, -0.999097, 0.0339623
5.41334, 5.27951, 0.418777, -0.0135709, -0.99918, 0.0303298
5.41235, 5.28078, 0.420116, -0.0177603, -0.998852, 0.0363151
5.4124, 5.28075, 0.420141, 0.0134311, 0.999132, -0.0323741
5.41268, 5.28524, 0.421753, -0.0109059, -0.999098, 0.0362472
5.41249, 5.28062, 0.422588, -0.0124019, -0.998861, 0.0381212
5.41343, 5.28098, 0.419617, -0.0120519, -0.999034, 0.0365332
5.41247, 5.27835, 0.422573, -0.0111327, -0.999283, 0.0308904
5.41268, 5.28386, 0.421189, -0.0105978, -0.999136, 0.0343699
5.41349, 5.28187, 0.4189, -0.0143014, -0.998915, 0.0376857
5.41223, 5.27919, 0.422318, -0.01238, -0.999236, 0.0310135
5.41253, 5.28116, 0.419135, -0.0113177, -0.999202, 0.0310703
5.41225, 5.27808, 0.423069, -0.0135636, -0.999288, 0.0294011
5.41249, 5.28118, 0.419971, 0.0116081, 0.998991, -0.0373395
5.41412, 5.28004, 0.418528, 0.0120715, 0.999029, -0.0349949
5.41243, 5.28024, 0.421309, -0.0125494, -0.99915, 0.0353186
5.4126, 5.27987, 0.423299, -0.0131511, -0.999318, 0.0306946
5.41209, 5.28284, 0.42043, -0.0156928, -0.999038, 0.0340007
5.41287, 5.27994, 0.420212, -0.0121909, -0.998817, 0.0398792
5.41303, 5.2788, 0.421444, 0.0125083, 0.999046, -0.0357182
