5.41316, 5.28195, 0.423025, 0.0120102, 0.999032, -0.0366046
5.41257, 5.28176, 0.423624, -0.0105216, -0.999223, 0.0325469
5.41261, 5.28154, 0.421504, 0.0090784, 0.99913, -0.0337371
5.4125, 5.28175, 0.42377, -0.0133885, -0.998944, 0.0387076
5.41262, 5.285, 0.420889, -0.0130076, -0.998861, 0.0404784
5.41334, 5.27903, 0.421701, -0.00891034, -0.99949, 0.0282228
5.41146, 5.27959, 0.422241, -0.0126144, -0.999325, 0.029152
5.41303, 5.28022, 0.421772, 0.0148795, 0.999142, -0.0340979
5.41199, 5.28218, 0.42218, -0.014197, -0.998748, 0.041656
5.41257, 5.28391, 0.41967, 0.0138614, 0.998897, -0.0404929
5.41261, 5.27856, 0.423247, -0.0140907, -0.999372, 0.0257292
5.41321, 5.28343, 0.419364, -0.0114683, -0.998909, 0.0390653
5.41319, 5.27906, 0.421097, -0.00960402, -0.999218, 0.0330438
5.41277, 5.28297, 0.420982, -0.0113576, -0.999126, 0.0360888
5.41337, 5.28094, 0.419166, -0.0112238, -0.999075, 0.036466
5.4122, 5.28108, 0.421819, -0.010744, -0.999131, 0.0337987
5.41252, 5.27922, 0.421213, -0.0141485, -0.99911, 0.0335269
5.41365, 5.28158, 0.422021, -0.00752294, -0.999168, 0.0332858
5.41353, 5.28336, 0.421345, 0.00803284, 0.998982, -0.0374716
5.41311, 5.27863, 0.418256, -0.0148076, -0.998998, 0.0385634
5.41282, 5.28025, 0.418614, 0.0140743, 0.9991, -0.0344647
5.41284, 5.27764, 0.42109, 0.00990274, 0.999197, -0.032653
5.41319, 5.28226, 0.422085, 0.0132238, 0.999091, -0.0366215
5.41293, 5.27936, 0.42151, 0.0112028, 0.999027, -0.0380002
5.41386, 5.28129, 0.42154, -0.00989097, -0.998916, 0.038451
5.41222, 5.27977, 0.419367, 0.0128673, 0.998928, -0.0393085
5.41387, 5.28617, 0.42011, 0.0109107, 0.998923, -0.0390723
5.41244, 5.27881, 0.418873, 0.0144687, 0.999251, -0.0301291
5.41294, 5.28089, 0.420125, 0.00992225, 0.999339, -0.0298344
5.41348, 5.28362, 0.418723, 0.0140341, 0.998917, -0.0354306
5.41311, 5.27821, 0.422533, 0.0136673, 0.999139, -0.0332787
5.41313, 5.27982, 0.420839, 0.0120002, 0.999184, -0.0348485
5.41276, 5.28021, 0.423249, -0.00859592, -0.998903, 0.042181
5.41265, 5.28063, 0.420248, 0.010877, 0.999021, -0.0370229
5.41443, 5.28127, 0.419424, 0.00831299, 0.999213, -0.0347416
5.41199, 5.28132, 0.422645, 0.0122009, 0.999356, -0.0294754
5.41236, 5.28066, 0.421517, 0.0125155, 0.999168, -0.034088
5.41374, 5.28207, 0.419887, 0.0103126, 0.999082, -0.0372266
5.41309, 5.2797, 0.422102, -0.0127086, -0.999179, 0.031099
5.41266, 5.28071, 0.420233, 0.0113954, 0.999295, -0.0316452
5.41267, 5.28006, 0.423513, 0.0129402, 0.999053, -0.0354667
5.41308, 5.28312, 0.421828, -0.010105, -0.999072, 0.0352576
5.41168, 5.27966, 0.422993, 0.0123775, 0.999209, -0.0327792
5.41212, 5.27897, 0.418949, 0.0147327, 0.999173, -0.0313917
5.41342, 5.27926, 0.421682, 0.0112531, 0.999226, -0.0318464
5.41258, 5.28073, 0.42049, -0.0124048, -0.998903, 0.0385944
5.41228, 5.28257, 0.420871, -0.0119059, -0.999, 0.0364292
5.41284, 5.27951, 0.421709, 0.0126244, 0.999172, -0.0334089
5.41352, 5.28086, 0.418714, 0.0117348, 0.998641, -0.0451171
5.41356, 5.27992, 0.419978, 0.0114359, 0.999278, -0.0303651
5.41358, 5.28136, 0.420745, 0.00958332, 0.999188, -0.0361025
5.41347, 5.27834, 0.421805, -0.00764348, -0.999144, 0.0364783
5.41332, 5.27946, 0.419653, -0.0122636, -0.999273, 0.0305934
5.41227, 5.28688, 0.420843, -0.0140094, -0.998937, 0.0389592
5.41273, 5.28009, 0.420785, -0.0117857, -0.999073, 0.0357597
5.41255, 5.28014, 0.421268, 0.0084521, 0.999441, -0.0284312
5.41286, 5.27947, 0.420709, 0.0118533, 0.999058, -0.0368048
5.41341, 5.28214, 0.416985, 0.00985984, 0.998942, -0.0373998
5.41295, 5.28116, 0.419876, 0.0114571, 0.999224, -0.0321
5.41259, 5.27877, 0.420924, -0.0107204, -0.999266, 0.0316217
5.4128, 5.28174, 0.425083, 0.00989774, 0.999038, -0.0374289
5.41236, 5.28338, 0.421614, -0.0116215, -0.99911, 0.0352626
5.41293, 5.27836, 0.420449, 0.010331, 0.999395, -0.0282907
5.41266, 5.28168, 0.422465, 0.0120266, 0.999092, -0.0322399
5.41299, 5.27879, 0.420144, 0.010214, 0.999206, -0.0300984
5.41261, 5.28047, 0.418285, 0.0131733, 0.999274, -0.0297964
5.41306, 5.28026, 0.42091, -0.0114725, -0.998773, 0.041777
5.41273, 5.27909, 0.41944, -0.0135971, -0.999236, 0.0325824
5.41239, 5.27879, 0.422377, -0.0124389, -0.999126, 0.0334417
5.41206, 5.28221, 0.423536, -0.0121758, -0.999149, 0.0344928
5.412, 5.28048, 0.421798, 0.0112394, 0.999053, -0.0357799
5.41236, 5.28449, 0.422909, -0.0122662, -0.999173, 0.0336803
5.4133, 5.28029, 0.421104, 0.0125073, 0.999109, -0.0362353
5.41239, 5.28122, 0.422549, -0.0104868, -0.999123, 0.0337276
5.41423, 5.27924, 0.416832, -0.00850006, -0.999047, 0.0359002
5.41281, 5.27998, 0.422265, -0.00865314, -0.999056, 0.0384919
5.41286, 5.28223, 0.420059, 0.0123172, 0.998975, -0.0373494
5.4126, 5.27838, 0.422125, 0.0111242, 0.999021, -0.0375844
5.4136, 5.27937, 0.421193, -0.010592, -0.999141, 0.0333758
5.41456, 5.28296, 0.418587, -0.0160388, -0.998836, 0.03778
5.41308, 5.28216, 0.42047, -0.0115949, -0.99899, 0.0371041
5.41253, 5.28353, 0.422651, -0.0130221, -0.998906, 0.0373921
5.41333, 5.28262, 0.420277, -0.0108822, -0.999026, 0.0375151
5.41339, 5.27874, 0.420805, -0.0138364, -0.999112, 0.0354782
5.4121, 5.27907, 0.423201, 0.0122899, 0.99908, -0.0352233
5.41273, 5.28086, 0.422785, 0.0115281, 0.999034, -0.0387277
5.41327, 5.27806, 0.422809, -0.0115552, -0.999077, 0.0372293
5.41328, 5.27795, 0.420764, 0.0120173, 0.999361, -0.0312819
5.41291, 5.2831, 0.422317, 0.0111772, 0.999082, -0.0342022
5.41325, 5.27958, 0.420016, -0.0153821, -0.9992, 0.0318535
5.41295, 5.27996, 0.419717, 0.0127551, 0.998991, -0.0368112
5.41187, 5.27945, 0.421642, 0.0158625, 0.999094, -0.0326542
5.41318, 5.28027, 0.423184, 0.00970058, 0.999152, -0.0341645
5.41377, 5.28183, 0.42074, 0.00894741, 0.999057, -0.0357675
5.4133, 5.27997, 0.421391, -0.0121509, -0.999101, 0.0353125
5.41219, 5.27981, 0.423609, -0.0168169, -0.999125, 0.0343074
5.41314, 5.28395, 0.419336, 0.0104448, 0.998979, -0.0395999
5.41284, 5.28057, 0.421238, -0.0113356, -0.999089, 0.0365048
5.41321, 5.278, 0.421596, 0.0123493, 0.999345, -0.0288459
5.41351, 5.27979, 0.418475, -0.0100068, -0.999224, 0.0309769
5.41279, 5.28, 0.420142, 0.0115956, 0.999112, -0.0368189
5.41256, 5.27921, 0.420629, -0.0122225, -0.999312, 0.0269052
5.4133, 5.27721, 0.419817, -0.0127594, -0.999234, 0.0309378
5.41456, 5.28026, 0.419642, -0.00759854, -0.999152, 0.0329898
5.412, 5.27942, 0.418356, 0.0159743, 0.999068, -0.0339447
5.41364, 5.28008, 0.419634, -0.00813054, -0.999124, 0.0353151
5.41403, 5.27838, 0.420391, 0.0116435, 0.99929, -0.0308848
5.4136, 5.28257, 0.419917, 0.0118686, 0.999144, -0.0355349
5.41214, 5.27907, 0.419427, -0.0130523, -0.999207, 0.0347394
5.41461, 5.2786, 0.420519, -0.0103751, -0.999346, 0.0325109
5.41269, 5.27844, 0.422359, -0.0105413, -0.999378, 0.0275191
5.41287, 5.2817, 0.421175, 0.0150027, 0.998909, -0.0386315
5.41445, 5.28049, 0.418022, -0.0113772, -0.999062, 0.0361296
5.41309, 5.27778, 0.420178, 0.0125141, 0.999286, -0.0284827
5.41338, 5.27953, 0.41844, -0.00959469, -0.999117, 0.0358944
5.41329, 5.28129, 0.420943, 0.0103119, 0.999065, -0.0367235
5.41262, 5.27824, 0.419476, 0.0121795, 0.999325, -0.0287275
5.41362, 5.28349, 0.420516, -0.0102855, -0.998792, 0.0405025
5.41284, 5.28173, 0.419519, -0.011133, -0.999083, 0.0328764
5.41262, 5.28167, 0.418842, -0.0108916, -0.999106, 0.0332065
5.41314, 5.27939, 0.420357, -0.00910386, -0.999165, 0.0322898
5.41266, 5.27819, 0.419894, -0.0128043, -0.999425, 0.0261712
5.41274, 5.28246, 0.420671, -0.0132112, -0.998793, 0.0412368
5.41312, 5.28148, 0.420661, 0.00941942, 0.998879, -0.0415738
5.41218, 5.27805, 0.421295, -0.0138221, -0.999228, 0.0318923
5.41292, 5.28047, 0.419273, -0.0151794, -0.998987, 0.036373
5.4139, 5.27999, 0.418321, 0.0123991, 0.998947, -0.0380129
5.41413, 5.28386, 0.418683, -0.0114067, -0.999208, 0.0332814
5.41279, 5.282, 0.421095, 0.0119089, 0.999228, -0.0295489
5.41354, 5.27934, 0.418681, -0.0155478, -0.998951, 0.0364184
5.41301, 5.28093, 0.418891, -0.0128187, -0.999148, 0.0309757
5.41367, 5.28034, 0.418858, 0.0101835, 0.998884, -0.0405633
5.41296, 5.27976, 0.416708, 0.0138126, 0.999072, -0.0337756
5.41251, 5.28126, 0.421727, 0.0112959, 0.999363, -0.0291587
5.41384, 5.28102, 0.421029, 0.0136211, 0.998985, -0.0354088
5.41258, 5.27845, 0.421095, -0.01287, -0.999278, 0.0306775
5.41191, 5.27899, 0.42081, 0.0120665, 0.999055, -0.0362871
5.41272, 5.28285, 0.420855, -0.013451, -0.999008, 0.0376125
5.41321, 5.28032, 0.418689, 0.0125772, 0.999089, -0.0339445
5.41285, 5.27893, 0.420046, -0.0125659, -0.999075, 0.0351532
5.41281, 5.27796, 0.420377, -0.00983968, -0.999304, 0.0321735
5.41261, 5.27924, 0.422255, 0.0117163, 0.999203, -0.0339191
5.4135, 5.28267, 0.420336, 0.0115432, 0.999299, -0.0310102
5.41268, 5.27946, 0.418095, -0.0144697, -0.998899, 0.0382335
5.41307, 5.27852, 0.419148, -0.0119773, -0.999264, 0.0311793
5.41283, 5.27937, 0.420262, -0.0115017, -0.999443, 0.0284847
5.41266, 5.28016, 0.419552, 0.0124542, 0.999259, -0.0309704
5.41357, 5.28065, 0.418818, 0.0141799, 0.998912, -0.0392589
5.41339, 5.28029, 0.420992, -0.00961985, -0.998988, 0.038374
5.41287, 5.27932, 0.421027, 0.0111298, 0.999317, -0.0280564
5.41351, 5.28081, 0.420763, -0.00975723, -0.99903, 0.0386668
5.41241, 5.27761, 0.422349, 0.0153659, 0.999241, -0.0270199
5.41341, 5.27816, 0.421048, -0.0111821, -0.999185, 0.0336661
5.41334, 5.28198, 0.419002, 0.012131, 0.998868, -0.0396526
5.41364, 5.27822, 0.423455, 0.0122428, 0.999066, -0.0348498
5.41413, 5.27912, 0.420022, -0.00981371, -0.999116, 0.0351997
5.4129, 5.2819, 0.421449, 0.00991134, 0.999016, -0.0340425
5.41324, 5.27986, 0.422092, -0.0120353, -0.999109, 0.0332764
5.4131, 5.28071, 0.420901, 0.0102204, 0.998833, -0.041969
5.41325, 5.27927, 0.42167, 0.0110049, 0.999097, -0.0352925
5.41306, 5.27857, 0.418204, 0.0117482, 0.999187, -0.0335577
5.41311, 5.27794, 0.419121, -0.0119651, -0.999035, 0.0367935
5.41202, 5.28122, 0.41822, -0.0121567, -0.999153, 0.0297903
5.41268, 5.2798, 0.419861, -0.0125549, -0.99908, 0.0369575
5.41401, 5.28029, 0.418578, -0.012846, -0.998962, 0.0379173
5.4132, 5.27973, 0.420849, 0.0118756, 0.998991, -0.0373489
5.41283, 5.28044, 0.421041, -0.0113932, -0.999303, 0.0322325
5.4135, 5.27808, 0.421845, 0.0115351, 0.999149, -0.0339294
5.41308, 5.27813, 0.421418, 0.0116079, 0.999071, -0.0352238
5.41319, 5.27926, 0.418415, -0.0113004, -0.999194, 0.0313346
5.41288, 5.27835, 0.420119, -0.0139914, -0.999036, 0.0354253
5.41287, 5.27894, 0.421397, -0.0100486, -0.998971, 0.0389463
5.41415, 5.28088, 0.419125, 0.0101342, 0.999013, -0.0369251
5.41403, 5.27848, 0.418124, -0.0134249, -0.999032, 0.0354959
5.4127, 5.28177, 0.422, 0.0130651, 0.99925, -0.030287
5.41262, 5.28049, 0.423213, -0.0116874, -0.998924, 0.0394814
5.41289, 5.28058, 0.421221, -0.00929202, -0.999171, 0.0327926
5.41401, 5.28056, 0.418636, 0.0102465, 0.999251, -0.0313795
5.41379, 5.2781, 0.421361, -0.0142675, -0.999154, 0.0310805
5.41287, 5.28254, 0.420895, 0.0134473, 0.999028, -0.0338954
5.41228, 5.28075, 0.421203, -0.0125437, -0.998847, 0.0408728
5.41381, 5.28003, 0.420452, -0.0106248, -0.998868, 0.0428599
5.41284, 5.27993, 0.421407, -0.0101734, -0.999036, 0.036887
5.41417, 5.27987, 0.420703, 0.00819021, 0.999186, -0.0345389
5.41282, 5.27818, 0.421027, -0.0130952, -0.999099, 0.0344634
5.41213, 5.27914, 0.419117, 0.0157554, 0.998965, -0.0337986
5.41359, 5.28085, 0.41953, -0.012462, -0.999201, 0.0318118
5.41395, 5.28204, 0.418892, -0.010629, -0.998912, 0.0382547
5.41486, 5.28085, 0.418857, 0.00908145, 0.999127, -0.0338311
5.41286, 5.28172, 0.420948, -0.0134321, -0.999001, 0.0346252
5.41239, 5.28094, 0.418525, 0.0117525, 0.999267, -0.0315741
5.41376, 5.28059, 0.420705, 0.00984545, 0.999049, -0.0380559
5.41304, 5.28066, 0.42031, 0.0123003, 0.999143, -0.0315777
5.41284, 5.27903, 0.420152, 0.0158797, 0.999163, -0.0339579
5.41225, 5.27739, 0.424197, -0.0120086, -0.99935, 0.0300525
5.41275, 5.27932, 0.420981, 0.014465, 0.999099, -0.0342111
5.4123, 5.28324, 0.420211, 0.015883, 0.999232, -0.0308909
5.41317, 5.27982, 0.419504, -0.00967992, -0.999127, 0.036138
5.41473, 5.28379, 0.419646, -0.00894869, -0.999113, 0.0367462
5.41361, 5.28027, 0.420499, 0.0118804, 0.999285, -0.0303223
5.41273, 5.28157, 0.419637, -0.0170595, -0.9989, 0.036947
5.41316, 5.28031, 0.41799, 0.0113416, 0.999105, -0.0354934
5.41281, 5.28417, 0.418539, 0.0127377, 0.999103, -0.0322283
5.41183, 5.28046, 0.421255, 0.0150135, 0.999208, -0.0325151
5.41233, 5.27813, 0.421163, -0.0126646, -0.999021, 0.0381541
5.41321, 5.27745, 0.420449, -0.0132539, -0.999131, 0.0344498
5.41243, 5.28052, 0.418045, 0.0161672, 0.998904, -0.0375323
5.41347, 5.27951, 0.41937, -0.0122934, -0.99898, 0.0370829
5.41247, 5.27939, 0.419677, 0.0143404, 0.99915, -0.0334669
5.41218, 5.2827, 0.42132, 0.0129566, 0.999238, -0.0312428
5.41373, 5.27882, 0.417256, -0.011735, -0.999035, 0.0369381
5.41291, 5.27884, 0.419984, -0.0135056, -0.99921, 0.031337
5.4123, 5.27838, 0.419183, 0.0138253, 0.999313, -0.0285339
5.41187, 5.28141, 0.422248, 0.0120386, 0.999258, -0.0290565
5.41423, 5.28161, 0.418528, 0.012657, 0.999095, -0.0328814
5.41355, 5.28214, 0.419492, -0.0100164, -0.99916, 0.0331477
5.41441, 5.28396, 0.418876, 0.0120257, 0.99887, -0.0377198
5.41248, 5.28057, 0.419827, -0.0122854, -0.998975, 0.0362988
5.41287, 5.27886, 0.420019, 0.0128137, 0.999293, -0.0269439
5.41345, 5.28664, 0.421123, -0.0103645, -0.998956, 0.0354977
5.41414, 5.28026, 0.419303, 0.00964491, 0.999296, -0.0318523
5.41265, 5.27897, 0.41726, 0.0132425, 0.999234, -0.0313265
5.41279, 5.27928, 0.419074, 0.0120867, 0.998965, -0.037692
5.41257, 5.2796, 0.422065, 0.0115615, 0.999078, -0.037297
5.41254, 5.27798, 0.418567, 0.0136775, 0.998975, -0.0354989
5.41325, 5.27711, 0.41893, 0.0134774, 0.999068, -0.0352137
5.41184, 5.28083, 0.42228, -0.0157216, -0.999117, 0.0320333
5.41164, 5.27872, 0.420136, 0.0150656, 0.999218, -0.0322522
5.41344, 5.28165, 0.420095, 0.0121503, 0.999088, -0.0324033
5.41327, 5.27953, 0.418814, 0.0119727, 0.999225, -0.0312832
5.41314, 5.28173, 0.418063, -0.0139771, -0.998897, 0.0391681
5.4134, 5.28328, 0.420924, 0.0146406, 0.998599, -0.0468343
5.41256, 5.28075, 0.422087, -0.0108817, -0.99894, 0.0382761
5.41187, 5.28058, 0.419537, -0.0150359, -0.999005, 0.037318
5.41313, 5.28272, 0.419623, -0.0113428, -0.999236, 0.0312459
5.41288, 5.28057, 0.419226, -0.00976815, -0.999337, 0.029598
5.41158, 5.27945, 0.424142, 0.0151203, 0.99885, -0.0394632
5.4116, 5.28018, 0.422421, 0.00973001, 0.999392, -0.0264881
5.41186, 5.27791, 0.420362, 0.0119765, 0.99914, -0.0337259
5.41281, 5.27907, 0.42386, -0.0155185, -0.999256, 0.0295747
5.41245, 5.28668, 0.419835, -0.0138848, -0.998894, 0.0381158
5.41245, 5.27692, 0.419299, -0.0114138, -0.999243, 0.0296905
5.41345, 5.28212, 0.418655, 0.00749456, 0.999102, -0.0369412
5.41255, 5.27908, 0.422426, 0.0132177, 0.999182, -0.0327155
5.41229, 5.28078, 0.419951, 0.0119334, 0.998952, -0.0338186
5.41244, 5.27831, 0.420719, 0.0119585, 0.999093, -0.0362479
5.4127, 5.28181, 0.420204, 0.00964571, 0.999103, -0.0324875
5.41292, 5.28244, 0.421638, -0.0125241, -0.999153, 0.0327341
5.41324, 5.27955, 0.420016, -0.00901806, -0.999301, 0.0306423
5.41187, 5.28384, 0.421288, -0.0163688, -0.999037, 0.0346167
5.41233, 5.28295, 0.423031, 0.00824296, 0.999268, -0.0315208
5.41344, 5.28324, 0.419446, -0.0128429, -0.999028, 0.0373898
5.41308, 5.28134, 0.42007, 0.013743, 0.999036, -0.0371216
5.41245, 5.27868, 0.420177, -0.0112682, -0.999195, 0.0331721
5.41253, 5.28154, 0.423421, 0.0122469, 0.99919, -0.0322528
5.41259, 5.27963, 0.420709, 0.0124665, 0.999147, -0.0320375
5.41228, 5.27829, 0.420231, 0.0104722, 0.999248, -0.0321001
5.41229, 5.28169, 0.423403, -0.0101943, -0.999039, 0.0374333
5.41273, 5.27977, 0.420556, 0.015569, 0.99912, -0.0335611
5.41274, 5.27893, 0.421103, 0.0103101, 0.999009, -0.0393192
5.41278, 5.27996, 0.419535, -0.017116, -0.999226, 0.0291895
5.41285, 5.28247, 0.420817, -0.0112331, -0.999072, 0.037026
5.41274, 5.28062, 0.41932, -0.013394, -0.999053, 0.0354423
5.41208, 5.2774, 0.421774, -0.013005, -0.999361, 0.0256588
5.41306, 5.28306, 0.41886, 0.0103436, 0.998982, -0.038553
5.41282, 5.28007, 0.420362, 0.011137, 0.998829, -0.0399245
5.41299, 5.28057, 0.42157, 0.0072554, 0.999129, -0.0353058
5.4133, 5.27969, 0.420523, 0.0097153, 0.999049, -0.0359088
5.41448, 5.27879, 0.417434, -0.012491, -0.999248, 0.030994
5.41206, 5.28166, 0.418318, 0.0152361, 0.999143, -0.0314923
5.41213, 5.27878, 0.422134, 0.0117199, 0.998918, -0.0400119
5.41333, 5.27844, 0.421203, 0.010792, 0.999076, -0.0347544
5.41222, 5.28037, 0.421752, 0.0141762, 0.999243, -0.0308101
5.41335, 5.2846, 0.421137, -0.0107853, -0.998979, 0.0377407
5.41279, 5.2806, 0.421078, -0.0100731, -0.999104, 0.034589
5.41274, 5.27892, 0.420164, 0.0125833, 0.998999, -0.0349761
5.41255, 5.281, 0.423847, 0.0143025, 0.998987, -0.0373851
5.41334, 5.27888, 0.419987, -0.0100856, -0.999435, 0.0275993
5.41321, 5.28093, 0.418394, -0.0132779, -0.998983, 0.0370109
5.41347, 5.28237, 0.417862, 0.0137141, 0.99914, -0.0335069
5.41363, 5.28094, 0.419577, -0.0112165, -0.999227, 0.0315853
5.41257, 5.2797, 0.42173, 0.0116203, 0.99931, -0.0289495
5.41274, 5.28075, 0.420715, -0.0142728, -0.999093, 0.0324412
5.41283, 5.28231, 0.420773, 0.0104726, 0.99905, -0.0373233
5.41247, 5.28078, 0.42, 0.0129693, 0.999225, -0.0309673
5.41233, 5.27831, 0.421116, 0.019635, 0.998977, -0.0345855
5.41296, 5.28266, 0.420125, 0.0140327, 0.999097, -0.0336709
5.41139, 5.27831, 0.420264, 0.0158143, 0.999178, -0.0316953
5.41219, 5.27812, 0.421238, -0.015104, -0.998945, 0.0362115
5.41339, 5.28098, 0.421862, -0.0122888, -0.999156, 0.0350558
5.41273, 5.28204, 0.419844, 0.0127706, 0.998997, -0.0333165
5.41249, 5.28254, 0.422412, 0.0136515, 0.99924, -0.03127
5.41311, 5.28436, 0.418222, -0.0117246, -0.999069, 0.0330094
5.4129, 5.27917, 0.419761, -0.00984305, -0.99911, 0.0360396
5.41261, 5.27898, 0.420785, 0.0135126, 0.999063, -0.0350516
5.4126, 5.27816, 0.419638, 0.0139822, 0.999137, -0.031773
5.41302, 5.28176, 0.422351, -0.0117297, -0.999015, 0.0371457
5.41269, 5.27991, 0.419632, 0.0140143, 0.998802, -0.0423004
5.41235, 5.27903, 0.419818, 0.0157253, 0.99928, -0.0294762
5.41259, 5.28088, 0.419464, -0.0120965, -0.999349, 0.0251358
5.4135, 5.27863, 0.417657, 0.0161516, 0.999098, -0.0323967
5.41254, 5.28096, 0.420341, 0.0124142, 0.999182, -0.0344829
5.41292, 5.28046, 0.419797, -0.0116373, -0.999203, 0.0313482
5.41275, 5.28271, 0.421881, -0.013182, -0.99889, 0.0404087
5.41247, 5.28153, 0.420355, -0.0113806, -0.999394, 0.0274922
5.41259, 5.28118, 0.419988, -0.0143782, -0.999169, 0.0325108
5.41229, 5.27863, 0.42184, 0.0128412, 0.999467, -0.0260975
5.41209, 5.27951, 0.422733, 0.0115426, 0.999189, -0.0310731
5.41248, 5.27958, 0.42189, 0.0113207, 0.999034, -0.0365591
5.41209, 5.28168, 0.420502, 0.0118455, 0.999337, -0.0305859
5.41209, 5.2812, 0.419796, -0.014697, -0.999162, 0.033387
5.41223, 5.28113, 0.420334, 0.0127352, 0.999236, -0.0307768
5.41186, 5.28385, 0.421463, 0.0131188, 0.998917, -0.0401304
5.41167, 5.28104, 0.422126, -0.0142288, -0.998972, 0.0368471
5.41352, 5.28202, 0.420148, 0.0113592, 0.999234, -0.0310229
5.41277, 5.28071, 0.420992, -0.0129505, -0.99916, 0.0315114
5.41189, 5.27949, 0.42163, 0.0145604, 0.999086, -0.0333337
5.41283, 5.28028, 0.418615, 0.0143323, 0.999209, -0.0308246
5.41212, 5.28052, 0.420841, 0.0136284, 0.998966, -0.0364967
5.41276, 5.28081, 0.420447, 0.010897, 0.9989, -0.040646
5.41271, 5.282, 0.418802, 0.0173264, 0.998784, -0.0394782
5.41218, 5.28041, 0.421332, 0.0154857, 0.999212, -0.0290336
5.41206, 5.28224, 0.422323, -0.0140741, -0.999106, 0.0347129
5.41282, 5.28109, 0.419689, -0.0120815, -0.999198, 0.0350927
5.41219, 5.28138, 0.419459, 0.0133987, 0.998919, -0.0371313
5.4126, 5.28126, 0.418973, 0.0151091, 0.999123, -0.0336999
5.41232, 5.27847, 0.422977, 0.0114489, 0.999109, -0.0352545
5.41232, 5.27947, 0.418318, -0.0127081, -0.999186, 0.031953
5.41231, 5.27995, 0.420525, 0.0107896, 0.999031, -0.0356436
5.41202, 5.28049, 0.42059, 0.0116744, 0.999057, -0.0337007
5.41269, 5.27999, 0.418348, -0.01672, -0.999121, 0.0321563
5.41316, 5.2804, 0.418618, -0.0107327, -0.999286, 0.0313822
5.4124, 5.27835, 0.420252, 0.0122563, 0.999398, -0.0241799
5.41364, 5.2807, 0.418721, -0.0126749, -0.999162, 0.0345486
5.41272, 5.28175, 0.420282, 0.010628, 0.999121, -0.0333503
5.41397, 5.2792, 0.417967, 0.00784764, 0.999099, -0.0356783
5.41321, 5.27876, 0.418993, -0.0106705, -0.999191, 0.032341
5.41255, 5.28042, 0.418178, -0.0133553, -0.999076, 0.0344994
5.41218, 5.28169, 0.419272, -0.0119672, -0.999231, 0.0301969
5.41219, 5.28587, 0.421154, 0.012628, 0.9991, -0.0346831
5.41328, 5.27974, 0.419399, -0.0120961, -0.999098, 0.0342835
5.41277, 5.27997, 0.419974, 0.0148088, 0.999276, -0.028484
5.4115, 5.28212, 0.42038, 0.0150446, 0.999013, -0.0382436
5.41275, 5.28295, 0.418446, 0.0139931, 0.999002, -0.0342912
5.41213, 5.27857, 0.421543, -0.0148015, -0.999348, 0.0272866
5.41323, 5.27888, 0.420038, 0.0143061, 0.999124, -0.034026
5.41197, 5.27926, 0.422648, -0.0141919, -0.999112, 0.0324906
5.41217, 5.28094, 0.421201, -0.0126338, -0.998954, 0.0384312
5.41244, 5.28099, 0.418427, 0.0127437, 0.999099, -0.0348917
5.4121, 5.28251, 0.421673, -0.0123975, -0.999125, 0.0325733
5.41365, 5.28009, 0.418189, 0.0135166, 0.999132, -0.0333746
5.41183, 5.27911, 0.416553, -0.0148254, -0.99924, 0.0278789
5.41334, 5.28314, 0.418211, 0.0136693, 0.998946, -0.0380389
5.41192, 5.27949, 0.419824, 0.0140983, 0.999166, -0.033856
5.41247, 5.27953, 0.420993, 0.0119422, 0.99925, -0.0330748
5.41295, 5.27772, 0.422503, 0.010458, 0.999279, -0.0318272
5.41225, 5.27872, 0.420425, 0.0157475, 0.999174, -0.0307985
5.41261, 5.28115, 0.420556, -0.0117327, -0.999278, 0.0303434
5.4133, 5.28062, 0.421197, 0.0120074, 0.999081, -0.0349845
5.41158, 5.27838, 0.421075, 0.0131832, 0.999362, -0.0290747
5.41229, 5.27878, 0.421265, 0.0101259, 0.99924, -0.0311835
5.41267, 5.28022, 0.422682, -0.0108127, -0.999124, 0.036183
5.41464, 5.279, 0.420017, -0.00895623, -0.999032, 0.0373609
5.41303, 5.28161, 0.421114, -0.0154737, -0.998886, 0.0391913
5.41217, 5.28143, 0.421418, 0.0150785, 0.999126, -0.0328559
5.41138, 5.27782, 0.424676, -0.0132296, -0.999357, 0.0257505
5.41201, 5.28142, 0.421769, -0.0128594, -0.999213, 0.0339147
5.41215, 5.28202, 0.41971, -0.013564, -0.999274, 0.0310266
5.41252, 5.28217, 0.421267, -0.0125098, -0.999106, 0.0358152
5.41253, 5.28108, 0.420825, -0.0108261, -0.999253, 0.0320205
5.41303, 5.28131, 0.42067, -0.0114929, -0.998847, 0.0389882
5.41226, 5.27936, 0.422529, 0.0134978, 0.999053, -0.0344418
5.41348, 5.2777, 0.419999, 0.013999, 0.999164, -0.0338923
5.41148, 5.28036, 0.420074, 0.0163641, 0.999139, -0.0332108
5.41166, 5.2794, 0.422681, -0.0115779, -0.99925, 0.033829
5.41146, 5.28425, 0.423465, -0.0110982, -0.998845, 0.0425411
5.41276, 5.27871, 0.424155, -0.0118512, -0.999341, 0.0271361
5.41183, 5.27902, 0.420689, -0.0123772, -0.999286, 0.0327107
5.41281, 5.2807, 0.418141, 0.00886308, 0.999189, -0.033694
5.41189, 5.28051, 0.422345, 0.0132403, 0.999159, -0.0342136
5.41232, 5.27984, 0.419641, -0.0141321, -0.998941, 0.0381191
5.41217, 5.28093, 0.420617, -0.0121948, -0.998964, 0.0375577
5.41272, 5.28071, 0.421265, -0.0128089, -0.999052, 0.0360319
5.41287, 5.28118, 0.422592, 0.0117553, 0.999117, -0.0333748
5.41245, 5.28037, 0.421258, -0.0128901, -0.999017, 0.0349352
5.41261, 5.27914, 0.420842, 0.0109191, 0.9992, -0.0332445
5.41294, 5.2793, 0.419813, 0.0117336, 0.999139, -0.0350032
5.41249, 5.2786, 0.418598, 0.0138397, 0.998878, -0.038259
5.4126, 5.27826, 0.421722, 0.010841, 0.999474, -0.0266526
5.41166, 5.28064, 0.421136, -0.0161798, -0.998789, 0.0393966
5.41216, 5.2798, 0.42261, -0.012922, -0.999034, 0.0374419
5.41185, 5.28251, 0.419919, -0.0139779, -0.998861, 0.0391465
5.41208, 5.28284, 0.419886, 0.012961, 0.99925, -0.0319771
5.41353, 5.28435, 0.421116, 0.011827, 0.999094, -0.0330795
5.41252, 5.27918, 0.41993, 0.0140483, 0.999036, -0.0347038
5.41306, 5.28206, 0.421819, -0.0114607, -0.999194, 0.031444
5.41166, 5.28413, 0.422444, -0.0146903, -0.998962, 0.0378269
5.41336, 5.27855, 0.419181, 0.0115167, 0.999281, -0.0319123
5.41191, 5.28023, 0.421584, -0.014821, -0.999108, 0.0327995
5.41302, 5.28135, 0.422977, -0.00996833, -0.999071, 0.035745
5.41209, 5.28014, 0.422971, -0.0115673, -0.999273, 0.0317161
5.41264, 5.27942, 0.420564, 0.0116378, 0.999255, -0.0309906
5.41243, 5.28028, 0.421256, -0.0117987, -0.999348, 0.0274491
5.41323, 5.28328, 0.420511, -0.0113709, -0.998905, 0.0384765
5.41244, 5.27917, 0.418634, 0.0111825, 0.999161, -0.0362859
5.4146, 5.28214, 0.417119, 0.00847321, 0.999128, -0.0344118
5.4124, 5.28193, 0.422115, 0.0120247, 0.998958, -0.0397534
5.41262, 5.28106, 0.424175, -0.0106741, -0.99915, 0.0355815
5.41211, 5.28285, 0.424411, 0.0112269, 0.99926, -0.0306394
5.41194, 5.27985, 0.421482, -0.0133499, -0.998967, 0.0367233
5.4131, 5.28169, 0.419756, 0.0112361, 0.99922, -0.0316307
5.41232, 5.28092, 0.422359, -0.0124172, -0.999187, 0.0321923
5.41256, 5.27886, 0.420074, 0.0144093, 0.999132, -0.0323535
5.41365, 5.27841, 0.420893, -0.00958279, -0.99899, 0.0351642
5.41303, 5.28299, 0.420404, -0.0100328, -0.999016, 0.0392294
5.41307, 5.28102, 0.418221, -0.00858813, -0.99898, 0.0389827
5.41196, 5.2784, 0.422774, -0.0139172, -0.998899, 0.0386852
5.41248, 5.28279, 0.420307, 0.0133189, 0.999041, -0.0359064
5.41264, 5.27819, 0.421593, 0.00720978, 0.999076, -0.0345738
5.41164, 5.27958, 0.423434, -0.0117768, -0.999059, 0.0352853
5.41208, 5.28162, 0.421467, -0.0131713, -0.999043, 0.0351932
5.41247, 5.27889, 0.425296, -0.0124651, -0.999207, 0.0340988
5.41173, 5.27824, 0.421278, -0.0156057, -0.999165, 0.0326501
5.41276, 5.27937, 0.4188, -0.010915, -0.999202, 0.0322529
5.41131, 5.27956, 0.421537, 0.0155631, 0.998997, -0.0381224
5.41346, 5.28391, 0.418983, -0.0142079, -0.998894, 0.0386466
5.41155, 5.27799, 0.423764, -0.0154925, -0.999306, 0.0288252
5.41245, 5.28335, 0.419773, -0.0149791, -0.999118, 0.0326168
5.41274, 5.28002, 0.422317, -0.0123276, -0.999095, 0.0357836
5.4123, 5.2788, 0.41971, -0.0166093, -0.99929, 0.0284352
5.41318, 5.2775, 0.420719, -0.0102683, -0.999147, 0.0325828
5.41221, 5.28213, 0.420385, -0.0111712, -0.999088, 0.0363525
5.41279, 5.28202, 0.420259, -0.0124669, -0.999059, 0.03583
5.41345, 5.28125, 0.419606, 0.0154109, 0.998754, -0.0415914
5.41283, 5.27921, 0.421919, 0.0123113, 0.998923, -0.0366763
5.41319, 5.28034, 0.419955, 0.0154174, 0.999043, -0.0318173
5.4121, 5.2796, 0.423672, 0.0132708, 0.999124, -0.0349864
5.41118, 5.27976, 0.422549, 0.0157342, 0.999146, -0.0322473
5.41217, 5.28316, 0.420933, -0.0124844, -0.999137, 0.0354456
5.41286, 5.27876, 0.421414, -0.010043, -0.999136, 0.0370892
5.41163, 5.27949, 0.421726, -0.0131702, -0.99908, 0.0360608
5.41246, 5.27994, 0.419523, 0.0156082, 0.999139, -0.0336543
5.41204, 5.2819, 0.422964, 0.0117197, 0.998904, -0.0384089
5.41201, 5.27839, 0.421424, -0.0147722, -0.999059, 0.0335791
5.41235, 5.27896, 0.421048, -0.0154474, -0.999124, 0.0317913
5.41242, 5.2813, 0.422976, -0.0111342, -0.999029, 0.0351882
5.41208, 5.27846, 0.423066, -0.0131411, -0.999096, 0.0369917
5.4125, 5.28102, 0.422415, 0.00963367, 0.999171, -0.0335252
5.41309, 5.28223, 0.417332, 0.0165108, 0.999092, -0.0310799
5.41293, 5.28211, 0.417988, -0.0146878, -0.999352, 0.0276117
5.41293, 5.27923, 0.41902, 0.0160658, 0.999069, -0.0334933
5.41288, 5.27974, 0.418689, -0.0134365, -0.999099, 0.0340266
5.41203, 5.2794, 0.422536, 0.0139135, 0.998905, -0.0378718
5.41221, 5.28009, 0.420828, 0.0149615, 0.999106, -0.0350598
5.41234, 5.28087, 0.422542, -0.0119848, -0.999061, 0.0384947
5.41267, 5.2797, 0.41954, -0.0141902, -0.999123, 0.0315291
5.41191, 5.28261, 0.421841, 0.0134273, 0.999131, -0.0359634
5.41209, 5.2786, 0.421986, 0.0138808, 0.998789, -0.0393505
5.41152, 5.2783, 0.42181, -0.0134379, -0.999319, 0.0295061
5.41283, 5.27854, 0.421569, -0.013539, -0.999143, 0.0338712
5.41309, 5.27998, 0.422063, -0.00850297, -0.998988, 0.0373034
5.41296, 5.28037, 0.422337, -0.0128271, -0.999125, 0.0350833
5.4112, 5.27821, 0.422125, -0.0150437, -0.999222, 0.032831
5.41274, 5.27936, 0.421214, 0.0148571, 0.999224, -0.031627
5.41243, 5.28022, 0.421536, 0.0114802, 0.99921, -0.0339605
5.41336, 5.27962, 0.420278, -0.0133667, -0.999123, 0.0347104
5.41261, 5.2818, 0.421699, -0.0129544, -0.998808, 0.0399372
5.41297, 5.27974, 0.419954, -0.0131956, -0.999034, 0.0348073
5.4127, 5.28241, 0.41917, 0.0134499, 0.999337, -0.0280147
5.41272, 5.28183, 0.425003, -0.0129342, -0.999098, 0.0354026
5.41202, 5.28373, 0.422743, 0.0126904, 0.999227, -0.0322151
5.41231, 5.28241, 0.421916, -0.010697, -0.999144, 0.0345214
5.41193, 5.27982, 0.422106, -0.0108088, -0.999238, 0.033357
5.41344, 5.2836, 0.419133, -0.0118369, -0.999386, 0.0298547
5.4126, 5.27797, 0.421519, 0.0131537, 0.998994, -0.0360828
5.41278, 5.2807, 0.421596, 0.0101636, 0.998897, -0.0386031
5.41268, 5.27896, 0.421269, 0.0105332, 0.998973, -0.0391899
5.41297, 5.27925, 0.422772, 0.0133701, 0.99925, -0.0329102
5.41202, 5.27857, 0.422964, -0.0125113, -0.99915, 0.0351198
5.41243, 5.27848, 0.422845, 0.0154559, 0.999078, -0.0339372
5.41226, 5.28129, 0.421439, -0.0125425, -0.999041, 0.0356791
5.41258, 5.27939, 0.424814, -0.0124094, -0.999099, 0.0348424
5.41271, 5.27825, 0.423682, 0.0120825, 0.999168, -0.0340641
5.4128, 5.28242, 0.422207, -0.0145319, -0.99882, 0.0424285
5.4125, 5.28232, 0.421605, -0.0140269, -0.998961, 0.0376319
5.41289, 5.28088, 0.420117, -0.0106898, -0.999158, 0.0322017
5.41213, 5.28184, 0.42239, 0.0131798, 0.999273, -0.0298299
5.41239, 5.2799, 0.420028, -0.0114339, -0.999295, 0.0304776
5.41294, 5.27824, 0.420182, 0.0135251, 0.999281, -0.0316852
5.41146, 5.28272, 0.419829, -0.0107969, -0.998971, 0.0354048
5.41182, 5.27995, 0.422771, 0.0102882, 0.998928, -0.0414024
5.41197, 5.27824, 0.422885, -0.0117182, -0.999236, 0.0338517
5.4126, 5.28324, 0.42042, 0.0121816, 0.998831, -0.0394293
5.41321, 5.27961, 0.419418, 0.0132525, 0.999165, -0.0336863
5.41258, 5.27985, 0.420807, 0.0140892, 0.998913, -0.0394617
5.41224, 5.28069, 0.423212, -0.0104393, -0.99882, 0.0417348
5.41248, 5.2785, 0.421174, 0.0144167, 0.999056, -0.0353464
5.41202, 5.27825, 0.42215, -0.0127094, -0.999134, 0.0365509
5.41212, 5.27867, 0.419289, -0.0138397, -0.999307, 0.0294743
5.41271, 5.2822, 0.423221, 0.0108118, 0.999014, -0.0372182
5.41196, 5.27772, 0.423187, 0.0130286, 0.999048, -0.035613
5.41272, 5.27811, 0.422516, 0.0118092, 0.99916, -0.0346024
5.41247, 5.27918, 0.4197, -0.0130026, -0.999206, 0.0311568
5.41236, 5.27878, 0.422381, 0.0139688, 0.998958, -0.0362815
5.41242, 5.28334, 0.4236, -0.0140615, -0.998829, 0.0411804
5.41279, 5.28185, 0.422209, -0.0087889, -0.998978, 0.0381021
5.41157, 5.28076, 0.420511, 0.0147337, 0.999069, -0.0346395
5.41251, 5.28135, 0.421533, 0.0112231, 0.999272, -0.0310001
5.41228, 5.28077, 0.422013, -0.0150012, -0.999043, 0.0368127
5.41224, 5.2799, 0.42256, 0.0105541, 0.998876, -0.0407531
5.41278, 5.28036, 0.419688, -0.0105588, -0.999289, 0.0316574
5.41261, 5.28052, 0.421891, 0.0132347, 0.998863, -0.0391835
5.41258, 5.28171, 0.417685, -0.0160465, -0.999017, 0.0320938
5.4119, 5.28071, 0.421142, 0.012733, 0.999191, -0.0329638
5.41264, 5.2825, 0.422521, -0.0123924, -0.999198, 0.0317908
5.41246, 5.27985, 0.42136, 0.0115927, 0.999247, -0.0310643
5.41283, 5.28075, 0.419176, 0.0113958, 0.999232, -0.0297218
5.41173, 5.27938, 0.423467, -0.0133366, -0.999, 0.035959
5.41135, 5.27889, 0.426198, 0.0143808, 0.998819, -0.0413635
5.41188, 5.28032, 0.421396, -0.0147979, -0.998789, 0.0419463
5.41231, 5.28438, 0.422649, 0.0117904, 0.99896, -0.0399681
5.41219, 5.28088, 0.422394, 0.012963, 0.999099, -0.0343148
5.41189, 5.27684, 0.422003, -0.0123632, -0.999235, 0.0333106
5.41149, 5.28132, 0.418196, 0.0153644, 0.998923, -0.0380879
5.41149, 5.27991, 0.422698, 0.0123265, 0.998986, -0.0384729
5.41236, 5.28253, 0.424124, 0.0130071, 0.99903, -0.0344985
5.41245, 5.28008, 0.420296, 0.0126602, 0.999099, -0.0355674
5.41299, 5.27887, 0.421979, -0.011532, -0.99872, 0.0446121
5.41279, 5.27944, 0.419378, 0.0143476, 0.999177, -0.0289206
5.41347, 5.2816, 0.420349, -0.00969962, -0.999095, 0.0371904
5.41258, 5.28213, 0.420695, -0.0106857, -0.999264, 0.0297074
5.41162, 5.27882, 0.424359, -0.0105058, -0.999099, 0.0381262
5.41234, 5.28093, 0.422205, 0.0131809, 0.99895, -0.0385639
5.41284, 5.28086, 0.422739, 0.0105224, 0.999163, -0.0355113
5.41183, 5.2797, 0.419433, -0.0136561, -0.999027, 0.0336542
5.41163, 5.28, 0.422645, 0.012888, 0.999272, -0.0307835
5.41188, 5.27842, 0.424755, -0.0151799, -0.999111, 0.0346267
5.41183, 5.28061, 0.421116, -0.0128627, -0.999168, 0.0337478
5.41245, 5.28085, 0.41913, 0.0150827, 0.999199, -0.0291537
5.41234, 5.28434, 0.421419, 0.0112353, 0.999222, -0.0312912
5.4119, 5.2782, 0.425849, -0.0131721, -0.999153, 0.034036
5.41271, 5.27807, 0.421505, 0.0122413, 0.999337, -0.0288808
5.41221, 5.27801, 0.420171, 0.013591, 0.999179, -0.0333067
5.41337, 5.28227, 0.419657, 0.0125445, 0.999155, -0.0315815
5.41238, 5.2817, 0.42075, -0.0119248, -0.999239, 0.0313021
5.41284, 5.27772, 0.419449, -0.0114647, -0.999422, 0.0267823
5.41233, 5.28071, 0.422817, 0.0117322, 0.999116, -0.0345358
5.41293, 5.27908, 0.421375, -0.0123634, -0.99912, 0.0319967
5.41126, 5.28091, 0.42183, -0.0117809, -0.999127, 0.035596
5.41327, 5.27999, 0.419412, -0.0127907, -0.999188, 0.0331177
5.41146, 5.27629, 0.424526, 0.0122038, 0.999325, -0.0311548
5.4125, 5.2842, 0.420658, -0.0101886, -0.999128, 0.0327857
5.41292, 5.28156, 0.421147, -0.0107313, -0.999289, 0.029308
5.41262, 5.27865, 0.418165, -0.0144523, -0.999191, 0.0306183
5.412, 5.28212, 0.421257, 0.013871, 0.999271, -0.0284148
5.41177, 5.28393, 0.42146, -0.0156653, -0.998686, 0.0422167
5.41225, 5.27889, 0.421016, -0.0119754, -0.999, 0.0376613
5.41277, 5.2789, 0.421563, 0.0114717, 0.999426, -0.0279355
5.41309, 5.27866, 0.42195, -0.0116574, -0.999056, 0.0370512
5.41227, 5.281, 0.423096, -0.011072, -0.999248, 0.0316061
5.41278, 5.27625, 0.422175, 0.00926242, 0.998913, -0.0353877
5.41218, 5.27917, 0.421481, -0.013648, -0.999085, 0.0344646
5.41147, 5.28077, 0.419936, -0.0130642, -0.999078, 0.0347625
5.41181, 5.28007, 0.420674, 0.0147434, 0.999214, -0.0319148
5.41267, 5.28106, 0.422745, 0.0123418, 0.999075, -0.0361805
5.41308, 5.28183, 0.420633, 0.0101086, 0.998882, -0.0374553
5.41302, 5.28258, 0.421596, 0.0117042, 0.999185, -0.0313913
5.41242, 5.28, 0.418023, 0.0115678, 0.999338, -0.0299812
5.41234, 5.27834, 0.420377, -0.0159447, -0.998965, 0.0362735
5.41272, 5.27852, 0.419679, -0.0144328, -0.999076, 0.0341057
5.41293, 5.28358, 0.420099, 0.0116003, 0.999211, -0.0323407
5.41255, 5.27851, 0.423815, 0.0123472, 0.99913, -0.0347191
5.41139, 5.27881, 0.420292, -0.0148534, -0.999096, 0.0345344
5.41278, 5.28043, 0.420882, 0.0157328, 0.998999, -0.0351
5.41245, 5.28052, 0.421353, 0.0127087, 0.99919, -0.0320905
5.41202, 5.28006, 0.421392, -0.0132143, -0.99892, 0.0387463
5.41275, 5.27808, 0.420558, 0.0136885, 0.999093, -0.0367808
5.41184, 5.28118, 0.424635, -0.0111267, -0.999074, 0.0362778
5.4115, 5.28018, 0.422281, 0.0144039, 0.998883, -0.0389091
5.41187, 5.27921, 0.420755, 0.0130418, 0.999293, -0.0313171
5.41264, 5.28089, 0.420536, 0.0118675, 0.999155, -0.0338584
5.41209, 5.27994, 0.419752, -0.0131846, -0.998872, 0.0395277
5.41236, 5.27965, 0.421067, 0.011646, 0.999282, -0.0303008
5.41194, 5.28738, 0.421261, 0.0163246, 0.999018, -0.0365228
5.41259, 5.279, 0.423213, -0.0124817, -0.999185, 0.0328315
5.41347, 5.28399, 0.421897, 0.0087573, 0.999095, -0.0356093
5.4126, 5.28245, 0.422156, -0.00976394, -0.998942, 0.0392041
5.41367, 5.27987, 0.420863, -0.010693, -0.999333, 0.0297933
5.41243, 5.28163, 0.420578, -0.0116428, -0.999059, 0.0353437
5.41293, 5.27859, 0.419929, -0.0117595, -0.998994, 0.039099
5.41332, 5.28067, 0.419642, -0.014325, -0.998922, 0.0363238
5.41287, 5.28128, 0.422863, 0.0095833, 0.99913, -0.035672
5.41227, 5.27882, 0.421781, 0.0140226, 0.99874, -0.0436616
5.41196, 5.28091, 0.420893, -0.0154111, -0.999248, 0.0326805
5.41317, 5.27979, 0.421568, -0.0085329, -0.999042, 0.0384842
5.41179, 5.28088, 0.421692, 0.0151986, 0.999153, -0.0320789
5.41244, 5.27869, 0.424322, 0.0118731, 0.999019, -0.0385752
5.41233, 5.2804, 0.420873, -0.011043, -0.999005, 0.0368317
5.41209, 5.27832, 0.420119, 0.0133058, 0.999451, -0.0261211
5.41195, 5.28038, 0.421855, 0.0106644, 0.999019, -0.0380273
5.41293, 5.27997, 0.420766, 0.011254, 0.999369, -0.0286619
5.41235, 5.27859, 0.422131, -0.0110796, -0.999051, 0.0358452
5.4121, 5.28111, 0.424606, 0.0147098, 0.998693, -0.0394598
5.4114, 5.27836, 0.421583, -0.0157454, -0.99898, 0.0379077
5.41232, 5.28129, 0.421407, 0.0127752, 0.999087, -0.0340198
5.41248, 5.27825, 0.421416, -0.0134947, -0.998984, 0.0347583
5.41254, 5.279, 0.421743, -0.0101924, -0.999253, 0.0337041
5.41161, 5.27932, 0.421528, 0.0122127, 0.999078, -0.0350135
5.41214, 5.27877, 0.421018, -0.0127313, -0.999213, 0.0325326
5.41209, 5.27957, 0.420345, 0.0129664, 0.999166, -0.0332411
5.41227, 5.28198, 0.420875, 0.0123222, 0.999237, -0.032457
5.41209, 5.27813, 0.420802, -0.0112712, -0.999343, 0.0319893
5.41185, 5.2814, 0.420611, 0.0140067, 0.999274, -0.0300973
5.41302, 5.27829, 0.421588, -0.0138506, -0.9991, 0.0346153
5.41103, 5.27975, 0.423662, -0.0143763, -0.999152, 0.034147
5.41283, 5.27919, 0.419373, 0.0126693, 0.999295, -0.0297972
5.41262, 5.28595, 0.419837, 0.0134171, 0.999038, -0.0348754
5.41284, 5.28011, 0.416651, -0.0154981, -0.99921, 0.0286907
5.41231, 5.27952, 0.422164, 0.0125594, 0.998938, -0.0386019
5.41278, 5.28032, 0.419404, -0.0147122, -0.999016, 0.0348845
5.41203, 5.27982, 0.42304, -0.013916, -0.998995, 0.0367917
5.41346, 5.28089, 0.421535, -0.0108926, -0.999023, 0.0368974
5.41195, 5.27991, 0.42267, 0.0129406, 0.999318, -0.0271838
5.41259, 5.28089, 0.421446, 0.0138842, 0.999191, -0.0319581
5.41301, 5.27985, 0.420861, -0.013433, -0.999197, 0.0323453
5.41357, 5.28, 0.418665, 0.0114493, 0.999008, -0.0388819
5.41232, 5.27784, 0.424015, 0.0105866, 0.999303, -0.0316999
5.41185, 5.27743, 0.423362, 0.0142914, 0.999364, -0.0285272
5.4133, 5.28018, 0.419946, 0.0118779, 0.999212, -0.0346839
5.41278, 5.28311, 0.419985, 0.0134248, 0.998979, -0.0386404
5.41258, 5.2802, 0.417511, 0.0146591, 0.999146, -0.0323987
5.41207, 5.28158, 0.423612, -0.00991463, -0.999324, 0.0309027
5.41272, 5.28459, 0.424968, 0.0112776, 0.998747, -0.0427838
5.41261, 5.28177, 0.420366, -0.0118339, -0.999194, 0.0304432
5.41281, 5.28201, 0.417978, 0.010362, 0.999117, -0.0357534
5.41154, 5.279, 0.425115, 0.0116715, 0.999268, -0.0320627
5.41267, 5.28074, 0.420831, 0.00847747, 0.998974, -0.0396437
5.41305, 5.28209, 0.421062, 0.0122156, 0.999149, -0.0319091
5.41225, 5.27978, 0.422318, 0.0142247, 0.999161, -0.0335858
5.412, 5.27993, 0.422982, 0.0121291, 0.999061, -0.0355914
5.41174, 5.27896, 0.42028, 0.0146175, 0.999074, -0.0357775
5.41276, 5.28303, 0.419875, 0.00906871, 0.999126, -0.0340083
5.41123, 5.27858, 0.422254, -0.0122585, -0.999075, 0.0361166
5.41353, 5.28173, 0.421771, 0.0070707, 0.998938, -0.0390808
5.4129, 5.27945, 0.419242, 0.0133602, 0.999024, -0.0372638
5.41249, 5.28465, 0.420895, -0.0151494, -0.998719, 0.0432759
5.41242, 5.27824, 0.421918, -0.0122417, -0.999359, 0.0290561
5.41278, 5.28006, 0.419736, -0.0161398, -0.998911, 0.0379905
5.41187, 5.27913, 0.424736, 0.0099242, 0.999116, -0.0357999
5.41167, 5.27905, 0.424796, -0.0129907, -0.999193, 0.0317285
5.41307, 5.28045, 0.421228, 0.0074212, 0.999021, -0.0387088
5.41197, 5.28408, 0.418447, -0.0132933, -0.999099, 0.0329697
5.41258, 5.28127, 0.420496, 0.011959, 0.999106, -0.0351331
5.41105, 5.28045, 0.422, -0.0112779, -0.999197, 0.0349945
5.41179, 5.28102, 0.42328, 0.0106637, 0.999289, -0.0299104
5.41175, 5.2813, 0.423259, 0.0130079, 0.999085, -0.0371549
5.41274, 5.27854, 0.421283, 0.0122916, 0.999113, -0.035705
5.41211, 5.27888, 0.421923, 0.0114965, 0.99939, -0.0273664
5.41249, 5.2832, 0.424428, -0.012171, -0.99893, 0.0388977
5.41143, 5.28099, 0.423106, -0.00971885, -0.99909, 0.0355286
5.4118, 5.2804, 0.4221, 0.015537, 0.998763, -0.0429056
5.41165, 5.27956, 0.423356, -0.0157176, -0.999013, 0.0361046
5.41279, 5.27886, 0.419632, 0.0137006, 0.999098, -0.0348801
5.41295, 5.27848, 0.421878, 0.0125022, 0.999481, -0.0245843
5.41284, 5.28046, 0.422627, 0.0126464, 0.998953, -0.0398249
5.41237, 5.27775, 0.422339, -0.0109432, -0.999073, 0.0335595
5.41313, 5.2799, 0.421338, 0.0117647, 0.998956, -0.0381166
5.41322, 5.2781, 0.420999, 0.0112422, 0.999069, -0.0346756
5.41226, 5.28433, 0.421142, 0.0100931, 0.999096, -0.034732
5.41234, 5.28088, 0.420984, 0.0109988, 0.99933, -0.0280096
5.41278, 5.2804, 0.422649, -0.013497, -0.999141, 0.0342824
5.41239, 5.28195, 0.423253, -0.0143342, -0.999218, 0.0309659
5.41278, 5.28163, 0.420083, -0.0115408, -0.999245, 0.0313539
5.41209, 5.27922, 0.423422, -0.0130735, -0.999144, 0.0344629
5.4122, 5.27933, 0.422919, 0.0154393, 0.999198, -0.0321146
5.41316, 5.28192, 0.422457, 0.0131485, 0.999177, -0.033977
5.41322, 5.27963, 0.421257, 0.0132311, 0.998783, -0.0372584
5.41313, 5.28246, 0.4205, -0.0151742, -0.998631, 0.0434897
5.41261, 5.28148, 0.420303, -0.0108671, -0.999155, 0.034216
5.41321, 5.28034, 0.420476, -0.0123044, -0.999077, 0.0341749
5.41261, 5.27779, 0.418649, -0.013433, -0.998903, 0.04009
5.41216, 5.27753, 0.419216, 0.0145187, 0.999183, -0.0318592
5.41373, 5.27965, 0.420391, 0.0130072, 0.998966, -0.0360706
5.41305, 5.28128, 0.417227, -0.0121203, -0.999037, 0.0340011
5.41258, 5.28336, 0.419612, -0.0134587, -0.998825, 0.0392581
5.41227, 5.28103, 0.420104, -0.0136552, -0.999182, 0.0334255
5.41292, 5.28017, 0.422225, -0.0102177, -0.999211, 0.0318376
5.4127, 5.28027, 0.422559, 0.0101037, 0.999209, -0.0303798
5.41162, 5.27861, 0.422754, 0.0139652, 0.999172, -0.0295165
5.41362, 5.28292, 0.421596, 0.0115656, 0.998975, -0.0362394
5.41369, 5.27869, 0.419076, 0.0128198, 0.99922, -0.0315098
5.41218, 5.2781, 0.420547, 0.0148633, 0.999056, -0.0333939
5.41307, 5.27972, 0.420862, -0.0143997, -0.99927, 0.0305203
5.41313, 5.28102, 0.422002, 0.0126558, 0.999101, -0.0336407
5.41273, 5.27896, 0.421646, -0.0119714, -0.998959, 0.0345064
5.4118, 5.28205, 0.418796, 0.0112211, 0.999219, -0.0311425
5.41373, 5.27909, 0.422627, 0.0105905, 0.999256, -0.0332554
5.41447, 5.28196, 0.416611, -0.0120345, -0.999042, 0.0367856
5.41298, 5.27994, 0.423169, 0.00888753, 0.998993, -0.0382138
5.41143, 5.28009, 0.418951, -0.0163699, -0.999339, 0.0250866
5.41253, 5.28268, 0.420872, -0.010622, -0.999024, 0.0366581
5.41187, 5.27968, 0.422696, -0.0143081, -0.999012, 0.0359361
5.41319, 5.28255, 0.419079, 0.0112771, 0.998758, -0.0427583
5.4124, 5.28126, 0.422301, 0.0155504, 0.999008, -0.0354841
5.41294, 5.28033, 0.42052, -0.0125354, -0.999308, 0.0301534
5.41304, 5.28265, 0.419987, -0.0138874, -0.998585, 0.0459211
5.41273, 5.28255, 0.422855, 0.0160821, 0.998625, -0.0418524
5.4124, 5.2793, 0.422247, 0.0133839, 0.999185, -0.0314657
5.41323, 5.27965, 0.421755, -0.0128748, -0.999117, 0.0344112
5.41228, 5.28165, 0.418947, 0.0134757, 0.999062, -0.0355357
5.41323, 5.28076, 0.419392, -0.0105285, -0.999104, 0.0346941
5.41287, 5.27777, 0.420467, 0.0129854, 0.999139, -0.0333079
5.41267, 5.2785, 0.420543, 0.0120989, 0.99922, -0.0299188
5.41297, 5.28188, 0.420657, 0.0119802, 0.998948, -0.0367954
5.41236, 5.27864, 0.420215, -0.0122962, -0.999222, 0.0321004
5.41239, 5.28053, 0.420014, 0.0132872, 0.999229, -0.0331487
5.41273, 5.28467, 0.421681, -0.0101013, -0.998897, 0.0375188
5.41266, 5.28154, 0.41937, -0.0132574, -0.999257, 0.0319673
5.41189, 5.27791, 0.42385, 0.0150054, 0.998925, -0.0380569
5.41239, 5.2809, 0.421101, -0.0135416, -0.999221, 0.0310576
5.41263, 5.2808, 0.4206, -0.0122751, -0.999247, 0.0298832
5.41282, 5.28156, 0.422162, -0.0132739, -0.999067, 0.0314377
5.41236, 5.27936, 0.420502, -0.0110526, -0.999016, 0.035753
5.41174, 5.2767, 0.420372, 0.0143531, 0.999234, -0.0326761
5.41315, 5.2787, 0.419797, -0.011498, -0.999196, 0.0321154
5.41218, 5.27926, 0.421503, -0.0130964, -0.999271, 0.031205
5.41344, 5.28082, 0.422058, -0.00842758, -0.999024, 0.0401322
5.41225, 5.27769, 0.420396, 0.0149526, 0.999047, -0.0302166
5.41314, 5.27968, 0.422769, -0.010258, -0.998958, 0.0399615
5.41144, 5.27962, 0.419768, 0.0157036, 0.999304, -0.0268632
5.41165, 5.27752, 0.422548, 0.0150333, 0.999147, -0.030761
5.41189, 5.28091, 0.424169, 0.0173679, 0.999087, -0.030299
5.41229, 5.28067, 0.41795, -0.0130857, -0.998948, 0.0375201
5.41267, 5.28043, 0.420096, -0.012721, -0.99922, 0.0325799
5.41166, 5.27963, 0.420411, 0.0124598, 0.999209, -0.033314
5.4128, 5.28158, 0.421002, -0.0113124, -0.998718, 0.0436067
5.41351, 5.28486, 0.42136, -0.0123921, -0.998984, 0.0345395
5.41274, 5.27905, 0.422443, 0.0101081, 0.998978, -0.0377886
5.41209, 5.27623, 0.424732, -0.0137679, -0.999393, 0.0296743
5.41296, 5.28419, 0.419796, -0.0100427, -0.999318, 0.0307304
5.41298, 5.28185, 0.421207, -0.0124032, -0.999047, 0.0354048
5.41216, 5.28042, 0.420948, 0.0152285, 0.999052, -0.0344815
5.41205, 5.28, 0.41844, -0.0147741, -0.99912, 0.0343251
5.4123, 5.27916, 0.423934, 0.0120226, 0.998848, -0.03777
5.41421, 5.28131, 0.420106, 0.00947658, 0.999251, -0.030873
5.41179, 5.27809, 0.422094, 0.0143084, 0.999146, -0.0328998
5.41259, 5.27937, 0.422406, -0.0120498, -0.998917, 0.0380146
5.4118, 5.27857, 0.420495, -0.0113509, -0.999173, 0.0324062
5.41331, 5.28076, 0.420298, 0.00927676, 0.9991, -0.0377836
5.41254, 5.27912, 0.422098, 0.0106495, 0.999061, -0.0343915
5.4118, 5.28145, 0.420186, 0.0132461, 0.999078, -0.0344859
5.41331, 5.27981, 0.418605, 0.0135094, 0.999038, -0.0351059
5.41381, 5.27741, 0.419341, -0.0144644, -0.999271, 0.0293884
5.4125, 5.28032, 0.418962, -0.0101392, -0.998719, 0.0443302
5.41273, 5.28025, 0.419595, 0.00982997, 0.999109, -0.0365242
5.41259, 5.27784, 0.423071, 0.0121712, 0.999228, -0.0326304
5.41368, 5.2781, 0.418781, -0.0125741, -0.998986, 0.0364455
5.41204, 5.2782, 0.423756, 0.0140635, 0.999106, -0.0334391
5.41266, 5.2809, 0.418831, -0.0148994, -0.998889, 0.0374551
5.41282, 5.27784, 0.42306, 0.0116433, 0.998989, -0.0348529
5.4124, 5.27981, 0.420164, 0.0133613, 0.999284, -0.0288013
5.41164, 5.27846, 0.424829, -0.017089, -0.998883, 0.0377654
5.41301, 5.28353, 0.421775, 0.015768, 0.998893, -0.0370187
5.41178, 5.28026, 0.421809, 0.0162091, 0.999176, -0.0307765
5.41143, 5.27746, 0.423495, 0.016965, 0.998945, -0.0377357
5.4129, 5.27872, 0.420694, -0.00962535, -0.999134, 0.0369607
5.41147, 5.2803, 0.423984, 0.015681, 0.999383, -0.0260632
5.41306, 5.28096, 0.419003, 0.0141518, 0.999221, -0.0296138
5.41151, 5.28246, 0.419185, 0.0132522, 0.999051, -0.0344152
5.41328, 5.27951, 0.421538, -0.0132551, -0.998952, 0.0388621
5.41261, 5.28024, 0.420424, -0.0106039, -0.999256, 0.0307223
5.41277, 5.2814, 0.42216, 0.0116572, 0.998909, -0.0387049
5.41344, 5.27964, 0.421209, -0.0133639, -0.998974, 0.0371254
5.41183, 5.27953, 0.422689, 0.0099768, 0.999401, -0.0302198
5.41192, 5.27887, 0.418873, -0.0126221, -0.999342, 0.0290118
5.41166, 5.28284, 0.421369, 0.012586, 0.998839, -0.0405462
5.41182, 5.28154, 0.423848, 0.0146683, 0.99909, -0.0360114
5.41277, 5.27749, 0.421397, -0.00987287, -0.999105, 0.0338359
5.41209, 5.2834, 0.42385, -0.0153064, -0.999056, 0.0297005
5.41233, 5.2807, 0.422155, 0.0112793, 0.999418, -0.0263851
5.41336, 5.27916, 0.423559, -0.0134444, -0.999214, 0.0335959
5.41235, 5.28014, 0.4205, 0.0130158, 0.998927, -0.0392675
5.41234, 5.27805, 0.419121, 0.0136222, 0.999219, -0.0308187
5.4119, 5.28079, 0.418837, -0.0137081, -0.999288, 0.0287866
5.41186, 5.28034, 0.420869, 0.0154914, 0.998729, -0.0428435
5.41212, 5.28257, 0.42162, 0.013725, 0.999325, -0.0285294
5.41241, 5.28004, 0.421658, -0.0117153, -0.999297, 0.0322135
5.41151, 5.27852, 0.423272, 0.0133903, 0.99932, -0.0293524
5.41271, 5.28114, 0.42047, 0.0110113, 0.999232, -0.0311138
5.41224, 5.28316, 0.421324, 0.0131437, 0.998822, -0.0380705
5.41301, 5.2781, 0.420514, 0.0116345, 0.9991, -0.0350514
5.41193, 5.28051, 0.421678, -0.0119963, -0.99898, 0.0384662
5.41167, 5.27866, 0.42145, 0.0127044, 0.999141, -0.0344508
5.41267, 5.28161, 0.420783, 0.0151633, 0.998923, -0.0376702
5.41261, 5.27996, 0.419725, 0.0132383, 0.999089, -0.032512
5.41187, 5.28284, 0.421531, 0.0138256, 0.998888, -0.0386067
5.41296, 5.28124, 0.421409, 0.0096926, 0.999285, -0.0311444
5.41144, 5.27983, 0.42357, 0.0151486, 0.999098, -0.0300836
5.4123, 5.28104, 0.420848, 0.0135054, 0.999112, -0.033688
5.41149, 5.27989, 0.421822, 0.0145151, 0.998799, -0.0422671
5.41198, 5.27815, 0.421753, -0.0138731, -0.999378, 0.0252601
5.41234, 5.28135, 0.422135, 0.00976556, 0.99906, -0.0353829
5.41155, 5.28135, 0.421565, 0.01611, 0.999045, -0.0341032
5.41258, 5.27974, 0.422706, -0.0128489, -0.99926, 0.0309459
5.41246, 5.28188, 0.421388, 0.0108338, 0.999143, -0.0319379
5.4119, 5.28013, 0.422762, 0.0121597, 0.99909, -0.0369637
5.41188, 5.27958, 0.42331, -0.0146175, -0.999232, 0.0311271
5.41269, 5.27744, 0.424908, 0.0130457, 0.999095, -0.0361963
5.41154, 5.28076, 0.420909, -0.0133314, -0.998896, 0.0399236
5.41322, 5.27867, 0.422302, 0.0111446, 0.999061, -0.0368024
5.41279, 5.27727, 0.421847, 0.0116766, 0.999387, -0.0281874
5.41159, 5.28135, 0.420448, 0.012902, 0.999331, -0.0304745
5.41159, 5.27908, 0.422413, -0.0119913, -0.999303, 0.0269893
5.41184, 5.28021, 0.421285, 0.0142764, 0.999038, -0.0340861
5.41317, 5.28402, 0.420669, 0.0133523, 0.998803, -0.0413742
5.41194, 5.28667, 0.421099, -0.0141561, -0.998855, 0.0413312
5.41299, 5.28367, 0.42049, -0.0125583, -0.998881, 0.0402093
5.41315, 5.27964, 0.418662, -0.0139826, -0.999176, 0.0318253
5.41173, 5.28015, 0.424131, -0.014242, -0.999172, 0.0333
5.41216, 5.28357, 0.421311, 0.0135359, 0.998807, -0.0409254
5.41152, 5.27844, 0.422473, 0.0125364, 0.999054, -0.0388314
5.41428, 5.28069, 0.421057, -0.00804322, -0.999181, 0.0353289
5.41289, 5.28045, 0.422849, 0.012877, 0.999095, -0.0333728
5.41234, 5.27891, 0.418783, 0.0164348, 0.999247, -0.0268828
5.41229, 5.28178, 0.421661, -0.0146798, -0.999059, 0.0338787
5.41232, 5.28247, 0.419762, 0.0132589, 0.998998, -0.0367315
5.412, 5.27902, 0.420473, 0.0112189, 0.999106, -0.0351093
5.41228, 5.27977, 0.42311, 0.014293, 0.998887, -0.0401633
5.41275, 5.28265, 0.420207, -0.011862, -0.999282, 0.0279244
5.41238, 5.28141, 0.422902, -0.0103617, -0.99924, 0.0321573
5.41192, 5.28162, 0.421877, -0.0131156, -0.999098, 0.0339253
5.41107, 5.27845, 0.421562, 0.0150106, 0.999267, -0.0305346
5.41301, 5.28049, 0.422706, -0.0120172, -0.999318, 0.0300576
5.41254, 5.28151, 0.422344, 0.0140773, 0.999096, -0.0336447
5.41383, 5.28574, 0.418483, 0.0100586, 0.999, -0.0389686
5.4122, 5.27791, 0.420444, -0.0138053, -0.999268, 0.0307785
5.41212, 5.27972, 0.424136, -0.013247, -0.998919, 0.0366608
5.41213, 5.27726, 0.424157, 0.0107249, 0.999241, -0.0322329
5.41201, 5.28002, 0.423149, -0.0133643, -0.999112, 0.0341474
5.41219, 5.27948, 0.41907, -0.0115216, -0.999119, 0.034305
5.41265, 5.27929, 0.421449, 0.0131202, 0.998924, -0.0398475
5.41309, 5.28046, 0.423686, -0.0125834, -0.999275, 0.0299125
5.41258, 5.27973, 0.418351, 0.0113255, 0.999405, -0.0262967
5.41222, 5.28416, 0.420577, -0.011144, -0.999212, 0.030996
5.41259, 5.27981, 0.419843, 0.00964549, 0.999196, -0.03321
5.41127, 5.27852, 0.420947, -0.0140151, -0.999273, 0.0308643
5.41317, 5.28021, 0.420721, 0.0105334, 0.999021, -0.03776
5.41324, 5.28206, 0.421141, 0.00916045, 0.999129, -0.0353832
5.41212, 5.27979, 0.419397, -0.0131818, -0.999094, 0.0360479
5.41244, 5.27931, 0.423435, -0.0113462, -0.999326, 0.029275
5.4123, 5.28033, 0.419345, -0.0122761, -0.999305, 0.0316611
5.41223, 5.28001, 0.421249, 0.0139617, 0.999259, -0.0309658
5.41397, 5.28081, 0.42054, 0.0139982, 0.998987, -0.0376656
5.4129, 5.27948, 0.419444, -0.0129839, -0.999235, 0.0308883
5.41216, 5.27991, 0.423125, -0.0131332, -0.998914, 0.0406316
5.41168, 5.27773, 0.420002, 0.0145407, 0.999436, -0.0246088
5.41302, 5.28123, 0.420397, 0.0102502, 0.999325, -0.0310999
5.41267, 5.28562, 0.419669, 0.0130816, 0.999143, -0.0347799
5.41238, 5.27805, 0.421538, 0.01396, 0.999191, -0.0305706
5.41203, 5.27801, 0.422552, 0.012105, 0.999268, -0.0316969
5.41185, 5.28145, 0.423841, -0.0138394, -0.998945, 0.0405248
5.41187, 5.27998, 0.421827, 0.0138421, 0.998893, -0.0392334
5.4128, 5.2796, 0.423017, 0.0121132, 0.998946, -0.0395905
5.413, 5.27985, 0.420973, 0.0107502, 0.99889, -0.0391787
5.41216, 5.27811, 0.424415, -0.0113617, -0.999298, 0.0305327
5.41243, 5.28022, 0.418036, -0.0135864, -0.999127, 0.0344408
5.41267, 5.2781, 0.420845, -0.0134153, -0.999286, 0.0293261
5.41221, 5.27847, 0.423512, 0.0093762, 0.998899, -0.0406677
5.41297, 5.28141, 0.417675, 0.0117742, 0.999018, -0.0358858
5.41208, 5.28229, 0.4214, 0.0151547, 0.998851, -0.0368937
5.41297, 5.27937, 0.421339, 0.0123647, 0.998878, -0.0407227
5.41267, 5.27686, 0.422147, -0.0119221, -0.99932, 0.0303461
5.4115, 5.28241, 0.421782, 0.0139352, 0.99893, -0.0361189
5.41203, 5.27843, 0.423697, -0.0141582, -0.998987, 0.0363779
5.41304, 5.27929, 0.421148, -0.0127627, -0.999213, 0.0318264
5.41264, 5.28046, 0.421717, -0.0111822, -0.999147, 0.0314158
5.41319, 5.28048, 0.419651, 0.00989186, 0.999397, -0.0263437
5.41241, 5.27853, 0.421032, -0.0150296, -0.999038, 0.0361525
5.41246, 5.28475, 0.420561, 0.00794122, 0.999068, -0.0376681
5.41289, 5.28169, 0.421188, -0.0134531, -0.998803, 0.0418975
5.41242, 5.28205, 0.42406, -0.0124601, -0.998969, 0.0393385
5.41252, 5.27923, 0.42219, -0.0123728, -0.99902, 0.036222
5.41197, 5.28111, 0.420821, -0.0116851, -0.99937, 0.0248906
5.41202, 5.28039, 0.423543, 0.0130272, 0.999062, -0.0370489
5.41184, 5.2786, 0.42427, -0.0141534, -0.999141, 0.0347415
5.41218, 5.27986, 0.422367, -0.0163838, -0.999075, 0.0325721
5.41105, 5.28315, 0.423759, 0.017181, 0.999024, -0.035391
5.41224, 5.27819, 0.421184, -0.0144774, -0.998666, 0.0454624
5.41239, 5.28251, 0.424122, -0.0129569, -0.999256, 0.0320667
5.41275, 5.27831, 0.421061, -0.0137759, -0.998995, 0.035521
5.41203, 5.28086, 0.421394, 0.0103599, 0.999142, -0.0343132
5.41241, 5.28063, 0.4208, -0.0123706, -0.999319, 0.0290682
5.4113, 5.28007, 0.420761, 0.0133142, 0.999429, -0.0272636
5.41183, 5.27985, 0.424927, -0.0155043, -0.999068, 0.0360476
5.41207, 5.28127, 0.424301, -0.011239, -0.999264, 0.0323679
5.41214, 5.27865, 0.422034, -0.0122141, -0.999342, 0.0292638
5.41228, 5.28032, 0.421227, -0.0134068, -0.999115, 0.0346405
5.41298, 5.28064, 0.421471, 0.0132572, 0.998645, -0.044402
5.41166, 5.28002, 0.419767, 0.0194523, 0.998923, -0.0320464
5.41267, 5.28038, 0.420467, 0.010705, 0.999371, -0.0290067
5.41227, 5.28062, 0.420012, -0.0142144, -0.99891, 0.0371835
5.41274, 5.28159, 0.423706, -0.0116631, -0.999044, 0.0370247
5.41285, 5.27951, 0.419641, 0.0130393, 0.998985, -0.0383919
5.41315, 5.28487, 0.41913, 0.0113169, 0.998975, -0.037933
5.41213, 5.28149, 0.421099, -0.0134148, -0.99884, 0.0403556
5.41347, 5.28, 0.420269, 0.0108129, 0.999104, -0.0356659
5.41213, 5.28257, 0.42034, 0.0136852, 0.999182, -0.0310576
5.41249, 5.28162, 0.421312, 0.00987083, 0.999029, -0.0365223
5.41213, 5.27884, 0.421437, -0.0135596, -0.99927, 0.031331
5.41176, 5.28021, 0.425976, 0.0114217, 0.999209, -0.0314782
5.41326, 5.28469, 0.424313, 0.0141361, 0.998958, -0.0363305
5.41295, 5.28178, 0.421708, 0.0120764, 0.998904, -0.0401248
5.41189, 5.2793, 0.420652, 0.0152231, 0.999158, -0.0323763
5.41172, 5.28087, 0.423156, -0.0137579, -0.999008, 0.0366941
5.41176, 5.283, 0.422957, -0.016195, -0.999237, 0.0314709
5.41294, 5.28087, 0.419775, -0.0146293, -0.999152, 0.0331825
5.41172, 5.28049, 0.420184, 0.0107665, 0.999083, -0.0331033
5.41202, 5.27924, 0.4216, -0.011653, -0.999391, 0.0283757
5.41354, 5.28217, 0.420104, 0.0136246, 0.998725, -0.0417727
5.41211, 5.28042, 0.42129, 0.0118438, 0.999307, -0.0297646
5.41217, 5.2838, 0.420281, -0.013704, -0.999124, 0.0358311
5.41223, 5.27902, 0.421955, -0.0134039, -0.999216, 0.0307265
5.41256, 5.28243, 0.420212, 0.010641, 0.999209, -0.0309118
5.41342, 5.27953, 0.419678, -0.0100881, -0.999067, 0.0344091
5.41267, 5.27927, 0.422129, -0.010974, -0.999064, 0.0368163
5.41342, 5.28218, 0.419982, -0.00885544, -0.998938, 0.0351873
5.41253, 5.28047, 0.419807, -0.0121429, -0.999218, 0.030936
5.41252, 5.27785, 0.420934, 0.0129505, 0.999163, -0.0334469
5.41189, 5.27903, 0.419137, -0.0112339, -0.999193, 0.0324759
5.41221, 5.27838, 0.420408, -0.0127394, -0.99922, 0.0304805
5.41191, 5.28084, 0.422937, -0.0146066, -0.999132, 0.0328856
5.41161, 5.27948, 0.423625, -0.0155216, -0.999202, 0.0316486
5.41304, 5.2793, 0.421402, -0.00815347, -0.998873, 0.0419463
5.41261, 5.28141, 0.419437, 0.0103049, 0.999202, -0.0340381
5.412, 5.27844, 0.420927, -0.0110896, -0.999327, 0.0291202
5.41232, 5.28099, 0.422496, -0.0110194, -0.999119, 0.0357077
5.41259, 5.28164, 0.421047, 0.0127802, 0.999293, -0.0297075
5.41222, 5.27819, 0.422217, -0.0119273, -0.999069, 0.0370372
5.41259, 5.27913, 0.421981, -0.0121071, -0.99927, 0.0324072
5.41267, 5.28019, 0.42129, 0.0124989, 0.999186, -0.0340135
5.41277, 5.27574, 0.421174, -0.00993109, -0.999287, 0.0322619
5.41197, 5.27823, 0.420335, 0.0128523, 0.999178, -0.0315711
5.41246, 5.28196, 0.422111, -0.0135438, -0.999151, 0.0316931
5.41161, 5.27763, 0.425178, 0.011765, 0.999472, -0.0268233
5.41156, 5.27907, 0.423403, 0.016066, 0.999003, -0.0362594
5.4125, 5.28153, 0.422709, -0.010338, -0.999143, 0.0370907
5.41269, 5.28098, 0.42159, -0.011786, -0.999136, 0.0316704
5.41279, 5.28017, 0.419625, 0.0148222, 0.998936, -0.0392896
5.41162, 5.28224, 0.421214, 0.0172534, 0.998972, -0.0370062
5.41112, 5.28169, 0.423223, -0.0136119, -0.999082, 0.0350673
5.41169, 5.27805, 0.421421, 0.0129671, 0.999383, -0.0284052
5.41228, 5.27801, 0.422007, -0.0124548, -0.9992, 0.0343034
5.41317, 5.28112, 0.419703, 0.0142531, 0.999002, -0.0358883
5.4118, 5.27905, 0.420437, -0.0141904, -0.999134, 0.0291339
5.41259, 5.28222, 0.422557, 0.0108567, 0.999011, -0.0355159
5.41195, 5.28277, 0.422531, 0.0109809, 0.998944, -0.0399105
5.41295, 5.27896, 0.419562, 0.0156295, 0.999122, -0.0325761
5.41209, 5.27963, 0.423624, -0.0155112, -0.999145, 0.0332956
5.41162, 5.28, 0.421867, 0.0118208, 0.999085, -0.0354457
5.4118, 5.27901, 0.421589, 0.014985, 0.999375, -0.0241711
5.41198, 5.28009, 0.423121, 0.012887, 0.999086, -0.0369512
5.41219, 5.27773, 0.422336, 0.012357, 0.99926, -0.0314025
5.41172, 5.27798, 0.423318, 0.0130246, 0.999248, -0.0327069
5.41226, 5.27846, 0.420622, 0.0139675, 0.999316, -0.0289888
5.41173, 5.28116, 0.425818, 0.0125056, 0.99915, -0.0319086
5.41251, 5.28466, 0.419186, -0.0111257, -0.99929, 0.0322987
5.41222, 5.28204, 0.421781, -0.0123604, -0.999007, 0.0373944
5.41207, 5.27929, 0.422933, 0.0154663, 0.999148, -0.0301298
5.4133, 5.27866, 0.418463, 0.0118907, 0.999069, -0.0365375
5.41269, 5.27864, 0.421276, -0.0080293, -0.999007, 0.0393618
5.41181, 5.27818, 0.424623, 0.0131972, 0.999108, -0.0350515
5.41228, 5.2798, 0.420773, 0.0151127, 0.99912, -0.0351287
5.41278, 5.27511, 0.421751, 0.0146882, 0.999361, -0.0275917
5.41174, 5.27812, 0.421379, 0.0140604, 0.999295, -0.0291093
5.41142, 5.27995, 0.423006, 0.0142788, 0.99907, -0.0357221
5.41217, 5.27909, 0.419444, -0.0147806, -0.999235, 0.0307544
5.41226, 5.28161, 0.420974, -0.0141407, -0.998712, 0.0447598
5.41148, 5.27896, 0.42145, -0.0114668, -0.999167, 0.0335738
5.41335, 5.28031, 0.420711, -0.00904743, -0.999189, 0.0334297
5.41245, 5.28069, 0.421904, -0.0135402, -0.998808, 0.0410738
5.41241, 5.27925, 0.421996, 0.0155938, 0.999307, -0.0284269
5.41223, 5.28063, 0.422863, 0.011748, 0.998941, -0.0373581
5.41211, 5.28341, 0.42209, 0.0121447, 0.999289, -0.029583
5.41156, 5.28005, 0.423324, -0.0147665, -0.99917, 0.0324436
5.41193, 5.28106, 0.420969, 0.0130576, 0.998966, -0.0355082
5.4121, 5.27928, 0.422277, -0.0134398, -0.999179, 0.031955
5.41257, 5.28162, 0.420625, 0.0110097, 0.99914, -0.0350132
5.41294, 5.28156, 0.420172, 0.0109218, 0.999035, -0.0362346
5.41182, 5.28047, 0.423451, 0.0131388, 0.999108, -0.0342861
5.41186, 5.28004, 0.419843, -0.0109101, -0.999022, 0.0362252
5.41294, 5.28252, 0.421848, 0.00821792, 0.999037, -0.0393334
5.41214, 5.28418, 0.420566, 0.00904853, 0.999172, -0.0334426
5.41258, 5.27891, 0.421568, -0.0131678, -0.999095, 0.0355971
5.4128, 5.27981, 0.422479, -0.0100839, -0.999362, 0.0284139
5.41351, 5.27948, 0.420141, 0.0111707, 0.99945, -0.0278216
5.41234, 5.27955, 0.422416, -0.0124416, -0.999048, 0.0358035
5.41215, 5.28375, 0.420723, -0.0126455, -0.998795, 0.0413301
5.41231, 5.28028, 0.423946, -0.0111685, -0.999165, 0.0343986
5.41374, 5.27987, 0.419051, 0.0108919, 0.998894, -0.0377734
5.41194, 5.27752, 0.424455, -0.0131635, -0.999162, 0.0313074
