5.42146, 5.8443, 0.427157, 0.028756, 0.998938, -0.0335875
5.42381, 5.8379, 0.428581, -0.0292303, -0.999295, 0.0177331
5.42215, 5.8518, 0.425707, -0.0281844, -0.998818, 0.0334249
5.42349, 5.85431, 0.424893, 0.030217, 0.998978, -0.0321773
5.4235, 5.84548, 0.429937, -0.0285437, -0.998971, 0.0315777
5.42242, 5.83929, 0.423463, -0.0245378, -0.999107, 0.0258246
5.42227, 5.84685, 0.422093, 0.0312623, 0.998947, -0.0246044
5.42188, 5.85125, 0.42391, 0.0250554, 0.999341, -0.0230601
5.42144, 5.84491, 0.424897, -0.0261225, -0.999075, 0.027268
5.42107, 5.84559, 0.425866, -0.028689, -0.998765, 0.0286077
5.42245, 5.85193, 0.425344, 0.0321926, 0.998588, -0.0352635
5.42308, 5.85, 0.427865, 0.0252459, 0.998673, -0.0343419
5.42331, 5.85296, 0.423925, -0.0223008, -0.998215, 0.0509911
5.42237, 5.85441, 0.425612, 0.0283126, 0.998767, -0.0326632
5.42282, 5.85163, 0.425603, -0.0258564, -0.998891, 0.0364669
5.42203, 5.85065, 0.421297, 0.0257544, 0.99889, -0.031138
5.42292, 5.85204, 0.420813, -0.0315937, -0.998851, 0.0301296
5.42153, 5.84403, 0.423821, -0.0302128, -0.999122, 0.023798
5.42139, 5.84407, 0.419599, -0.0213328, -0.999288, 0.0274586
5.42222, 5.8517, 0.426378, 0.0271487, 0.99894, -0.0289812
5.42491, 5.85188, 0.41889, -0.0209752, -0.998587, 0.0438464
5.42264, 5.84329, 0.424457, 0.0257981, 0.999334, -0.0240541
5.42221, 5.84733, 0.422874, -0.0270664, -0.999016, 0.0245255
5.42235, 5.84139, 0.420502, 0.0254911, 0.999415, -0.0103039
5.42034, 5.85511, 0.425238, 0.0300651, 0.998991, -0.0281046
5.42261, 5.85055, 0.419366, -0.0280815, -0.99862, 0.0315257
5.42108, 5.84892, 0.426, -0.0288682, -0.999, 0.027707
5.42275, 5.84554, 0.424103, 0.0307317, 0.999127, -0.0240622
5.42422, 5.84859, 0.420864, 0.0249319, 0.99931, -0.0250267
5.42206, 5.85404, 0.423729, 0.0246916, 0.998902, -0.0298365
5.42201, 5.86052, 0.420954, 0.0257961, 0.99903, -0.0307036
5.42187, 5.84824, 0.422889, 0.0262498, 0.999237, -0.0254406
5.42301, 5.84227, 0.423423, 0.0266885, 0.999228, -0.0252469
5.42291, 5.84717, 0.422572, -0.028676, -0.999127, 0.0215342
5.42376, 5.84413, 0.421484, 0.0231559, 0.999217, -0.0260202
5.42065, 5.84062, 0.421779, 0.023637, 0.999394, -0.0205569
5.42186, 5.85063, 0.421059, -0.0206798, -0.999412, 0.0213542
5.4223, 5.85443, 0.419507, -0.0268244, -0.999269, 0.0209038
5.42333, 5.84631, 0.420335, -0.0276181, -0.998677, 0.0251726
5.42434, 5.84267, 0.421786, -0.0262467, -0.998835, 0.0325704
5.42238, 5.85096, 0.419957, -0.0320924, -0.998963, 0.022584
5.42324, 5.84949, 0.420982, 0.0211471, 0.999081, -0.0308823
5.42291, 5.85162, 0.418676, 0.0288349, 0.998999, -0.0271565
5.42319, 5.83738, 0.423125, -0.0272122, -0.999333, 0.0193531
5.42219, 5.8558, 0.42402, 0.029364, 0.998531, -0.0313088
5.4237, 5.84304, 0.419335, -0.0246818, -0.998973, 0.0303151
5.42067, 5.84423, 0.424411, 0.0281625, 0.999073, -0.0268287
5.42025, 5.84068, 0.426, 0.0261237, 0.999037, -0.0293723
5.42259, 5.8549, 0.426047, 0.0258078, 0.998884, -0.0340355
5.42418, 5.83796, 0.423015, -0.0267298, -0.999087, 0.0287496
5.42201, 5.84716, 0.422855, -0.0303111, -0.999269, 0.0170609
5.42254, 5.84061, 0.423828, -0.0248845, -0.998918, 0.0343077
5.42234, 5.84347, 0.421324, 0.0251143, 0.99888, -0.0347135
5.42249, 5.85026, 0.421963, -0.0299421, -0.998776, 0.0308861
5.4213, 5.84977, 0.420183, 0.0279782, 0.999275, -0.0176734
5.42201, 5.8426, 0.424747, 0.0362559, 0.998787, -0.0230042
5.42265, 5.83971, 0.423023, 0.0303642, 0.998777, -0.0340766
5.42206, 5.84264, 0.425114, -0.0260413, -0.998761, 0.0317463
5.42233, 5.84097, 0.424772, -0.0300166, -0.998773, 0.0327317
5.42143, 5.84156, 0.426235, -0.0248146, -0.999031, 0.0305215
5.42321, 5.85101, 0.422286, -0.0270308, -0.999312, 0.0233383
5.42132, 5.85312, 0.426902, -0.0247978, -0.998628, 0.0397299
5.42154, 5.84598, 0.424604, -0.0250396, -0.999007, 0.0266775
5.42297, 5.84181, 0.422588, -0.0252573, -0.99914, 0.0281741
5.42097, 5.85268, 0.424002, 0.023127, 0.999174, -0.028923
5.42309, 5.84323, 0.423046, 0.0240877, 0.998948, -0.0343201
5.42297, 5.83962, 0.42091, 0.0271555, 0.999426, -0.0130604
5.42385, 5.85373, 0.420144, -0.0281554, -0.998618, 0.0321387
5.42129, 5.84737, 0.421579, 0.022707, 0.999123, -0.0265912
5.42047, 5.84042, 0.423271, 0.0278943, 0.999094, -0.0267474
5.42259, 5.84696, 0.425305, -0.0219337, -0.998879, 0.0330983
5.4226, 5.84368, 0.424527, 0.0212583, 0.999419, -0.0236288
5.42208, 5.84408, 0.423925, -0.026755, -0.998928, 0.0269846
5.42113, 5.8465, 0.421986, -0.0314874, -0.999035, 0.0266558
5.42196, 5.84041, 0.421588, 0.0220376, 0.999045, -0.0250785
5.42202, 5.83915, 0.422561, -0.0253029, -0.99937, 0.0179078
5.42232, 5.84973, 0.424841, -0.0273709, -0.998924, 0.0276191
5.42128, 5.85032, 0.425463, 0.0296215, 0.999025, -0.0275622
5.42142, 5.84755, 0.426497, 0.0276519, 0.999339, -0.0192122
5.42143, 5.84496, 0.422898, 0.0280335, 0.999208, -0.0254111
5.4226, 5.86157, 0.423877, 0.033132, 0.998488, -0.0390029
5.42053, 5.85057, 0.424458, -0.0272184, -0.998908, 0.0338779
5.42185, 5.84666, 0.422577, 0.0242831, 0.999189, -0.0230982
5.42087, 5.83877, 0.423247, 0.0260745, 0.999203, -0.0237833
5.42366, 5.84789, 0.422199, 0.0301518, 0.998616, -0.0365987
5.42119, 5.85005, 0.420498, -0.0271188, -0.999003, 0.0243171
5.42045, 5.84839, 0.422158, 0.025757, 0.999038, -0.0263803
5.42092, 5.85277, 0.425713, -0.0319863, -0.99875, 0.0328887
5.42187, 5.84077, 0.423425, -0.0282282, -0.999171, 0.0169812
5.42362, 5.84678, 0.421831, -0.0230286, -0.999236, 0.0217873
5.42004, 5.84247, 0.424164, -0.0264326, -0.99912, 0.0293304
5.42178, 5.83415, 0.418721, -0.0276589, -0.999299, 0.0112079
5.42457, 5.84532, 0.42014, 0.0251067, 0.9991, -0.0284175
5.42163, 5.8503, 0.42242, 0.0267787, 0.999172, -0.0244676
5.42146, 5.85507, 0.426676, 0.0241529, 0.998928, -0.0303223
5.42166, 5.84365, 0.422684, -0.0257288, -0.999365, 0.0219749
5.42388, 5.84186, 0.42276, 0.023081, 0.998954, -0.029652
5.42374, 5.85396, 0.424635, -0.0252381, -0.998853, 0.0350806
5.42018, 5.85028, 0.421257, 0.0236175, 0.99862, -0.0352957
5.42025, 5.85453, 0.424833, 0.0296749, 0.998458, -0.0389039
5.42223, 5.84382, 0.426311, -0.024388, -0.998715, 0.03226
5.4209, 5.84957, 0.423964, -0.0328874, -0.998721, 0.0276117
5.42473, 5.84884, 0.422018, -0.022765, -0.998613, 0.0419934
5.42214, 5.84618, 0.425082, 0.0285419, 0.999241, -0.0222904
5.42141, 5.8472, 0.426337, 0.0252001, 0.998653, -0.0346829
5.42239, 5.84246, 0.423268, 0.0258379, 0.999438, -0.0169993
5.42232, 5.84486, 0.422041, -0.0204334, -0.999173, 0.0233883
5.42369, 5.86005, 0.423971, 0.0237966, 0.998948, -0.0344477
5.42259, 5.84996, 0.423466, -0.0269999, -0.998909, 0.0316276
5.4218, 5.84122, 0.422917, -0.0272584, -0.99939, 0.015415
5.4222, 5.84732, 0.422828, -0.0331508, -0.998831, 0.0302234
5.42135, 5.85875, 0.423329, 0.0301347, 0.999148, -0.0251394
5.42373, 5.85447, 0.421841, 0.0206013, 0.99873, -0.0386508
5.42293, 5.84316, 0.42382, 0.0301582, 0.999209, -0.0228928
5.42475, 5.84261, 0.420893, 0.0282348, 0.998914, -0.0306707
5.42337, 5.84475, 0.425197, -0.0282814, -0.999132, 0.0218673
5.42064, 5.84262, 0.424974, -0.0220784, -0.999084, 0.0285176
5.4217, 5.84634, 0.424859, -0.0351276, -0.998398, 0.0371555
5.42308, 5.84317, 0.426352, 0.0258858, 0.9993, -0.0228103
5.42228, 5.84518, 0.422008, 0.0305728, 0.998773, -0.0350534
5.42442, 5.84344, 0.422274, 0.0225637, 0.999171, -0.0298597
5.42374, 5.85607, 0.422128, 0.0243385, 0.998487, -0.0386697
5.42203, 5.84552, 0.427409, 0.0355404, 0.998354, -0.0386374
5.42197, 5.83949, 0.425613, -0.0311646, -0.999307, 0.012935
5.42311, 5.84731, 0.427085, -0.0295247, -0.998718, 0.0389608
5.42313, 5.84255, 0.425254, -0.027106, -0.998776, 0.0310757
5.42281, 5.83789, 0.426933, -0.0275637, -0.999193, 0.0269346
5.42238, 5.85259, 0.424083, -0.0305895, -0.999077, 0.0259985
5.42243, 5.84714, 0.426405, 0.029437, 0.999036, -0.0257852
5.42345, 5.84192, 0.423016, 0.0276957, 0.998939, -0.0337465
5.42267, 5.84583, 0.423253, -0.0270253, -0.99916, 0.0274851
5.42296, 5.84445, 0.421141, 0.0152828, 0.998923, -0.0303335
5.42239, 5.84501, 0.425248, -0.0306995, -0.998781, 0.0330302
5.42307, 5.84362, 0.426253, -0.0319306, -0.99919, 0.022798
5.42404, 5.84686, 0.423231, -0.0255895, -0.998928, 0.0320278
5.42182, 5.85224, 0.426014, -0.0244474, -0.998464, 0.0441332
5.4223, 5.84825, 0.425221, -0.0308571, -0.998747, 0.0349371
5.42239, 5.84649, 0.422806, 0.031922, 0.998823, -0.0285837
5.4215, 5.86168, 0.423314, 0.0345115, 0.998544, -0.0348307
5.42002, 5.85243, 0.427285, 0.025673, 0.998849, -0.0350775
5.4215, 5.84369, 0.426756, 0.0241884, 0.998892, -0.0304418
5.42309, 5.8447, 0.423789, -0.0254964, -0.999115, 0.0220211
5.42318, 5.84926, 0.4224, 0.0269964, 0.998855, -0.0350747
5.42384, 5.84741, 0.422769, -0.0273306, -0.999405, 0.0168185
5.42037, 5.84552, 0.427686, -0.0267211, -0.99867, 0.0353338
5.42051, 5.84034, 0.422855, 0.0316186, 0.998858, -0.0292044
5.42152, 5.85486, 0.42395, 0.0237521, 0.998998, -0.0267848
5.42211, 5.84674, 0.423826, 0.0253873, 0.999254, -0.0251009
5.42249, 5.84364, 0.423347, 0.0248465, 0.999134, -0.0284716
5.4255, 5.8395, 0.419726, 0.023455, 0.999339, -0.0179547
5.42119, 5.8442, 0.424965, -0.0316799, -0.99893, 0.0282171
5.42312, 5.85059, 0.425011, 0.0167543, 0.999164, -0.032153
5.42204, 5.84303, 0.421174, -0.0272041, -0.999004, 0.0243534
5.42216, 5.85797, 0.424606, 0.037242, 0.998341, -0.0375275
5.42239, 5.84632, 0.424231, 0.0282541, 0.998797, -0.0351074
5.42418, 5.84047, 0.420165, -0.0342953, -0.998842, 0.0289785
5.4225, 5.83929, 0.423594, 0.0297648, 0.998441, -0.036718
5.42037, 5.8503, 0.420779, -0.0230513, -0.999311, 0.0144869
5.42329, 5.84242, 0.424927, 0.0274042, 0.998876, -0.0318913
5.4237, 5.84787, 0.424759, -0.0368146, -0.998553, 0.0298595
5.42064, 5.84198, 0.422866, -0.0286547, -0.999245, 0.0226529
5.42173, 5.85751, 0.426566, -0.0294363, -0.998797, 0.0336742
5.42142, 5.84266, 0.426461, 0.0292901, 0.999212, -0.0226939
5.42278, 5.84009, 0.421466, -0.02246, -0.999156, 0.0306953
5.4223, 5.85106, 0.424573, 0.0270342, 0.998175, -0.0436481
5.42254, 5.84639, 0.424332, -0.029866, -0.998961, 0.0253055
5.42282, 5.86107, 0.421903, 0.0298824, 0.998467, -0.0375114
5.42266, 5.84739, 0.423065, -0.0199217, -0.999174, 0.027541
5.4224, 5.8523, 0.424025, -0.0244293, -0.999176, 0.0233174
5.42256, 5.84245, 0.420525, 0.0199828, 0.999011, -0.0282634
5.41898, 5.84494, 0.42425, 0.0273734, 0.999071, -0.0296086
5.42082, 5.84286, 0.423236, -0.0261539, -0.999391, 0.0194198
5.42239, 5.85452, 0.424228, -0.0244909, -0.999003, 0.0296172
5.42146, 5.84061, 0.425483, 0.0346796, 0.998683, -0.0323921
5.42146, 5.84703, 0.425877, 0.0254427, 0.998871, -0.0331294
5.41983, 5.85084, 0.42421, 0.0265766, 0.998996, -0.0303141
5.42107, 5.84147, 0.42282, -0.0254397, -0.999184, 0.0162839
5.42186, 5.84244, 0.421206, -0.0203787, -0.999224, 0.0241176
5.42104, 5.84573, 0.425212, -0.0298134, -0.999029, 0.0262697
5.41901, 5.84323, 0.424276, 0.0267497, 0.999016, -0.0328576
5.42255, 5.85187, 0.424656, 0.0269227, 0.999057, -0.0289851
5.42248, 5.8432, 0.425319, 0.0251411, 0.999037, -0.0268285
5.42263, 5.85024, 0.42134, 0.0323433, 0.998578, -0.03699
5.42198, 5.84367, 0.4245, -0.0275826, -0.999053, 0.0295754
5.42118, 5.83901, 0.422525, 0.0274958, 0.999295, -0.0199638
5.42408, 5.84351, 0.41911, -0.0262264, -0.999129, 0.0254762
5.42304, 5.83921, 0.425512, -0.0279691, -0.998598, 0.0375661
5.41958, 5.85381, 0.428559, 0.0236677, 0.999286, -0.0261015
5.42159, 5.85395, 0.424105, 0.0278655, 0.999045, -0.0301389
5.42168, 5.85398, 0.423103, -0.0329042, -0.998206, 0.040669
5.42184, 5.83854, 0.424415, 0.0269651, 0.999343, -0.0216038
5.4217, 5.85006, 0.425458, 0.028009, 0.998964, -0.0317427
5.42342, 5.83964, 0.422367, 0.0267396, 0.999356, -0.0184743
5.42227, 5.84606, 0.423404, -0.0257391, -0.999211, 0.0251338
5.42124, 5.84962, 0.424816, -0.0279926, -0.999084, 0.0294933
5.42107, 5.84622, 0.425815, -0.0249362, -0.99896, 0.0299698
5.42195, 5.84639, 0.422798, -0.0332026, -0.998758, 0.025135
5.4216, 5.84851, 0.429843, 0.0200908, 0.998794, -0.0351006
5.42101, 5.8443, 0.426238, 0.029553, 0.99903, -0.0285874
5.4235, 5.85613, 0.421991, -0.032194, -0.998744, 0.0294626
5.42069, 5.83435, 0.426587, -0.0288855, -0.998749, 0.0280192
5.42138, 5.86066, 0.427509, 0.0324464, 0.998477, -0.0377543
5.42235, 5.84309, 0.424371, 0.0209833, 0.99913, -0.0220888
5.42326, 5.83969, 0.423694, -0.0289385, -0.998921, 0.0264069
5.42171, 5.85413, 0.424423, 0.0256957, 0.998986, -0.0291404
5.4208, 5.84046, 0.425278, -0.021103, -0.99907, 0.0324134
5.42143, 5.8513, 0.42319, 0.0230007, 0.999126, -0.0304278
5.42289, 5.84743, 0.420973, -0.0305306, -0.998932, 0.0272313
5.42268, 5.85443, 0.422282, 0.0295558, 0.998647, -0.0345819
5.42302, 5.84691, 0.423667, -0.025795, -0.999089, 0.0289778
5.422, 5.84788, 0.422346, 0.0258136, 0.999274, -0.0244151
5.42046, 5.84269, 0.421833, -0.0288193, -0.998992, 0.0294845
5.42134, 5.8541, 0.42635, 0.0337878, 0.998763, -0.0281504
5.41991, 5.8508, 0.4262, -0.0221447, -0.999345, 0.022501
5.42336, 5.83598, 0.427209, -0.0285969, -0.99917, 0.0227764
5.42241, 5.84036, 0.427801, 0.0309146, 0.998896, -0.0155343
5.42302, 5.85205, 0.423666, 0.0237355, 0.999483, -0.0184178
5.42228, 5.84962, 0.426202, 0.0275724, 0.999267, -0.0185726
5.4216, 5.85051, 0.42564, 0.0329846, 0.998712, -0.0291847
5.42356, 5.84924, 0.42832, 0.0288089, 0.998617, -0.037902
5.42212, 5.84986, 0.424929, 0.0270196, 0.998763, -0.0300527
5.42447, 5.85347, 0.426079, 0.0236105, 0.998446, -0.0416045
5.42077, 5.85301, 0.431678, 0.0206004, 0.999213, -0.02613
5.42278, 5.84387, 0.427461, -0.0302832, -0.998575, 0.0330157
5.4234, 5.85115, 0.422647, -0.0226224, -0.998468, 0.0394289
5.42235, 5.84146, 0.425914, 0.0324146, 0.998722, -0.0334979
5.42236, 5.84721, 0.428879, 0.0275983, 0.998766, -0.0254901
5.42179, 5.84824, 0.425522, 0.0248728, 0.998861, -0.031156
5.42192, 5.84897, 0.424733, 0.0250649, 0.998766, -0.0256018
5.42174, 5.84915, 0.428429, 0.0332784, 0.998493, -0.037316
5.42183, 5.84468, 0.426579, -0.0260988, -0.999261, 0.0230826
5.42131, 5.8459, 0.427342, -0.0240407, -0.998838, 0.0291769
5.42431, 5.85524, 0.425062, -0.0286351, -0.998725, 0.0349398
5.42158, 5.83725, 0.422873, 0.0314127, 0.999094, -0.0235361
5.42212, 5.83699, 0.426815, -0.027916, -0.99856, 0.0352207
5.42035, 5.8411, 0.424835, -0.0280745, -0.999466, 0.0113105
5.42197, 5.84483, 0.423639, 0.0259943, 0.998772, -0.0293204
5.42315, 5.83781, 0.426537, 0.0339599, 0.998126, -0.0466889
5.42262, 5.8409, 0.426368, -0.0241833, -0.999043, 0.0258282
5.42378, 5.85136, 0.424887, -0.0268963, -0.998142, 0.0464834
5.42135, 5.83664, 0.423811, 0.0227028, 0.999311, -0.0204598
5.42186, 5.83291, 0.426904, -0.0264099, -0.999325, 0.0174301
5.42309, 5.83849, 0.424295, -0.02501, -0.999271, 0.0175143
5.42222, 5.84987, 0.423812, -0.0288518, -0.998881, 0.0309111
5.42292, 5.86555, 0.42476, -0.0242871, -0.998046, 0.052129
5.42168, 5.8609, 0.429413, 0.0261979, 0.997893, -0.0500673
5.42268, 5.85546, 0.428468, 0.0248096, 0.99811, -0.049536
5.42291, 5.8458, 0.420215, 0.0176685, 0.998951, -0.0292394
5.42481, 5.84968, 0.422924, 0.0218017, 0.999026, -0.0328653
5.42092, 5.84617, 0.424712, -0.0305511, -0.99924, 0.0118905
5.42129, 5.84053, 0.421774, 0.0251351, 0.999149, -0.02271
5.42256, 5.84331, 0.423948, 0.0342288, 0.998678, -0.0294548
5.42191, 5.84497, 0.426298, 0.0318232, 0.998194, -0.0443116
5.42124, 5.84582, 0.425325, -0.0269779, -0.99894, 0.0284954
5.42129, 5.84222, 0.421918, -0.0245019, -0.999318, 0.0183322
5.42253, 5.85914, 0.421331, -0.0290691, -0.998753, 0.034289
5.42123, 5.85162, 0.423928, 0.0280655, 0.999121, -0.0292901
5.42183, 5.85379, 0.42388, -0.0264491, -0.998701, 0.0349867
5.42289, 5.83873, 0.425111, 0.0262676, 0.999027, -0.0326718
5.42208, 5.84581, 0.422692, 0.0342328, 0.99766, -0.0534724
5.42203, 5.84696, 0.420492, 0.0304996, 0.998915, -0.0291906
5.42222, 5.85846, 0.424845, -0.0308852, -0.998125, 0.0469442
5.42238, 5.84263, 0.42166, 0.0263515, 0.999212, -0.0167896
5.42297, 5.84858, 0.424708, 0.0268535, 0.998745, -0.0376816
5.42229, 5.85083, 0.423281, 0.0267063, 0.999082, -0.0271435
5.42233, 5.85078, 0.423944, -0.028235, -0.998789, 0.0337722
5.42353, 5.84572, 0.4232, 0.0270971, 0.998567, -0.0395872
5.42239, 5.84709, 0.424081, -0.0295651, -0.998309, 0.0423905
5.42252, 5.85919, 0.42534, 0.0265243, 0.997762, -0.0543549
5.42365, 5.84741, 0.422018, 0.0272632, 0.998712, -0.0356587
5.42173, 5.84948, 0.425209, 0.0227078, 0.998489, -0.0434367
5.42175, 5.84692, 0.423692, -0.0317057, -0.998013, 0.0453666
5.42222, 5.8431, 0.424353, 0.0248066, 0.998711, -0.0383762
5.42203, 5.85153, 0.421555, -0.0296514, -0.998846, 0.0310559
5.42082, 5.84702, 0.423201, 0.0314541, 0.998719, -0.0325785
5.42229, 5.84227, 0.420094, -0.0298557, -0.999048, 0.0228159
5.4238, 5.85723, 0.423799, 0.0314178, 0.998724, -0.0343087
5.42034, 5.84756, 0.423623, -0.0315925, -0.998685, 0.0336592
5.42172, 5.84821, 0.424633, 0.0283631, 0.998361, -0.0374833
5.42264, 5.85569, 0.423817, 0.0234698, 0.998647, -0.0399668
5.42135, 5.84294, 0.425129, -0.0262793, -0.999431, 0.0187677
5.4228, 5.84199, 0.424158, 0.022671, 0.999049, -0.0312425
5.4237, 5.84289, 0.425202, -0.0277895, -0.998425, 0.0421093
5.42153, 5.84487, 0.423483, -0.0240982, -0.998738, 0.0343249
5.42199, 5.86153, 0.425473, 0.0250366, 0.998276, -0.0450428
5.4216, 5.84569, 0.423257, 0.0295199, 0.999227, -0.0210171
5.42264, 5.84982, 0.426683, 0.0262199, 0.998715, -0.0349319
5.42203, 5.85367, 0.425505, -0.0325744, -0.998492, 0.0349251
5.42324, 5.83759, 0.422187, 0.0267255, 0.999404, -0.0184572
5.42277, 5.85348, 0.423769, -0.0214594, -0.998926, 0.0359405
5.42248, 5.84473, 0.420783, 0.0183808, 0.999119, -0.0296565
5.42272, 5.85944, 0.420902, -0.0237137, -0.999108, 0.0270761
5.42141, 5.83908, 0.422271, 0.0272504, 0.999345, -0.0203666
5.42193, 5.8436, 0.419067, 0.021424, 0.998855, -0.0294732
5.42361, 5.85104, 0.424049, -0.0273857, -0.999149, 0.0247991
5.4229, 5.8427, 0.421524, -0.0238436, -0.999055, 0.0307639
5.42261, 5.83559, 0.421138, -0.0264754, -0.999321, 0.0195077
5.42416, 5.85555, 0.422418, -0.0318733, -0.998962, 0.0278229
5.42235, 5.84811, 0.4238, 0.02718, 0.998772, -0.0363121
5.42256, 5.84763, 0.418913, 0.0281528, 0.998792, -0.031148
5.42105, 5.84683, 0.425245, 0.0289938, 0.999001, -0.0286411
5.42197, 5.8521, 0.426737, 0.0301038, 0.998327, -0.0442973
5.42297, 5.8587, 0.420039, -0.024586, -0.998833, 0.0333116
5.42231, 5.85402, 0.424842, 0.0262507, 0.998432, -0.0420936
5.42226, 5.85066, 0.42194, -0.0246749, -0.998976, 0.0274304
5.42273, 5.851, 0.422476, -0.0243252, -0.999136, 0.0287522
5.42151, 5.84785, 0.422594, -0.032064, -0.999161, 0.0205627
5.42297, 5.84837, 0.422069, 0.0304836, 0.998831, -0.0336924
5.42217, 5.85843, 0.425639, 0.0251909, 0.999017, -0.029342
5.42207, 5.83983, 0.422196, 0.0282472, 0.999369, -0.0187887
5.42238, 5.85033, 0.42012, -0.0209863, -0.999212, 0.0251683
5.42118, 5.84615, 0.426767, -0.0265947, -0.999116, 0.0288935
5.42142, 5.84715, 0.423729, -0.0274173, -0.999251, 0.0226363
5.4231, 5.85143, 0.421479, 0.0254115, 0.998881, -0.0301455
5.42325, 5.84523, 0.424965, 0.0273654, 0.999079, -0.0304678
5.4221, 5.84312, 0.423048, -0.0216243, -0.999288, 0.0268909
5.42074, 5.8459, 0.423982, -0.0258683, -0.999047, 0.0255809
5.42237, 5.84423, 0.419566, 0.0325526, 0.999112, -0.0198544
5.42268, 5.84701, 0.42635, 0.0276291, 0.998864, -0.0313782
5.42156, 5.84618, 0.423538, -0.0269286, -0.998751, 0.0320557
5.42292, 5.84186, 0.421665, 0.0222063, 0.999131, -0.0286823
5.42047, 5.84731, 0.420795, -0.0266981, -0.999217, 0.019013
5.42315, 5.8539, 0.420361, 0.0248949, 0.998587, -0.0347775
5.42129, 5.83763, 0.423125, -0.0251532, -0.999321, 0.0200634
5.42141, 5.84493, 0.420384, 0.0267454, 0.999141, -0.0194511
5.42185, 5.84217, 0.424508, 0.0327513, 0.998662, -0.0315489
5.42159, 5.84599, 0.421092, -0.0269663, -0.999034, 0.0185369
5.42053, 5.85031, 0.424129, -0.0255066, -0.999044, 0.0287904
5.42053, 5.84359, 0.425521, -0.030462, -0.998978, 0.0271851
5.42297, 5.84836, 0.422857, 0.0256683, 0.998969, -0.0156706
5.4232, 5.85823, 0.421669, 0.0285057, 0.998662, -0.0367404
5.42168, 5.84798, 0.422426, -0.0227796, -0.999176, 0.0229922
5.42302, 5.84208, 0.419208, -0.0260417, -0.999396, 0.0209264
5.42268, 5.84479, 0.421287, 0.0256908, 0.999344, -0.0212018
5.42218, 5.83681, 0.424075, 0.0267456, 0.999374, -0.0199038
5.42204, 5.84572, 0.425778, 0.023988, 0.999233, -0.0213482
5.42011, 5.845, 0.422522, -0.0278662, -0.998924, 0.0256842
5.42124, 5.85025, 0.424931, 0.0217475, 0.999167, -0.0301721
5.42205, 5.84796, 0.421489, 0.0310023, 0.998727, -0.0348586
5.42278, 5.85095, 0.423357, 0.0239007, 0.999288, -0.0245975
5.42346, 5.83989, 0.420987, -0.0225051, -0.999377, 0.0211009
5.42171, 5.84201, 0.421472, 0.027384, 0.999254, -0.0223391
5.422, 5.84378, 0.424464, -0.0293023, -0.998712, 0.0362523
5.42431, 5.8511, 0.420458, 0.0246898, 0.999032, -0.0281692
5.42288, 5.84546, 0.420567, 0.0284013, 0.998948, -0.0285674
5.42187, 5.84724, 0.421017, 0.0246067, 0.99937, -0.0219639
5.42234, 5.84377, 0.424294, -0.0286584, -0.998653, 0.0367649
5.42448, 5.85394, 0.421245, -0.0204351, -0.998944, 0.0315837
5.42151, 5.84724, 0.423524, 0.0273635, 0.998487, -0.035871
5.42123, 5.84328, 0.424021, 0.0259428, 0.999279, -0.0211539
5.42244, 5.85219, 0.425229, -0.0285018, -0.998475, 0.0431631
5.42275, 5.84644, 0.423597, 0.0307892, 0.999006, -0.0295382
5.42062, 5.8501, 0.422329, 0.0291663, 0.998954, -0.0271348
5.42197, 5.84156, 0.42456, -0.026677, -0.999337, 0.021484
5.42131, 5.84178, 0.428627, 0.0281325, 0.998851, -0.0314137
5.42136, 5.84001, 0.425451, 0.0351224, 0.998857, -0.0239631
5.42252, 5.84456, 0.42456, -0.0307676, -0.998806, 0.0314147
5.42281, 5.84787, 0.421305, 0.0301394, 0.998758, -0.0320871
5.42251, 5.85101, 0.422681, -0.0260376, -0.998683, 0.0364462
5.42053, 5.84338, 0.424828, -0.028221, -0.998986, 0.0187048
5.42276, 5.85003, 0.424595, -0.0308505, -0.998657, 0.0310711
5.42156, 5.84254, 0.424162, 0.0284342, 0.998873, -0.0305665
5.42344, 5.84335, 0.422342, 0.0314996, 0.998545, -0.0355365
5.42179, 5.84671, 0.424268, -0.0293559, -0.999077, 0.0241616
5.42303, 5.84804, 0.424312, 0.0291742, 0.998615, -0.0402714
5.4227, 5.84352, 0.425148, -0.0285779, -0.999207, 0.0209806
5.42161, 5.85177, 0.420796, -0.0330412, -0.998764, 0.0176075
5.42204, 5.84882, 0.422871, -0.0268777, -0.999135, 0.0255968
5.42243, 5.85104, 0.423276, 0.0268225, 0.999059, -0.0297304
5.4217, 5.84818, 0.423381, 0.0287424, 0.999246, -0.0232159
5.42077, 5.84315, 0.423584, -0.024297, -0.999387, 0.0223469
5.4216, 5.8525, 0.425445, -0.0309089, -0.998863, 0.0343828
5.42178, 5.85456, 0.420336, 0.0233514, 0.999195, -0.0233919
5.42299, 5.84089, 0.421907, -0.0335739, -0.998949, 0.0255424
5.42248, 5.84597, 0.42206, 0.0260835, 0.999338, -0.0213654
5.42171, 5.84821, 0.424392, -0.0303376, -0.998507, 0.0385577
5.42281, 5.84434, 0.420809, -0.0211156, -0.999344, 0.0262708
5.42136, 5.86405, 0.422649, 0.0213268, 0.998815, -0.0361764
5.4219, 5.856, 0.425723, -0.025171, -0.998405, 0.0435532
5.42162, 5.83909, 0.423233, 0.0245404, 0.999117, -0.030679
5.4218, 5.8554, 0.420421, 0.0215976, 0.99944, -0.018438
5.42203, 5.85811, 0.424723, -0.0255974, -0.998688, 0.035712
5.42179, 5.85253, 0.422781, -0.0253729, -0.99909, 0.0284214
5.42168, 5.85826, 0.424729, 0.0277508, 0.99875, -0.0334783
5.42187, 5.84951, 0.42182, -0.0269793, -0.999329, 0.0221633
5.42095, 5.85037, 0.423749, -0.0331129, -0.99882, 0.0337437
5.42077, 5.85752, 0.422395, 0.02205, 0.998916, -0.0348602
5.41995, 5.84278, 0.424967, 0.0273753, 0.999007, -0.026571
5.42194, 5.85832, 0.420994, 0.0271325, 0.999093, -0.0263733
5.42264, 5.84515, 0.422697, -0.0295137, -0.999262, 0.0179646
5.42208, 5.83915, 0.424211, 0.0282788, 0.999069, -0.0257079
5.42186, 5.85202, 0.422023, 0.0243078, 0.998761, -0.0359208
5.4229, 5.85508, 0.421294, -0.0294058, -0.998456, 0.0414335
5.41874, 5.84778, 0.422106, 0.0297367, 0.998527, -0.0399039
5.4231, 5.84852, 0.420586, 0.0275982, 0.998716, -0.0255866
5.42032, 5.84266, 0.425988, -0.028099, -0.999183, 0.0222809
5.42228, 5.84981, 0.423907, 0.0228154, 0.999066, -0.0301129
5.42257, 5.85009, 0.422634, 0.0276374, 0.998911, -0.0243819
5.42192, 5.85051, 0.426359, 0.0261041, 0.998726, -0.0322994
5.42269, 5.85227, 0.421304, 0.0271781, 0.998108, -0.0459606
5.42257, 5.84641, 0.422782, 0.0290939, 0.999254, -0.0217982
5.42226, 5.83968, 0.417261, -0.0284797, -0.999412, 0.0158884
5.42166, 5.8471, 0.42443, 0.0266219, 0.999145, -0.0250923
5.42053, 5.83688, 0.422429, 0.0293153, 0.999137, -0.0193442
5.42145, 5.84316, 0.424519, 0.0242627, 0.99914, -0.0280557
5.42094, 5.84868, 0.42277, -0.029346, -0.999135, 0.0241179
5.4211, 5.85725, 0.425422, 0.0290897, 0.997967, -0.0514313
5.42186, 5.84499, 0.426005, 0.0257371, 0.998825, -0.035357
5.4218, 5.85439, 0.427122, 0.0330689, 0.998362, -0.0406037
5.42211, 5.84564, 0.422394, 0.0292002, 0.998874, -0.0257796
5.42109, 5.84227, 0.422313, -0.0304681, -0.998738, 0.0331668
5.42219, 5.84831, 0.425021, -0.027587, -0.998963, 0.0294683
5.42159, 5.84675, 0.421659, -0.026257, -0.999433, 0.0175327
5.42102, 5.84376, 0.424805, -0.0318311, -0.999052, 0.0249605
5.42119, 5.838, 0.42587, -0.0276143, -0.999269, 0.0222629
5.41909, 5.84401, 0.421315, -0.0236562, -0.999427, 0.0182898
5.4233, 5.84038, 0.42266, 0.0247389, 0.998868, -0.0320305
5.42255, 5.84516, 0.423146, 0.0258145, 0.999294, -0.0235169
5.42255, 5.84003, 0.418449, 0.031002, 0.999162, -0.0205943
5.42317, 5.84165, 0.419946, 0.0243486, 0.999383, -0.0196998
5.42237, 5.84937, 0.420558, 0.025578, 0.998455, -0.0406554
5.4222, 5.8588, 0.42447, -0.0279319, -0.999094, 0.0258532
5.4225, 5.85162, 0.421364, 0.0303018, 0.999139, -0.0235104
5.42311, 5.8494, 0.42344, 0.0301607, 0.998798, -0.03355
5.42297, 5.84687, 0.424681, 0.0233325, 0.998928, -0.0310547
5.42216, 5.83981, 0.424784, 0.0317365, 0.998765, -0.0329353
5.42241, 5.84657, 0.422835, -0.0241093, -0.999286, 0.0266262
5.42219, 5.84671, 0.422239, 0.028482, 0.999065, -0.0222085
5.42238, 5.84232, 0.42147, 0.0240058, 0.999215, -0.0259605
5.42094, 5.84966, 0.419925, 0.0313814, 0.998915, -0.0267038
5.42323, 5.85539, 0.421419, 0.0251925, 0.999196, -0.0266524
5.4228, 5.84059, 0.421065, 0.029772, 0.99911, -0.0245839
5.4208, 5.84593, 0.42091, 0.0269984, 0.998876, -0.0212751
5.42213, 5.84744, 0.421093, 0.0283456, 0.999111, -0.0261074
5.42271, 5.8455, 0.42659, -0.0247787, -0.998772, 0.0362636
5.42032, 5.84629, 0.426323, -0.0300034, -0.999005, 0.0289989
5.42159, 5.84645, 0.425818, 0.0311104, 0.998844, -0.0319797
5.42283, 5.84248, 0.423389, -0.0283154, -0.999132, 0.0262362
5.4211, 5.84589, 0.422822, 0.0209357, 0.998963, -0.0266156
5.4218, 5.84647, 0.423058, -0.0303458, -0.998927, 0.0294677
5.42111, 5.84376, 0.423925, 0.0247746, 0.998724, -0.0253662
5.42174, 5.84869, 0.424517, -0.0271042, -0.998861, 0.0307368
5.42087, 5.85079, 0.426062, 0.028851, 0.99865, -0.0369119
5.42318, 5.85099, 0.423133, 0.024022, 0.999173, -0.0266803
5.42301, 5.84393, 0.422435, 0.0225876, 0.999267, -0.0238105
5.4213, 5.8387, 0.422231, -0.0295386, -0.998892, 0.0251184
5.42222, 5.84267, 0.421943, 0.0260471, 0.998808, -0.0350106
5.42086, 5.83926, 0.42516, 0.0261723, 0.999305, -0.021485
5.42222, 5.85909, 0.420715, -0.0132939, -0.998468, 0.0408726
5.4206, 5.84314, 0.423517, 0.0282941, 0.999228, -0.0233548
5.42144, 5.83727, 0.423581, 0.0294502, 0.999092, -0.0253971
5.42316, 5.84366, 0.423606, 0.0268461, 0.999176, -0.025955
5.42102, 5.84161, 0.423771, 0.0261444, 0.998997, -0.0274059
5.42181, 5.85016, 0.421494, 0.0320855, 0.999148, -0.0224779
5.4225, 5.84647, 0.42415, -0.023774, -0.998549, 0.0388693
5.41954, 5.84273, 0.425736, 0.0250227, 0.999283, -0.0234599
5.42049, 5.83882, 0.423046, 0.0267074, 0.998748, -0.0371815
5.41994, 5.8423, 0.426018, -0.0272232, -0.99887, 0.0318366
5.42102, 5.83862, 0.422357, 0.026574, 0.998981, -0.0303888
5.42262, 5.84021, 0.423614, -0.0270163, -0.99901, 0.026402
5.42216, 5.83942, 0.422602, -0.0224191, -0.999302, 0.0250342
5.42323, 5.84803, 0.421356, -0.0222093, -0.998732, 0.0301598
5.42141, 5.84143, 0.419716, 0.0231641, 0.999335, -0.0192016
5.42221, 5.84597, 0.427231, -0.0290666, -0.999087, 0.0284708
5.42222, 5.84527, 0.421932, -0.0233442, -0.99927, 0.0265346
5.4206, 5.84199, 0.420974, -0.0281012, -0.998685, 0.0354927
5.42255, 5.85013, 0.422655, 0.0276564, 0.998704, -0.0356435
5.4226, 5.84909, 0.424467, -0.0244156, -0.998948, 0.0348959
5.4217, 5.84505, 0.421223, -0.0278491, -0.99898, 0.0266143
5.42283, 5.84746, 0.420013, -0.0286554, -0.99916, 0.0241661
5.42149, 5.84568, 0.419697, -0.0263908, -0.999066, 0.0235413
5.42113, 5.84204, 0.425207, -0.0301709, -0.999245, 0.0227123
5.42287, 5.84471, 0.418716, -0.0287537, -0.998829, 0.0253538
5.42238, 5.84995, 0.422272, 0.030496, 0.998701, -0.0368717
5.42098, 5.84943, 0.425158, -0.0259955, -0.999217, 0.0281778
5.42179, 5.84143, 0.422028, -0.0287629, -0.999058, 0.0289212
5.42169, 5.85109, 0.421404, 0.031683, 0.998604, -0.0306317
5.42266, 5.84597, 0.425737, 0.0212273, 0.998929, -0.0363231
5.42182, 5.84805, 0.425522, 0.0291254, 0.998817, -0.0274829
5.42253, 5.84411, 0.423781, 0.0245756, 0.999107, -0.0278109
5.42258, 5.85093, 0.420634, -0.0235258, -0.998951, 0.0304397
5.42274, 5.84526, 0.426035, -0.027477, -0.998697, 0.0320534
5.42344, 5.84567, 0.421499, 0.0275129, 0.999246, -0.020522
5.42259, 5.84992, 0.421401, -0.0251986, -0.998755, 0.0338042
5.42292, 5.84182, 0.426416, -0.0300778, -0.999084, 0.026635
5.42195, 5.85091, 0.422728, 0.0237835, 0.999443, -0.0157336
5.42064, 5.85152, 0.426072, 0.0249902, 0.999184, -0.027359
5.42199, 5.84976, 0.422001, 0.027674, 0.999151, -0.0268827
5.42087, 5.84694, 0.418458, -0.0283493, -0.998989, 0.028242
5.42003, 5.84663, 0.420484, 0.0265745, 0.999381, -0.0138419
5.42268, 5.84846, 0.424883, -0.0245701, -0.999127, 0.0308002
5.42231, 5.84413, 0.421274, -0.0265999, -0.999275, 0.0210051
5.42297, 5.84687, 0.419982, -0.0253977, -0.999217, 0.0255062
5.42172, 5.84379, 0.417975, 0.0265589, 0.99879, -0.0266392
5.42362, 5.85101, 0.421471, 0.0227094, 0.998963, -0.0327629
5.4225, 5.84027, 0.421904, -0.024082, -0.999137, 0.0217896
5.42151, 5.8446, 0.425804, -0.0255392, -0.998873, 0.0330847
5.42138, 5.84802, 0.422724, -0.0281171, -0.999102, 0.0257688
5.42299, 5.85162, 0.423239, 0.0281437, 0.998977, -0.0310487
5.42102, 5.8474, 0.424923, -0.0282651, -0.998688, 0.0312935
5.42172, 5.8397, 0.42554, 0.02436, 0.999081, -0.028868
5.42178, 5.84565, 0.424461, -0.0260489, -0.999339, 0.0213801
5.42113, 5.83931, 0.421721, -0.0274299, -0.998795, 0.0352829
5.42212, 5.84687, 0.42475, 0.0240996, 0.999105, -0.0270545
5.42253, 5.83865, 0.423495, 0.0284796, 0.999299, -0.0226483
5.42227, 5.84705, 0.421188, 0.0285232, 0.999111, -0.0246128
5.42184, 5.84279, 0.42237, -0.0186595, -0.998924, 0.0341956
5.4223, 5.84113, 0.419002, 0.0236762, 0.999185, -0.0237938
5.42224, 5.84672, 0.421323, 0.030713, 0.999105, -0.0259077
5.42289, 5.84804, 0.422739, -0.0252173, -0.998995, 0.0334168
5.42119, 5.84428, 0.423865, -0.0259609, -0.998992, 0.0334517
5.42229, 5.84346, 0.421246, 0.0259839, 0.999074, -0.0297538
5.42162, 5.84357, 0.421629, 0.0318969, 0.998962, -0.0267711
5.42112, 5.85156, 0.424322, 0.023562, 0.998953, -0.0337392
5.42247, 5.84589, 0.423774, -0.0274246, -0.998973, 0.0290475
5.42141, 5.85185, 0.424359, -0.0264738, -0.999034, 0.0184554
5.42141, 5.84354, 0.424502, -0.0246923, -0.998971, 0.0333233
5.42253, 5.84725, 0.424003, 0.028433, 0.999226, -0.0237845
5.42123, 5.84604, 0.420555, 0.028854, 0.998976, -0.0191481
5.4216, 5.83528, 0.42113, 0.021871, 0.99936, -0.0223354
5.4222, 5.84562, 0.421402, -0.0243378, -0.99936, 0.024349
5.4208, 5.84064, 0.419332, -0.0278012, -0.999353, 0.0186432
5.42269, 5.85107, 0.424942, -0.0300138, -0.998896, 0.0283187
5.42297, 5.84666, 0.422279, 0.0247644, 0.999047, -0.0294848
5.42232, 5.83713, 0.422461, -0.0243866, -0.999279, 0.0187035
5.42328, 5.84948, 0.423521, -0.0270693, -0.998982, 0.0294219
5.42228, 5.83889, 0.42334, -0.0242964, -0.999171, 0.024619
5.42251, 5.85037, 0.422851, 0.0305237, 0.998978, -0.0273193
5.42114, 5.84286, 0.423802, 0.0252232, 0.999099, -0.0251366
5.42232, 5.84723, 0.420583, 0.027028, 0.998769, -0.0330402
5.42305, 5.85014, 0.423215, 0.0264953, 0.998857, -0.0322884
5.42267, 5.85117, 0.422008, 0.0237212, 0.998797, -0.0346959
5.42206, 5.84404, 0.42164, -0.0233004, -0.999174, 0.0274701
5.42174, 5.83972, 0.421365, -0.0274865, -0.999306, 0.0206371
5.42111, 5.8419, 0.426399, 0.02955, 0.998864, -0.0294572
5.42125, 5.8531, 0.429116, -0.0271618, -0.999295, 0.0233847
5.42233, 5.85087, 0.425054, 0.0283778, 0.998884, -0.0317632
5.42025, 5.83811, 0.429462, -0.0264639, -0.999331, 0.0212553
5.42309, 5.84526, 0.422802, 0.0235699, 0.999273, -0.022691
5.42091, 5.83645, 0.422954, 0.0233633, 0.999381, -0.0149742
5.42272, 5.84497, 0.421315, -0.0294279, -0.999071, 0.0262716
5.42295, 5.84668, 0.423328, -0.0295023, -0.998775, 0.0359128
5.42227, 5.84939, 0.422958, -0.0316799, -0.998919, 0.022794
5.42119, 5.83498, 0.42149, 0.0349376, 0.998755, -0.00863704
5.42208, 5.84883, 0.425982, -0.0337643, -0.998459, 0.0400531
5.42186, 5.85021, 0.424564, 0.028872, 0.99874, -0.0255749
5.42105, 5.84121, 0.424591, 0.0254081, 0.999203, -0.0235212
5.42196, 5.83889, 0.421584, -0.0272902, -0.999219, 0.00924126
5.42349, 5.84853, 0.421764, 0.0260521, 0.998652, -0.0313479
5.41952, 5.84617, 0.42177, 0.0282741, 0.999347, -0.0162019
5.41998, 5.84489, 0.421476, -0.0270671, -0.999132, 0.0233776
5.42168, 5.84132, 0.424631, 0.0336475, 0.998641, -0.0324129
5.42144, 5.84717, 0.421643, 0.0271557, 0.999073, -0.0302991
5.42162, 5.84055, 0.426084, 0.0275304, 0.998879, -0.0333671
5.42125, 5.84557, 0.423621, 0.0283208, 0.99925, -0.0203646
5.42164, 5.85257, 0.421996, 0.0297368, 0.99887, -0.029646
5.42037, 5.84311, 0.421963, -0.0271593, -0.998905, 0.0267808
5.42206, 5.84937, 0.421943, 0.033939, 0.998783, -0.0307403
5.4225, 5.85099, 0.421789, -0.0287014, -0.998855, 0.0318766
5.42223, 5.84467, 0.42221, -0.0271183, -0.999256, 0.023728
5.42195, 5.84378, 0.422583, -0.0302795, -0.999123, 0.0236646
5.42079, 5.84777, 0.422729, 0.0274543, 0.999279, -0.0146308
5.42295, 5.85309, 0.425867, -0.0287687, -0.99881, 0.0320694
5.42232, 5.84499, 0.422888, -0.0232948, -0.999053, 0.0314135
5.42282, 5.84713, 0.421324, -0.0260606, -0.999041, 0.0290565
5.4218, 5.84337, 0.424862, 0.0327807, 0.999183, -0.0198666
5.42212, 5.83751, 0.427282, 0.025749, 0.999365, -0.0193419
5.42249, 5.84967, 0.423571, -0.0249691, -0.999097, 0.0285756
5.42084, 5.83813, 0.426284, -0.0284784, -0.998961, 0.0295018
5.42271, 5.84689, 0.422064, -0.0246884, -0.999197, 0.0293175
5.42149, 5.83923, 0.424503, -0.0250534, -0.99876, 0.03629
5.42152, 5.84333, 0.420902, 0.0308324, 0.999101, -0.0236776
5.42424, 5.84684, 0.421348, -0.0330043, -0.998718, 0.030966
5.42221, 5.84247, 0.422224, -0.0276718, -0.999325, 0.0207306
5.41996, 5.8535, 0.424148, -0.0323716, -0.998559, 0.026565
5.4215, 5.85552, 0.4196, -0.0259815, -0.999176, 0.0248464
5.42163, 5.84259, 0.424027, 0.0243427, 0.999082, -0.0300809
5.42379, 5.86498, 0.423732, -0.0303516, -0.99877, 0.032898
5.42276, 5.85034, 0.422123, 0.0232083, 0.998682, -0.0405975
5.42396, 5.84252, 0.422737, 0.023918, 0.999049, -0.030633
5.42047, 5.85078, 0.421013, -0.0340876, -0.998963, 0.0240829
5.42153, 5.8412, 0.425325, 0.0256335, 0.9993, -0.0243155
5.42238, 5.84728, 0.422623, 0.0259891, 0.999121, -0.0297478
5.42245, 5.84557, 0.423729, 0.0231022, 0.998965, -0.0345415
5.42173, 5.84774, 0.424629, -0.0274109, -0.999267, 0.0237961
5.42133, 5.84808, 0.422106, -0.0304118, -0.998749, 0.0302345
5.42239, 5.84347, 0.422302, 0.0320964, 0.999077, -0.0248815
5.422, 5.85196, 0.422922, 0.0299135, 0.999032, -0.0265224
5.4208, 5.84629, 0.420326, 0.0248886, 0.999438, -0.0176497
5.42244, 5.8492, 0.422214, 0.0270613, 0.998892, -0.0307954
5.42157, 5.84916, 0.427114, 0.0276483, 0.999208, -0.0264544
5.42171, 5.83912, 0.423324, -0.0278731, -0.999044, 0.0315225
5.42352, 5.85107, 0.420993, 0.0274681, 0.998793, -0.0310147
5.42216, 5.84673, 0.422783, 0.0262573, 0.999272, -0.0243649
5.42191, 5.85567, 0.425459, 0.0276137, 0.998827, -0.0341444
5.42197, 5.84445, 0.424814, 0.0317186, 0.999069, -0.0247066
5.42209, 5.84984, 0.424765, 0.0241867, 0.998851, -0.0379874
5.42267, 5.84286, 0.423074, -0.025004, -0.999192, 0.0267735
5.42078, 5.83902, 0.420148, 0.0245853, 0.999513, -0.0148089
5.42306, 5.84387, 0.419372, -0.0239075, -0.999413, 0.0218336
5.42221, 5.85039, 0.425012, 0.0349432, 0.998505, -0.0343801
5.42251, 5.84559, 0.420755, -0.0282324, -0.999101, 0.0261357
5.42169, 5.84529, 0.42564, 0.0230974, 0.99907, -0.0259534
5.42015, 5.84313, 0.425369, 0.0259819, 0.999336, -0.0171205
5.42185, 5.85881, 0.423261, 0.0156741, 0.998775, -0.0400999
5.42219, 5.8359, 0.420816, 0.0226272, 0.999496, -0.0122172
5.42163, 5.84683, 0.423569, -0.0261241, -0.999135, 0.0271204
5.42183, 5.8461, 0.423077, 0.026256, 0.99932, -0.0213307
5.42406, 5.85317, 0.418575, -0.0260203, -0.999335, 0.0210558
5.42165, 5.85113, 0.422457, 0.030199, 0.99893, -0.0279137
5.41984, 5.8442, 0.421513, -0.0253008, -0.999373, 0.0214249
5.42205, 5.85068, 0.421558, 0.0237006, 0.999248, -0.0250378
5.42002, 5.84742, 0.421141, 0.0298271, 0.998825, -0.0322216
5.42238, 5.83938, 0.423901, 0.0237916, 0.999104, -0.0316968
5.42175, 5.84531, 0.424134, -0.026533, -0.998759, 0.0331495
5.42226, 5.83921, 0.425322, -0.0219736, -0.999328, 0.0214896
5.42239, 5.85558, 0.422399, -0.0285477, -0.998705, 0.0305694
5.42158, 5.84304, 0.42241, 0.0264399, 0.99881, -0.0337223
5.42248, 5.83867, 0.421807, 0.0255879, 0.999425, -0.0180007
5.42057, 5.84578, 0.424143, -0.0295927, -0.999198, 0.0163761
5.42194, 5.8533, 0.425458, -0.0292027, -0.998452, 0.0410219
5.42129, 5.84988, 0.423933, -0.0228573, -0.999083, 0.0275645
5.42222, 5.84197, 0.423463, -0.025978, -0.999201, 0.0254922
5.42244, 5.83781, 0.423669, 0.0186772, 0.998789, -0.0388802
5.42364, 5.85283, 0.418124, -0.0291256, -0.999004, 0.0271618
5.42368, 5.84713, 0.421053, 0.0227935, 0.999092, -0.0225008
5.42072, 5.85137, 0.428821, -0.0285463, -0.99856, 0.0414014
5.42186, 5.84264, 0.424554, -0.0260984, -0.999172, 0.0254605
5.42203, 5.85962, 0.425569, 0.0258661, 0.998287, -0.0446615
5.42203, 5.84201, 0.424702, -0.0283649, -0.999261, 0.0185231
5.41931, 5.85406, 0.42987, -0.0312226, -0.998623, 0.034897
5.42154, 5.83989, 0.424296, 0.0297633, 0.99903, -0.0259554
5.42202, 5.85856, 0.426642, -0.0339868, -0.998716, 0.030888
5.42317, 5.84423, 0.423287, 0.0274173, 0.999023, -0.0312136
5.42219, 5.84796, 0.42031, 0.0241608, 0.999148, -0.026544
5.4208, 5.84164, 0.424299, -0.0238289, -0.999241, 0.0247262
5.42213, 5.84399, 0.422582, 0.0229424, 0.99915, -0.0295516
5.42112, 5.84761, 0.421627, 0.0247001, 0.998573, -0.035467
5.42168, 5.84241, 0.422974, 0.0277569, 0.999213, -0.015118
5.42201, 5.83928, 0.424149, 0.0216813, 0.999055, -0.0338034
5.42204, 5.84294, 0.420289, -0.0223911, -0.998819, 0.0211886
5.42145, 5.84314, 0.426824, -0.0262158, -0.998689, 0.0301339
5.42311, 5.85326, 0.42057, 0.0252721, 0.998594, -0.032718
5.42088, 5.83909, 0.424721, -0.0250109, -0.999165, 0.0276037
5.42086, 5.84454, 0.423974, -0.0289474, -0.999222, 0.0215553
5.4217, 5.84762, 0.423112, -0.0272076, -0.998792, 0.036349
5.42208, 5.84685, 0.424174, -0.0248312, -0.999314, 0.0232312
5.42178, 5.84609, 0.424956, -0.0323031, -0.998986, 0.0149245
5.42384, 5.84227, 0.425179, -0.0317554, -0.998787, 0.0288166
5.42283, 5.84171, 0.422788, 0.0259102, 0.999201, -0.0286557
5.42256, 5.84761, 0.422333, -0.0311019, -0.998905, 0.0280997
5.42286, 5.84649, 0.423358, 0.0248708, 0.998918, -0.0297957
5.42216, 5.84627, 0.426795, -0.0271575, -0.999062, 0.0271587
5.42206, 5.85363, 0.423352, 0.0294088, 0.998598, -0.0374914
5.42115, 5.84767, 0.423773, -0.0274057, -0.99908, 0.0269435
5.42333, 5.84303, 0.423767, 0.0276664, 0.999215, -0.0254608
5.42097, 5.84288, 0.421453, -0.0264324, -0.999439, 0.0150727
5.42283, 5.84724, 0.421871, 0.0258866, 0.998758, -0.0313272
5.42103, 5.84546, 0.423573, -0.0280679, -0.999049, 0.0280301
5.42099, 5.84611, 0.42487, -0.0241356, -0.999231, 0.0226841
5.42248, 5.84745, 0.420736, 0.0268394, 0.998805, -0.0342665
5.42257, 5.84522, 0.423105, -0.0274994, -0.998793, 0.0320849
5.42306, 5.84455, 0.421376, 0.0232376, 0.99907, -0.02538
5.42163, 5.85876, 0.419881, -0.0277057, -0.999018, 0.0268155
5.42301, 5.8584, 0.422701, 0.0255249, 0.998621, -0.0361279
5.41946, 5.84665, 0.423949, 0.0291145, 0.998973, -0.0264053
5.42171, 5.84746, 0.426969, 0.0266779, 0.998762, -0.0371726
5.42217, 5.8532, 0.426845, -0.02539, -0.998787, 0.0359661
5.4213, 5.84322, 0.422879, 0.0280723, 0.999238, -0.0145669
5.42337, 5.84621, 0.423814, 0.0262372, 0.999386, -0.0192399
5.42281, 5.84247, 0.421653, 0.0235464, 0.998751, -0.0392925
5.42211, 5.84215, 0.421467, 0.0251622, 0.999436, -0.0114236
5.42218, 5.8459, 0.425708, 0.0277234, 0.999249, -0.0224329
5.42217, 5.8554, 0.424973, -0.0263673, -0.998488, 0.0405867
5.4226, 5.84634, 0.423621, 0.0243747, 0.999174, -0.027933
5.42172, 5.84318, 0.426508, -0.0276846, -0.998992, 0.0298054
5.42225, 5.85073, 0.420974, -0.025218, -0.999048, 0.0247557
5.4218, 5.84524, 0.423308, -0.0277448, -0.999253, 0.0208705
5.42188, 5.85034, 0.42633, 0.0326142, 0.998179, -0.0425203
5.42134, 5.84165, 0.425939, -0.0271641, -0.99919, 0.0255884
5.42267, 5.85081, 0.422233, -0.0225142, -0.999054, 0.0305301
5.42276, 5.85906, 0.423398, -0.0302155, -0.998998, 0.0259918
5.42124, 5.84575, 0.4252, 0.0282962, 0.999244, -0.02461
5.42282, 5.84373, 0.426429, -0.025043, -0.999105, 0.0276567
5.42399, 5.84595, 0.422309, -0.0290395, -0.998798, 0.0277629
5.42299, 5.85065, 0.420834, 0.0253234, 0.99926, -0.0234837
5.42157, 5.8458, 0.425606, -0.0203412, -0.999491, 0.0203808
5.42131, 5.83855, 0.424294, 0.0261092, 0.999227, -0.0211348
5.4211, 5.84274, 0.425145, -0.0249206, -0.998549, 0.044559
5.42188, 5.85227, 0.421315, 0.0242484, 0.999219, -0.0272331
5.42149, 5.84666, 0.422296, 0.024005, 0.999461, -0.0181727
5.42163, 5.84275, 0.422207, 0.0243117, 0.99917, -0.0293363
5.42137, 5.85075, 0.423739, 0.0344191, 0.998454, -0.0406505
5.42204, 5.84714, 0.420032, -0.0284809, -0.999277, 0.0163672
5.42299, 5.84447, 0.422163, 0.0198661, 0.99912, -0.0280811
5.42062, 5.85323, 0.424249, 0.0337705, 0.998825, -0.0295696
5.42144, 5.83999, 0.422335, -0.027868, -0.999265, 0.022823
5.42297, 5.85036, 0.420655, -0.0263718, -0.999115, 0.0194412
5.42191, 5.83914, 0.423621, 0.0254691, 0.999393, -0.0198043
5.42039, 5.84329, 0.427114, 0.0277875, 0.999232, -0.0251791
5.42254, 5.84256, 0.422747, 0.027144, 0.998721, -0.0304269
5.42309, 5.85473, 0.420395, 0.025864, 0.998662, -0.0360552
5.42147, 5.849, 0.424244, 0.0300065, 0.998458, -0.0347298
5.42123, 5.8436, 0.425274, -0.0263434, -0.999148, 0.0272376
5.42239, 5.84611, 0.425502, -0.0265838, -0.998904, 0.0360146
5.42311, 5.84434, 0.422635, -0.0243115, -0.999204, 0.0280253
5.42337, 5.84773, 0.423771, 0.0163862, 0.998835, -0.0276399
5.42148, 5.84637, 0.422501, 0.0257821, 0.999464, -0.0180075
5.42262, 5.85334, 0.422912, 0.0297598, 0.998326, -0.0425791
5.42217, 5.84704, 0.422166, -0.0259446, -0.998656, 0.0362298
5.42097, 5.85553, 0.421422, 0.0286067, 0.999009, -0.0224601
5.42268, 5.84268, 0.419455, -0.0290323, -0.998882, 0.0288203
5.42173, 5.83961, 0.42217, 0.0294099, 0.999269, -0.021833
5.42177, 5.8446, 0.421413, 0.028824, 0.999182, -0.0216316
5.42248, 5.84163, 0.424328, 0.025868, 0.999069, -0.0307339
5.42157, 5.84205, 0.417497, -0.0199857, -0.999362, 0.0203064
5.42156, 5.84558, 0.427237, -0.0266166, -0.999136, 0.0278086
5.42093, 5.84387, 0.422378, 0.0261007, 0.998933, -0.0306599
5.42333, 5.85082, 0.42273, 0.0300083, 0.998593, -0.0314939
5.42263, 5.84203, 0.420113, -0.0256979, -0.999141, 0.023613
5.42161, 5.83968, 0.424125, 0.0292463, 0.998375, -0.0416246
5.42166, 5.84694, 0.422906, -0.0273, -0.998671, 0.0362674
5.42207, 5.84195, 0.42222, -0.0241457, -0.998882, 0.0330306
5.42346, 5.85024, 0.419164, 0.0205512, 0.998896, -0.0303608
5.42009, 5.84327, 0.425068, 0.0226058, 0.998969, -0.0292784
5.42362, 5.84402, 0.424919, 0.0238911, 0.999051, -0.0306693
5.42108, 5.83908, 0.425043, 0.028208, 0.999162, -0.0254693
5.42231, 5.84593, 0.424878, 0.0255451, 0.999138, -0.0259189
5.42366, 5.84701, 0.422532, -0.0216753, -0.998444, 0.0422916
5.42186, 5.84257, 0.426043, 0.0260589, 0.999165, -0.0270838
5.42259, 5.84598, 0.422561, 0.0248771, 0.998968, -0.0312797
5.42074, 5.84603, 0.426587, -0.0343522, -0.998955, 0.0264868
5.41989, 5.84402, 0.42382, -0.0250696, -0.999298, 0.025631
5.42201, 5.84041, 0.420512, -0.0263784, -0.999003, 0.0316866
5.42108, 5.84343, 0.425976, -0.0249464, -0.999207, 0.0241199
5.42102, 5.85665, 0.426849, 0.0307473, 0.998686, -0.0371746
5.4228, 5.83889, 0.423797, 0.0237154, 0.998737, -0.03134
5.42354, 5.84843, 0.419824, -0.025846, -0.999261, 0.0221541
5.42223, 5.84248, 0.422014, 0.0288281, 0.999063, -0.026131
5.42041, 5.85108, 0.429462, -0.0271226, -0.999403, 0.0185467
5.42327, 5.84233, 0.418229, 0.0298295, 0.998787, -0.0334484
5.4221, 5.85394, 0.421009, 0.0273817, 0.998857, -0.0348085
5.42236, 5.85258, 0.425992, 0.034638, 0.998421, -0.0392494
5.42381, 5.85166, 0.422185, -0.0257171, -0.998858, 0.031912
5.42249, 5.84253, 0.426431, -0.0267086, -0.998963, 0.0272561
5.4231, 5.84519, 0.421508, 0.0304674, 0.998777, -0.0324439
5.42147, 5.84173, 0.42546, 0.0270566, 0.998781, -0.0313301
5.42174, 5.84073, 0.425971, -0.02326, -0.999156, 0.0218832
5.42243, 5.84335, 0.423676, 0.0272382, 0.999272, -0.0203905
5.42183, 5.84525, 0.421728, -0.0245691, -0.999454, 0.0193349
5.42299, 5.83935, 0.419091, -0.0317559, -0.998771, 0.0318127
5.42191, 5.84303, 0.41825, -0.0256381, -0.999445, 0.0163502
5.42169, 5.84925, 0.425529, -0.0298705, -0.998656, 0.0349188
5.42267, 5.84838, 0.419866, 0.0252288, 0.999103, -0.0271889
5.4227, 5.85441, 0.422307, -0.0208262, -0.999065, 0.0321551
5.42187, 5.84987, 0.424848, -0.0330638, -0.99853, 0.0345416
5.42239, 5.84826, 0.423334, -0.0294366, -0.998985, 0.0309883
5.42342, 5.85758, 0.422051, -0.0210219, -0.99896, 0.0357521
5.42131, 5.84377, 0.422481, 0.0262225, 0.999211, -0.0273968
5.42055, 5.8391, 0.422029, 0.0287353, 0.999355, -0.0162877
5.42186, 5.8441, 0.420285, -0.0307174, -0.999043, 0.0169367
5.42217, 5.85005, 0.420716, 0.0273547, 0.999223, -0.0238172
5.42265, 5.86129, 0.425306, 0.0359245, 0.998135, -0.0438002
5.42185, 5.84224, 0.424826, -0.0268845, -0.999106, 0.0264877
5.42216, 5.85024, 0.423106, -0.0241772, -0.998794, 0.0308644
5.42194, 5.84434, 0.421365, 0.0237858, 0.999281, -0.0258808
5.4227, 5.83795, 0.421231, -0.0279472, -0.999217, 0.0240438
5.42068, 5.85083, 0.421582, 0.0213295, 0.999479, -0.0217475
5.42198, 5.84135, 0.420229, 0.0298455, 0.998602, -0.0316091
5.4216, 5.8462, 0.425382, 0.0275055, 0.998948, -0.0326897
5.42166, 5.84901, 0.421531, 0.0257358, 0.998712, -0.0308542
5.42189, 5.84177, 0.421456, 0.0285181, 0.999146, -0.0221629
5.4215, 5.86136, 0.424391, 0.0350042, 0.998588, -0.035672
5.42366, 5.84246, 0.424972, 0.0290175, 0.99857, -0.0305122
5.42054, 5.85099, 0.426287, 0.0273598, 0.999102, -0.0246777
5.42053, 5.8462, 0.426818, -0.0345032, -0.998107, 0.0441939
5.4206, 5.84188, 0.422619, -0.0288959, -0.999072, 0.0254853
5.42211, 5.84951, 0.420817, 0.0296188, 0.998363, -0.0412774
5.42138, 5.84266, 0.418062, 0.0236871, 0.999262, -0.0219156
5.42198, 5.83903, 0.423366, -0.0283315, -0.999173, 0.0263788
5.42044, 5.8404, 0.422847, -0.0263401, -0.999169, 0.0252301
5.42167, 5.84716, 0.421769, -0.0272531, -0.998877, 0.0345974
5.42236, 5.85193, 0.423038, -0.0242528, -0.999116, 0.028038
5.42132, 5.84599, 0.419805, -0.027299, -0.999315, 0.0152848
5.42259, 5.83864, 0.417041, -0.0220138, -0.998963, 0.0325347
5.42172, 5.85388, 0.421137, 0.0284405, 0.998612, -0.0340736
5.4227, 5.8445, 0.423196, 0.029241, 0.999281, -0.0195834
5.42182, 5.84354, 0.424571, -0.025586, -0.999038, 0.0258863
5.4214, 5.84426, 0.423318, 0.0304827, 0.998945, -0.0274628
5.42272, 5.8402, 0.419717, 0.0308702, 0.998599, -0.033468
5.42223, 5.853, 0.421711, 0.0273436, 0.998655, -0.0361185
5.42032, 5.84744, 0.424631, -0.031667, -0.998443, 0.0336385
5.42242, 5.84204, 0.421071, 0.0214747, 0.999306, -0.023184
5.42185, 5.84617, 0.419577, -0.0271549, -0.998826, 0.0321197
5.42138, 5.84429, 0.421278, 0.0240034, 0.999339, -0.0251091
5.42059, 5.85336, 0.424265, 0.0298244, 0.998663, -0.0356262
5.424, 5.8436, 0.419961, 0.0235066, 0.998848, -0.0327949
5.4224, 5.85744, 0.421164, 0.0234522, 0.999026, -0.0305167
5.42358, 5.84793, 0.417729, 0.0234977, 0.998793, -0.0246429
5.42168, 5.8511, 0.418866, -0.0229945, -0.999512, 0.0177915
5.42279, 5.85241, 0.419119, 0.0274468, 0.999066, -0.022094
5.42332, 5.84696, 0.422111, 0.0188114, 0.999086, -0.0335697
5.42269, 5.84313, 0.421712, 0.0251122, 0.999303, -0.0177319
5.41979, 5.84183, 0.421569, 0.0265882, 0.999341, -0.0194084
5.42122, 5.84721, 0.423895, 0.0248991, 0.999325, -0.0234804
5.42229, 5.84671, 0.420929, -0.0200729, -0.9988, 0.0348467
5.42235, 5.84984, 0.421695, 0.0209583, 0.999368, -0.00729199
5.42142, 5.84144, 0.423364, -0.0219685, -0.999179, 0.0269366
5.42169, 5.85021, 0.42005, -0.0289804, -0.999227, 0.0144261
5.42136, 5.85168, 0.423254, 0.0324853, 0.998624, -0.0319936
5.41983, 5.85841, 0.423275, -0.0245469, -0.9993, 0.022592
5.42274, 5.84249, 0.421089, 0.0219024, 0.99927, -0.029411
5.42308, 5.8433, 0.421922, -0.0359184, -0.998513, 0.0293766
5.42092, 5.8381, 0.424034, -0.0222948, -0.999279, 0.0251172
5.42199, 5.84612, 0.421451, 0.027201, 0.999217, -0.0234126
5.42071, 5.84651, 0.422638, 0.0274406, 0.999269, -0.0230439
5.42104, 5.84272, 0.425173, 0.0252346, 0.998891, -0.0349075
5.42231, 5.85214, 0.421469, -0.0258185, -0.999036, 0.0287314
5.42337, 5.84569, 0.423356, -0.0247017, -0.998811, 0.0355913
5.42295, 5.85141, 0.421504, 0.0228978, 0.998966, -0.025305
5.42227, 5.84364, 0.41871, 0.0273727, 0.999104, -0.0268259
5.42228, 5.85074, 0.423325, -0.021574, -0.999249, 0.0297983
5.42419, 5.84318, 0.420541, -0.0251654, -0.999061, 0.0290439
5.42173, 5.84416, 0.418897, 0.0260139, 0.999498, -0.0142195
5.42339, 5.8472, 0.423715, -0.0278405, -0.998708, 0.0356658
5.42178, 5.84397, 0.42056, 0.0252413, 0.999424, -0.0202102
5.42252, 5.84347, 0.425138, -0.0266977, -0.999197, 0.0251816
5.42233, 5.84057, 0.41847, -0.0256792, -0.998939, 0.0227573
5.42092, 5.85171, 0.420762, 0.0234048, 0.999142, -0.0275949
5.42327, 5.8441, 0.421695, 0.027747, 0.998977, -0.0306342
5.42314, 5.86225, 0.42355, 0.0260548, 0.99863, -0.0362477
5.42298, 5.8409, 0.423786, -0.0268654, -0.999184, 0.0214783
5.42338, 5.84326, 0.419839, -0.0268297, -0.999102, 0.0146926
5.422, 5.84993, 0.421221, -0.0249828, -0.999159, 0.0252021
5.4219, 5.84002, 0.424091, 0.0290557, 0.999186, -0.024591
5.42276, 5.84245, 0.424977, -0.0292839, -0.998995, 0.0288481
5.42274, 5.8388, 0.422884, -0.0244467, -0.999039, 0.0322349
5.42146, 5.8434, 0.424013, -0.0277984, -0.999259, 0.0227342
5.42347, 5.84366, 0.421441, -0.0242841, -0.999025, 0.0281659
5.42157, 5.85049, 0.427988, 0.0273059, 0.998656, -0.0390708
5.42076, 5.8484, 0.427763, 0.0258699, 0.999109, -0.0260792
5.42226, 5.84294, 0.423131, -0.0230524, -0.99925, 0.0258481
5.42026, 5.84042, 0.422696, 0.0243602, 0.999246, -0.0218405
5.42024, 5.83997, 0.425418, 0.0256137, 0.99868, -0.0389671
5.42136, 5.84777, 0.426476, -0.0312683, -0.998636, 0.0386671
5.42173, 5.84392, 0.423243, 0.027623, 0.998913, -0.0332366
5.42008, 5.83934, 0.427547, 0.0231896, 0.9994, -0.0242863
5.42307, 5.85328, 0.423712, 0.0260108, 0.998721, -0.034238
5.42202, 5.84688, 0.423568, -0.027333, -0.998877, 0.029429
5.42161, 5.84959, 0.422769, -0.0267268, -0.998697, 0.033521
5.42137, 5.84854, 0.423138, 0.0275716, 0.998818, -0.0330526
5.42232, 5.84103, 0.422147, 0.0258567, 0.999108, -0.0289108
5.42211, 5.85723, 0.424167, 0.0320502, 0.998653, -0.0325105
5.42061, 5.85, 0.42359, -0.0318166, -0.99873, 0.0308721
5.4224, 5.84726, 0.420723, 0.0290578, 0.999075, -0.0247106
5.42274, 5.85211, 0.418364, -0.0322709, -0.998856, 0.0312185
5.42321, 5.84419, 0.420983, -0.0238491, -0.998497, 0.031209
5.42242, 5.84605, 0.42431, -0.0321406, -0.998431, 0.0346677
5.42241, 5.83944, 0.419383, 0.0149568, 0.99914, -0.0267762
5.4237, 5.84679, 0.422936, -0.0313768, -0.999053, 0.0248981
5.42225, 5.84384, 0.426339, 0.0266092, 0.999151, -0.0264301
5.42038, 5.84639, 0.423986, 0.0228698, 0.999201, -0.0308475
5.42088, 5.84687, 0.424714, -0.0252555, -0.999148, 0.0301087
5.42274, 5.85226, 0.419169, -0.022141, -0.998656, 0.034972
5.42262, 5.84474, 0.419136, 0.0313053, 0.99909, -0.0233383
5.42289, 5.8399, 0.42115, -0.0289714, -0.998879, 0.0245216
5.42175, 5.8437, 0.424884, 0.0313193, 0.999076, -0.0259341
5.4218, 5.84029, 0.421431, -0.0280221, -0.999231, 0.0199692
5.4234, 5.8519, 0.423189, 0.0331727, 0.998611, -0.0306476
5.42233, 5.84042, 0.423944, -0.0244363, -0.999162, 0.0278861
5.41973, 5.83517, 0.426295, 0.0259395, 0.999292, -0.0239661
5.42253, 5.85375, 0.423577, -0.0252664, -0.998826, 0.0344161
5.42291, 5.84721, 0.420182, -0.0242917, -0.999416, 0.0183655
5.42272, 5.84641, 0.424368, -0.028898, -0.999392, 0.0173774
5.42175, 5.84253, 0.422485, -0.022889, -0.99937, 0.0247345
5.41953, 5.84491, 0.425048, -0.0284496, -0.999252, 0.0238647
5.42234, 5.8468, 0.423427, -0.0259166, -0.998819, 0.0356988
5.42147, 5.84689, 0.425692, -0.0312308, -0.998756, 0.035944
5.42225, 5.85909, 0.422378, -0.0303287, -0.998597, 0.0376223
5.42343, 5.84007, 0.41945, 0.0244454, 0.998946, -0.0323216
5.42312, 5.84425, 0.421525, -0.0236411, -0.999385, 0.0202123
5.42216, 5.84286, 0.423146, 0.028143, 0.999138, -0.0267328
5.42364, 5.84458, 0.420688, 0.0192794, 0.998748, -0.0335927
5.42105, 5.84249, 0.422405, -0.0284533, -0.999092, 0.025565
5.42269, 5.84933, 0.423403, 0.0247409, 0.999101, -0.0288
5.42014, 5.84636, 0.424061, 0.0254447, 0.999035, -0.0306197
5.42258, 5.85065, 0.422097, 0.0300558, 0.998683, -0.0337364
5.42027, 5.85804, 0.425088, -0.0218492, -0.998253, 0.0482418
5.42156, 5.84669, 0.422802, 0.0213427, 0.999362, -0.0255009
5.42019, 5.85097, 0.424828, 0.0267701, 0.999065, -0.02868
5.4222, 5.85503, 0.424405, 0.0280339, 0.998929, -0.031185
5.42224, 5.84049, 0.420649, -0.0251757, -0.999348, 0.0231513
5.4227, 5.84367, 0.422218, 0.0255637, 0.998968, -0.0344775
5.42197, 5.84361, 0.424965, 0.0273051, 0.999248, -0.0170471
5.4224, 5.83875, 0.423387, 0.0262559, 0.999263, -0.0224821
5.42279, 5.84424, 0.419825, 0.0225172, 0.999226, -0.0207915
5.42296, 5.86499, 0.422971, -0.0195707, -0.99869, 0.0416339
5.42364, 5.83956, 0.420349, 0.0187791, 0.999377, -0.0181905
5.42221, 5.84322, 0.422054, 0.0304357, 0.998705, -0.0326187
5.42209, 5.84776, 0.423275, 0.0238779, 0.99891, -0.0322472
5.42092, 5.84806, 0.422508, -0.0262698, -0.999342, 0.0228676
5.42224, 5.84423, 0.420714, 0.0231783, 0.999329, -0.0207346
5.42161, 5.83634, 0.421493, 0.0284862, 0.999059, -0.0129805
5.42055, 5.84654, 0.422282, 0.027485, 0.998534, -0.0409999
5.42241, 5.84116, 0.422455, 0.0277177, 0.999288, -0.0186176
5.42177, 5.84235, 0.420267, 0.0295762, 0.998956, -0.0295465
5.42183, 5.85808, 0.425148, -0.0225212, -0.998802, 0.03731
5.42131, 5.84243, 0.428717, 0.0236584, 0.99937, -0.0222845
5.42267, 5.8435, 0.421479, 0.0238764, 0.999314, -0.0236223
5.42275, 5.84535, 0.422616, 0.0254914, 0.998694, -0.0354371
5.4218, 5.85295, 0.424361, 0.0283085, 0.998898, -0.0344754
5.42332, 5.84414, 0.42028, 0.0266585, 0.998725, -0.037761
5.42047, 5.84086, 0.41984, 0.0293974, 0.999026, -0.0248145
5.42211, 5.84115, 0.419608, 0.0227327, 0.999149, -0.0226088
5.42266, 5.84966, 0.422772, -0.0346178, -0.998754, 0.0299664
5.42138, 5.85432, 0.426284, -0.0255496, -0.999156, 0.0252756
5.42091, 5.84987, 0.423348, 0.023415, 0.998933, -0.032521
5.42331, 5.85429, 0.422934, 0.0273306, 0.998867, -0.0341533
5.42271, 5.83844, 0.41925, 0.0222626, 0.99953, -0.014306
5.42195, 5.83652, 0.424345, -0.0235836, -0.999376, 0.0200836
5.42098, 5.84277, 0.422111, 0.0291558, 0.998862, -0.030834
5.42182, 5.8392, 0.423629, -0.0264112, -0.999123, 0.0304558
5.42108, 5.8428, 0.424231, 0.0298546, 0.999096, -0.0243559
5.42115, 5.84594, 0.423348, 0.028351, 0.999298, -0.022449
5.42157, 5.83934, 0.421838, 0.0256834, 0.998922, -0.0306174
5.42253, 5.84253, 0.423427, 0.0293734, 0.99876, -0.0339506
5.42338, 5.84464, 0.420687, -0.0236076, -0.999182, 0.025251
5.42269, 5.83822, 0.420643, 0.0228, 0.999512, -0.0184286
5.42143, 5.8436, 0.423312, -0.0244733, -0.999179, 0.0238243
5.42157, 5.84945, 0.425281, -0.0304341, -0.998754, 0.0312273
5.42123, 5.8513, 0.422089, -0.0257861, -0.998662, 0.03785
5.42292, 5.8498, 0.42316, -0.0292944, -0.998562, 0.0347316
5.42123, 5.83991, 0.422304, -0.0236153, -0.999291, 0.0270416
5.42129, 5.84069, 0.425495, -0.0283526, -0.999247, 0.0202675
5.42325, 5.85117, 0.423247, -0.0251967, -0.998845, 0.0310152
5.42289, 5.84069, 0.423577, 0.024501, 0.999298, -0.0258196
5.42287, 5.85154, 0.423956, -0.0318341, -0.998497, 0.0395477
5.42271, 5.8434, 0.425094, 0.0261778, 0.99921, -0.0209857
5.42228, 5.84563, 0.424983, 0.0282482, 0.99903, -0.0260103
5.42181, 5.84638, 0.421564, 0.0291374, 0.99887, -0.0333574
5.42266, 5.85633, 0.422941, 0.0256339, 0.998939, -0.0326389
5.4227, 5.84313, 0.421496, 0.0258064, 0.99926, -0.0238717
5.42231, 5.84709, 0.425353, 0.0302712, 0.998737, -0.0329391
5.42171, 5.83989, 0.423532, 0.0279469, 0.998579, -0.0335835
5.42244, 5.8506, 0.422859, -0.0323706, -0.998652, 0.0338344
5.42192, 5.84633, 0.422667, -0.0297069, -0.999014, 0.0278304
5.42329, 5.84892, 0.426226, -0.0260598, -0.999166, 0.0295563
5.42409, 5.85294, 0.422, -0.0264853, -0.998715, 0.0340003
5.42095, 5.83785, 0.426484, 0.0254751, 0.999297, -0.0240229
5.421, 5.8505, 0.423778, 0.0345997, 0.997744, -0.0467036
5.42183, 5.84797, 0.421033, 0.0233728, 0.999258, -0.0260051
5.42194, 5.84652, 0.426376, -0.0266536, -0.99906, 0.0290775
5.42213, 5.84105, 0.422888, -0.0276111, -0.999125, 0.0271161
5.42319, 5.85043, 0.422289, -0.0236408, -0.999065, 0.0289564
5.42267, 5.85333, 0.422454, 0.0202457, 0.998793, -0.0383556
5.42286, 5.84693, 0.42096, 0.0220266, 0.99899, -0.0315727
5.42217, 5.85385, 0.421239, 0.02218, 0.99935, -0.0245702
5.42092, 5.8489, 0.423357, 0.0268468, 0.99895, -0.0302661
5.42252, 5.84403, 0.422378, -0.024177, -0.999334, 0.0230784
5.42263, 5.84382, 0.422573, 0.0266425, 0.9993, -0.0223829
5.42424, 5.84514, 0.421559, -0.0239646, -0.999062, 0.0300162
5.42223, 5.84678, 0.423793, -0.0246271, -0.999038, 0.0313037
5.42172, 5.84096, 0.418829, -0.0238284, -0.999239, 0.0249284
5.42217, 5.84234, 0.423677, 0.0280399, 0.998985, -0.0319915
5.42186, 5.85137, 0.422048, 0.0283431, 0.998883, -0.0268585
5.42153, 5.84318, 0.425156, -0.0296356, -0.998897, 0.029195
5.42216, 5.83979, 0.422945, 0.0300926, 0.998955, -0.0219119
5.42153, 5.84797, 0.424716, -0.027272, -0.999096, 0.0318295
5.42221, 5.84229, 0.423918, -0.0252436, -0.999164, 0.0196045
5.42114, 5.84367, 0.423416, -0.0277283, -0.999049, 0.0299059
5.42275, 5.84631, 0.421118, 0.0262079, 0.999428, -0.0143686
5.42063, 5.84165, 0.427892, 0.031039, 0.998645, -0.0379756
5.42216, 5.84245, 0.423796, -0.0242127, -0.998748, 0.0369174
5.42072, 5.85024, 0.422142, 0.0251497, 0.999208, -0.0275511
5.42037, 5.84387, 0.425559, 0.0290811, 0.998981, -0.0301542
5.4201, 5.84389, 0.426122, 0.0258464, 0.998955, -0.0339248
5.4219, 5.84455, 0.422066, 0.0266195, 0.99925, -0.0246412
5.4234, 5.85217, 0.423967, -0.0253762, -0.999052, 0.0266931
5.4212, 5.84289, 0.428661, 0.0284722, 0.999121, -0.0260368
5.42123, 5.8391, 0.419136, -0.026719, -0.998851, 0.0296888
5.42217, 5.84412, 0.422092, -0.0247214, -0.999087, 0.0288285
5.42338, 5.84304, 0.421632, 0.0217885, 0.99884, -0.0369964
5.42265, 5.85078, 0.423864, -0.0257503, -0.999414, 0.0196671
5.42322, 5.84644, 0.421426, -0.0244284, -0.999069, 0.0236415
5.42279, 5.84651, 0.420196, 0.0203926, 0.999042, -0.0314823
5.42245, 5.84573, 0.421427, -0.031558, -0.998722, 0.0315383
5.42276, 5.84134, 0.422634, -0.0303641, -0.998683, 0.0340571
5.42283, 5.8442, 0.420492, -0.0199904, -0.999296, 0.0249548
5.42085, 5.84635, 0.419939, 0.020795, 0.999189, -0.024641
5.42108, 5.8382, 0.424525, -0.0313453, -0.998726, 0.0338793
5.42188, 5.84039, 0.422434, -0.0320191, -0.998997, 0.0268395
5.4227, 5.84483, 0.422767, -0.0276066, -0.999097, 0.0272945
5.42353, 5.84809, 0.424329, -0.0276933, -0.998504, 0.0409833
5.422, 5.85882, 0.425378, -0.0286385, -0.998776, 0.0323497
5.42181, 5.84751, 0.420777, 0.0287411, 0.999195, -0.0204165
5.4213, 5.84682, 0.42204, 0.0306326, 0.9989, -0.0267834
5.42047, 5.83007, 0.426288, 0.0246858, 0.999077, -0.0203762
5.42095, 5.85052, 0.425117, 0.0273583, 0.998924, -0.0320582
5.42132, 5.84874, 0.423867, 0.0340525, 0.998527, -0.038294
5.42199, 5.84483, 0.422301, -0.0239072, -0.999296, 0.0176313
