5.28937, 5.30567, 0.798029, -0.013059, 0.028646, 0.999328
5.28962, 5.30433, 0.796586, -0.00911167, 0.0311651, 0.999342
5.28992, 5.30368, 0.801792, -0.0104065, 0.0338403, 0.999158
5.28803, 5.30416, 0.794867, -0.00530006, 0.029325, 0.999402
5.28994, 5.30465, 0.803351, -0.0120558, 0.0295676, 0.999303
5.28832, 5.30514, 0.797868, -0.0070322, 0.0325626, 0.999313
5.28794, 5.30496, 0.802054, 0.00894019, -0.0328375, -0.999268
5.28937, 5.30536, 0.802464, 0.0126323, -0.0345617, -0.999196
5.28869, 5.30497, 0.800582, -0.00877132, 0.0347692, 0.999197
5.28986, 5.30439, 0.801281, -0.0092519, 0.0300853, 0.999354
5.28798, 5.30462, 0.799205, 0.00686485, -0.0302954, -0.999398
5.28991, 5.30599, 0.798844, -0.0112761, 0.0324848, 0.999267
5.28829, 5.30544, 0.801367, -0.00887074, 0.0349584, 0.999245
5.28782, 5.30406, 0.798486, -0.00993313, 0.0298306, 0.999379
5.28929, 5.30439, 0.802573, -0.0108575, 0.0314257, 0.999218
5.28904, 5.3042, 0.804134, 0.0105119, -0.0327376, -0.999249
5.28735, 5.30449, 0.799581, 0.00870279, -0.0334217, -0.999289
5.28887, 5.30547, 0.803699, -0.0136522, 0.037142, 0.99909
5.28883, 5.30563, 0.804385, -0.011635, 0.0322352, 0.999318
5.28793, 5.30505, 0.802724, -0.00952462, 0.0327664, 0.999323
5.28951, 5.30522, 0.80306, 0.0106723, -0.0354185, -0.999166
5.28827, 5.30532, 0.8042, 0.00962065, -0.0331319, -0.999311
5.28857, 5.30515, 0.797649, -0.00754111, 0.0279908, 0.99942
5.29063, 5.30461, 0.800266, -0.0110905, 0.0346355, 0.999251
5.28931, 5.30418, 0.802876, 0.0103941, -0.0338183, -0.999212
5.28962, 5.30438, 0.801614, 0.00952542, -0.0311836, -0.999313
5.28972, 5.30442, 0.80008, -0.0118266, 0.0343741, 0.999118
5.29036, 5.30433, 0.799674, -0.00939397, 0.0324398, 0.999294
5.28971, 5.30639, 0.80322, -0.0121947, 0.032154, 0.999283
5.28993, 5.30423, 0.798268, 0.0106743, -0.0350798, -0.999185
5.28867, 5.30446, 0.797164, -0.00722101, 0.0298681, 0.999373
5.28836, 5.30544, 0.799473, 0.011435, -0.0319543, -0.999303
5.28885, 5.30463, 0.802659, 0.00881666, -0.0295904, -0.999397
5.28896, 5.30557, 0.806521, -0.0139353, 0.0319887, 0.999276
5.28855, 5.30507, 0.799995, 0.00942491, -0.0359925, -0.999198
5.2897, 5.30476, 0.800306, 0.0116762, -0.0295872, -0.999328
5.2899, 5.30504, 0.80094, -0.0103408, 0.0338512, 0.999236
5.28907, 5.30475, 0.801783, 0.00871035, -0.0347082, -0.999232
5.28855, 5.30444, 0.798277, 0.0077294, -0.031702, -0.999379
5.28911, 5.30498, 0.798611, -0.00859024, 0.0304389, 0.999366
5.28982, 5.30428, 0.797958, 0.00801453, -0.0339287, -0.999245
5.28947, 5.3045, 0.799875, 0.00953525, -0.0315517, -0.999317
5.28863, 5.30384, 0.797426, 0.0112177, -0.0341543, -0.999188
5.28891, 5.30486, 0.798955, 0.00619736, -0.0322375, -0.999313
5.2895, 5.30511, 0.797006, 0.00976831, -0.0351698, -0.999215
5.28902, 5.30478, 0.803156, -0.010819, 0.0316252, 0.999309
5.28856, 5.30449, 0.802577, -0.011025, 0.0306878, 0.999371
5.28977, 5.30555, 0.800269, -0.0114191, 0.0334535, 0.999215
5.28885, 5.30467, 0.80645, -0.0117181, 0.0329569, 0.999195
5.28912, 5.30501, 0.802478, 0.00924535, -0.0323097, -0.999313
5.28904, 5.30394, 0.801158, 0.0099542, -0.0327244, -0.999304
5.28951, 5.30424, 0.798934, 0.00921339, -0.0337938, -0.999279
5.28863, 5.3031, 0.796754, -0.00878336, 0.0298114, 0.999375
5.28989, 5.30539, 0.804656, -0.0119055, 0.0349031, 0.999169
5.28756, 5.30516, 0.802611, -0.00587719, 0.0289999, 0.999443
5.29053, 5.30465, 0.797144, -0.0110913, 0.0365699, 0.999133
5.28979, 5.30462, 0.801402, -0.010036, 0.0313877, 0.999235
5.28931, 5.30393, 0.799241, -0.00872761, 0.0318715, 0.999339
5.28826, 5.30563, 0.798428, -0.0104019, 0.0332926, 0.999225
5.28868, 5.30472, 0.804038, 0.0113709, -0.0290423, -0.999287
5.28865, 5.30427, 0.79857, 0.00845641, -0.0301049, -0.999387
5.29, 5.30407, 0.801156, -0.0111442, 0.0354304, 0.999152
5.2887, 5.30535, 0.798928, 0.0121624, -0.0320547, -0.999304
5.28885, 5.30574, 0.800774, -0.0123453, 0.0320635, 0.999237
5.28907, 5.30443, 0.803637, 0.00870356, -0.0334292, -0.999246
5.29002, 5.30536, 0.799364, -0.011219, 0.0353516, 0.999186
5.28917, 5.30504, 0.801284, 0.0115899, -0.0313013, -0.999298
5.28955, 5.30456, 0.805948, -0.009613, 0.0319831, 0.99929
5.28962, 5.30522, 0.8031, 0.0119907, -0.0351411, -0.999226
5.28892, 5.30512, 0.802597, -0.0107124, 0.0339318, 0.99923
5.29082, 5.3046, 0.80171, 0.0137262, -0.0354492, -0.999135
5.28725, 5.30424, 0.80163, -0.00730032, 0.0352549, 0.99919
5.28883, 5.3056, 0.799602, 0.00920628, -0.0325804, -0.999287
5.28937, 5.30514, 0.799936, -0.011291, 0.0352173, 0.999179
5.28861, 5.30412, 0.800872, -0.00806704, 0.0318324, 0.999274
5.29072, 5.30364, 0.803343, 0.0128193, -0.034444, -0.99922
5.28947, 5.30473, 0.798057, -0.00985782, 0.0323525, 0.999298
5.28997, 5.30346, 0.802923, 0.0140436, -0.0377384, -0.999034
5.28916, 5.30557, 0.800008, -0.0115846, 0.0342337, 0.999177
5.28993, 5.30428, 0.804538, 0.0123915, -0.0365775, -0.99911
5.28934, 5.30493, 0.801723, -0.0082171, 0.0330798, 0.999299
5.28943, 5.30462, 0.803242, -0.0101223, 0.0305001, 0.999355
5.2893, 5.30489, 0.796489, -0.0095357, 0.0326229, 0.999302
5.28723, 5.30543, 0.801855, -0.00734526, 0.0319705, 0.99937
5.28982, 5.30539, 0.798782, 0.0106022, -0.0302408, -0.999333
5.28984, 5.30467, 0.799274, 0.00999765, -0.0311923, -0.9993
5.2898, 5.30344, 0.799804, -0.0118106, 0.0324833, 0.999221
5.28963, 5.3048, 0.803549, 0.00967806, -0.0329887, -0.999256
5.28847, 5.30522, 0.805786, -0.0105676, 0.0335779, 0.999286
5.28823, 5.30491, 0.797589, 0.00761339, -0.0334421, -0.999285
5.28823, 5.30452, 0.800892, 0.00914523, -0.0322522, -0.99927
5.29052, 5.30364, 0.802187, -0.0118106, 0.0331571, 0.999215
5.29039, 5.30524, 0.801097, 0.0124522, -0.0336649, -0.999238
5.28925, 5.30459, 0.796737, 0.00991304, -0.0323017, -0.999279
5.28958, 5.30448, 0.794575, 0.00957056, -0.0310611, -0.999328
5.2906, 5.30442, 0.800138, 0.0122195, -0.0341947, -0.999206
5.28874, 5.30505, 0.797422, 0.00836026, -0.030622, -0.999381
5.28781, 5.30539, 0.79781, -0.00698949, 0.0293038, 0.999439
5.28845, 5.30494, 0.800962, -0.0076441, 0.0294394, 0.999415
5.28887, 5.30515, 0.801645, -0.00835345, 0.0339287, 0.999252
