5.41207, 5.28108, 0.420448, -0.0102568, -0.999002, 0.0365092
5.41275, 5.28016, 0.421107, 0.0124557, 0.999212, -0.0331494
5.41286, 5.28233, 0.423052, -0.0107681, -0.999001, 0.0373709
5.41283, 5.28138, 0.421291, -0.0104329, -0.99879, 0.0431915
5.4128, 5.28029, 0.422539, 0.0131331, 0.999074, -0.0363265
5.41193, 5.28499, 0.422095, -0.0171786, -0.998785, 0.0400623
5.41244, 5.28095, 0.422552, 0.0108512, 0.999142, -0.0342739
5.41295, 5.28027, 0.421384, -0.0116135, -0.999001, 0.0389826
5.41193, 5.28148, 0.421568, -0.012986, -0.999036, 0.0358333
5.41095, 5.28007, 0.423105, 0.0131753, 0.998813, -0.0400828
5.41195, 5.27954, 0.423259, -0.0145419, -0.999044, 0.0365933
5.41212, 5.28464, 0.420831, 0.0103422, 0.999377, -0.02893
5.41329, 5.27988, 0.421251, -0.00809228, -0.998886, 0.0391455
5.41146, 5.28465, 0.420008, 0.0185729, 0.998729, -0.0393808
5.41207, 5.27996, 0.424515, -0.00836088, -0.99911, 0.035484
5.41277, 5.28161, 0.421379, -0.011127, -0.999339, 0.0291306
5.41314, 5.2878, 0.420421, -0.0109985, -0.998804, 0.0405155
5.413, 5.28537, 0.422208, 0.0134164, 0.998993, -0.0361838
5.41237, 5.28335, 0.42317, 0.0136543, 0.998557, -0.0457927
5.41165, 5.27838, 0.422194, -0.0121371, -0.999314, 0.028971
5.41296, 5.28052, 0.422954, 0.0131853, 0.99895, -0.0390792
5.4127, 5.27844, 0.42061, -0.0132861, -0.999371, 0.0274956
5.41371, 5.28177, 0.420234, -0.0129232, -0.998764, 0.0398146
5.41257, 5.27732, 0.422845, 0.00956993, 0.99926, -0.0309708
5.41335, 5.27844, 0.421452, 0.0113903, 0.999329, -0.0286534
5.41236, 5.28003, 0.420478, 0.0104348, 0.999356, -0.0309131
5.41226, 5.28363, 0.422255, -0.0121886, -0.998733, 0.0425489
5.41207, 5.27856, 0.421781, 0.0122223, 0.999345, -0.0285491
5.41236, 5.27917, 0.421693, -0.0120623, -0.998936, 0.0395104
5.41279, 5.28064, 0.419856, -0.0117304, -0.998981, 0.0376546
5.41199, 5.27778, 0.423183, -0.0133738, -0.999103, 0.035004
5.41218, 5.27886, 0.422394, 0.014815, 0.99914, -0.0326773
5.41195, 5.27892, 0.422518, -0.0159605, -0.998928, 0.0387936
5.41249, 5.2808, 0.419523, 0.0133674, 0.999201, -0.0318653
5.41351, 5.28161, 0.419859, 0.00929522, 0.99916, -0.0352793
5.41299, 5.28186, 0.423803, 0.0127898, 0.998809, -0.0425021
5.41176, 5.28003, 0.418582, 0.014732, 0.998983, -0.0377948
5.4122, 5.27892, 0.421586, 0.0131658, 0.999248, -0.0288347
5.41213, 5.28271, 0.421902, 0.0136801, 0.999069, -0.0331179
5.41213, 5.28441, 0.420402, -0.0159251, -0.998597, 0.0439604
5.41317, 5.27742, 0.419204, -0.0143081, -0.998934, 0.0378863
5.41192, 5.27957, 0.422857, -0.0116784, -0.999179, 0.035583
5.41198, 5.28, 0.422064, -0.0129338, -0.999232, 0.0328321
5.41216, 5.27998, 0.423476, -0.0117205, -0.999161, 0.0335936
5.41159, 5.28136, 0.422452, 0.0139029, 0.999318, -0.0302605
5.41213, 5.27855, 0.42256, -0.0147414, -0.999211, 0.028854
5.41137, 5.28001, 0.422444, -0.0173835, -0.99906, 0.0335484
5.41268, 5.27899, 0.421265, -0.0129785, -0.998913, 0.0390455
5.41192, 5.28027, 0.419281, -0.0144322, -0.999265, 0.0301079
5.41245, 5.27994, 0.419561, -0.0150641, -0.999042, 0.0294642
5.41084, 5.28035, 0.424583, -0.00900717, -0.999326, 0.0295809
5.4121, 5.2776, 0.419203, 0.0142201, 0.999264, -0.027798
5.41268, 5.28011, 0.420572, -0.00951783, -0.999252, 0.0319254
5.41228, 5.27954, 0.421139, 0.0138126, 0.999306, -0.0278831
5.41211, 5.27832, 0.422602, -0.0135763, -0.999158, 0.0338055
5.41194, 5.27904, 0.4227, -0.014118, -0.999067, 0.0360026
5.4122, 5.28392, 0.420398, -0.0141326, -0.999083, 0.0332002
5.41269, 5.28059, 0.421415, -0.012004, -0.999076, 0.0360872
5.41178, 5.27843, 0.422431, -0.0105991, -0.998903, 0.0391706
5.41206, 5.2807, 0.42076, -0.0166916, -0.998897, 0.0353068
5.41157, 5.27977, 0.421624, 0.0107921, 0.999547, -0.0229194
5.41251, 5.28252, 0.421078, -0.0118469, -0.999216, 0.0329463
5.41219, 5.27822, 0.420947, -0.0122362, -0.999168, 0.0343143
5.41277, 5.27976, 0.421824, 0.0146327, 0.999191, -0.0313705
5.41266, 5.27861, 0.421703, -0.0140693, -0.999098, 0.0347067
5.41193, 5.28049, 0.423259, -0.0137529, -0.998723, 0.0427931
5.41121, 5.28, 0.422344, -0.0146446, -0.999074, 0.0358092
5.41196, 5.28521, 0.421796, -0.0120064, -0.998773, 0.0424118
5.41252, 5.28373, 0.425475, -0.00982462, -0.998959, 0.0393464
5.4129, 5.28258, 0.419048, 0.00961591, 0.998885, -0.04074
5.41269, 5.28004, 0.419412, 0.010934, 0.999233, -0.0323184
5.41207, 5.28126, 0.42313, 0.0124392, 0.99919, -0.0314168
5.41205, 5.2777, 0.422964, -0.0120747, -0.999169, 0.0329301
5.41282, 5.28094, 0.424253, -0.0102128, -0.99921, 0.0335787
5.41292, 5.2801, 0.419409, -0.014815, -0.999241, 0.0305747
5.41217, 5.28091, 0.422153, -0.0133291, -0.999059, 0.0341276
5.41083, 5.27948, 0.421666, 0.00979726, 0.999343, -0.0309081
5.41253, 5.27839, 0.422359, -0.011507, -0.999203, 0.0336753
5.4126, 5.28464, 0.418975, -0.0117225, -0.999125, 0.0351286
5.41227, 5.28009, 0.423542, 0.0111563, 0.999185, -0.0349452
5.41219, 5.27963, 0.42146, 0.0116244, 0.999047, -0.0367883
5.41284, 5.2808, 0.422648, -0.0109615, -0.99913, 0.0337402
5.41206, 5.2776, 0.422759, -0.012943, -0.999232, 0.031315
5.41286, 5.27924, 0.421511, 0.0108766, 0.999229, -0.0319873
5.41201, 5.27871, 0.421188, 0.0145062, 0.999215, -0.0311737
5.41296, 5.27964, 0.422217, -0.0128739, -0.999179, 0.0336045
5.4131, 5.28024, 0.420825, 0.0099227, 0.999319, -0.0293187
5.41241, 5.28131, 0.419604, 0.0126589, 0.99913, -0.0337118
5.41209, 5.28173, 0.423027, 0.0122313, 0.999205, -0.0330085
5.41248, 5.27971, 0.421577, -0.015856, -0.999147, 0.0320081
5.41167, 5.28268, 0.421787, 0.0143321, 0.999022, -0.0345737
5.4122, 5.28237, 0.420273, 0.014658, 0.999019, -0.0363927
5.41325, 5.27953, 0.419241, 0.0120189, 0.999278, -0.0305255
5.41234, 5.2813, 0.421799, 0.0111987, 0.999396, -0.0286414
5.41233, 5.28169, 0.420751, -0.0129017, -0.999176, 0.029223
5.41188, 5.28113, 0.419937, -0.0150401, -0.999047, 0.0358486
5.4138, 5.2815, 0.422087, -0.00924832, -0.999179, 0.0308795
5.41162, 5.28124, 0.42249, -0.0117905, -0.999037, 0.0365116
5.41334, 5.28188, 0.421289, -0.00915218, -0.998871, 0.0420688
5.4121, 5.28019, 0.421382, 0.0128399, 0.999237, -0.0334896
5.41184, 5.28057, 0.420523, 0.0113108, 0.999173, -0.0342404
5.41135, 5.27833, 0.424042, -0.0123807, -0.999047, 0.0365229
5.41283, 5.27798, 0.41858, 0.0114254, 0.999245, -0.0297799
5.4122, 5.28013, 0.421805, -0.0130116, -0.999271, 0.0300359
5.41247, 5.28194, 0.422408, 0.0116018, 0.999093, -0.0365156
5.41233, 5.28013, 0.42309, -0.0132237, -0.999086, 0.0351726
5.41315, 5.28322, 0.423372, 0.00930995, 0.998944, -0.038511
5.41217, 5.27787, 0.420877, -0.0148933, -0.999198, 0.0303581
5.41314, 5.28038, 0.42061, 0.0100183, 0.9992, -0.0351753
5.41225, 5.28183, 0.420574, 0.0104331, 0.998815, -0.0436321
5.41213, 5.28274, 0.424508, 0.0127734, 0.999271, -0.0310943
5.41379, 5.28237, 0.417906, -0.0130342, -0.998817, 0.0419104
5.41199, 5.27836, 0.42332, -0.0146009, -0.999131, 0.0342324
5.41175, 5.28003, 0.418671, -0.01209, -0.999086, 0.0352884
5.41184, 5.28044, 0.421824, 0.0149913, 0.999174, -0.0328743
5.41283, 5.28158, 0.420763, -0.0161359, -0.998979, 0.0363144
5.41239, 5.28157, 0.423082, 0.0138735, 0.999193, -0.0324527
5.4119, 5.27862, 0.425473, 0.0136812, 0.999042, -0.0348374
5.41278, 5.28043, 0.420273, 0.0117033, 0.99905, -0.0357251
5.41181, 5.27848, 0.424395, 0.0145339, 0.999251, -0.0329596
5.41216, 5.28099, 0.422404, 0.0108967, 0.999105, -0.0359392
5.4124, 5.2814, 0.420709, -0.0136998, -0.999174, 0.0303017
5.41288, 5.28197, 0.423053, -0.0130647, -0.998778, 0.043731
5.41266, 5.28022, 0.420317, 0.0118788, 0.999026, -0.0335092
5.41287, 5.27998, 0.420644, -0.0103566, -0.998919, 0.0412855
5.41191, 5.28008, 0.422539, -0.0136346, -0.999137, 0.0341701
5.41238, 5.28012, 0.423309, 0.0129232, 0.99913, -0.0343667
5.41262, 5.27965, 0.417844, -0.0115431, -0.999262, 0.0305976
5.41263, 5.27966, 0.422283, 0.00909705, 0.999008, -0.0375254
5.41299, 5.28035, 0.420909, -0.00586271, -0.998988, 0.0395157
5.41159, 5.2777, 0.423469, -0.0099095, -0.999361, 0.0284552
5.41239, 5.28287, 0.421377, 0.0108146, 0.999275, -0.030872
5.41289, 5.2802, 0.418818, -0.00938308, -0.99928, 0.0297304
5.41313, 5.27855, 0.417918, -0.0115186, -0.999173, 0.0326577
5.41245, 5.27988, 0.419418, -0.0106012, -0.999166, 0.0339737
5.41334, 5.28001, 0.41953, 0.0127945, 0.999112, -0.0334287
5.41245, 5.27855, 0.422641, 0.0120905, 0.999164, -0.0307168
5.41186, 5.28097, 0.422029, 0.0148367, 0.999001, -0.0366611
5.41378, 5.27921, 0.422416, 0.0104988, 0.999272, -0.031142
5.41198, 5.28247, 0.422774, -0.011688, -0.998851, 0.0421992
5.41309, 5.27937, 0.420315, 0.00978767, 0.999401, -0.0283593
5.41189, 5.27783, 0.420368, 0.0138437, 0.999317, -0.0298228
5.41302, 5.27911, 0.420627, 0.0119334, 0.999229, -0.0318387
5.41195, 5.28179, 0.420512, 0.0122987, 0.999337, -0.0281717
5.41205, 5.27996, 0.422048, 0.0144439, 0.999087, -0.0337935
5.41153, 5.27869, 0.421975, -0.0133753, -0.999118, 0.0351847
5.41255, 5.28062, 0.421101, -0.0120942, -0.999268, 0.0304369
5.41219, 5.27846, 0.423331, 0.0156606, 0.999166, -0.0332821
5.41211, 5.27991, 0.420081, -0.0145391, -0.999222, 0.0327799
5.41248, 5.28206, 0.420225, 0.010714, 0.999166, -0.0346134
5.41221, 5.27971, 0.423337, -0.0152619, -0.99897, 0.0359862
5.41283, 5.2818, 0.421696, 0.011018, 0.998937, -0.0412907
5.41211, 5.27918, 0.42115, 0.0127193, 0.999014, -0.0367359
5.41175, 5.28173, 0.424, 0.0120079, 0.999241, -0.032205
5.41228, 5.28019, 0.422117, -0.0121681, -0.999, 0.0367367
5.41339, 5.27966, 0.421782, 0.0155097, 0.998962, -0.037229
5.41251, 5.28139, 0.41851, 0.0144784, 0.99889, -0.0383047
5.41239, 5.28195, 0.422739, -0.0143578, -0.998852, 0.0397018
5.41296, 5.27897, 0.417949, -0.0128406, -0.999247, 0.0311618
5.41255, 5.28131, 0.419866, -0.0124575, -0.998869, 0.0393345
5.41201, 5.27924, 0.422755, 0.0108504, 0.99902, -0.0362313
5.41335, 5.27709, 0.422099, -0.00990586, -0.999246, 0.0332828
5.41236, 5.28059, 0.42152, 0.0127502, 0.999046, -0.0361106
5.41296, 5.27911, 0.418557, -0.0115785, -0.999215, 0.0293371
5.4124, 5.28196, 0.419702, 0.0124561, 0.999072, -0.0325532
5.41311, 5.28063, 0.419673, 0.0125504, 0.999035, -0.0349905
5.41243, 5.27967, 0.420225, 0.0151265, 0.999075, -0.0314532
5.41231, 5.2803, 0.42287, -0.00993465, -0.999187, 0.0345461
5.41338, 5.28112, 0.42178, 0.011347, 0.999007, -0.0372991
5.41252, 5.28261, 0.420921, -0.0129265, -0.999083, 0.0363414
5.41327, 5.27939, 0.419894, 0.0126089, 0.999159, -0.0325238
5.412, 5.27988, 0.419785, -0.0158235, -0.99909, 0.0346864
5.41303, 5.27973, 0.419675, -0.0131289, -0.998712, 0.0424914
5.4129, 5.27954, 0.418232, 0.0134929, 0.999061, -0.0333065
5.41348, 5.27965, 0.420472, 0.012799, 0.99925, -0.0319684
5.41288, 5.27922, 0.419371, -0.0112463, -0.999028, 0.035032
5.41241, 5.27938, 0.420414, -0.0103569, -0.99907, 0.0375545
5.41193, 5.28103, 0.420516, -0.014116, -0.999151, 0.0305849
5.41242, 5.27881, 0.419245, -0.0113595, -0.999056, 0.0348614
5.41249, 5.2802, 0.421504, -0.0135238, -0.999167, 0.0330408
5.41189, 5.27905, 0.422049, 0.0126771, 0.999361, -0.0273147
5.41315, 5.28126, 0.420543, -0.00978315, -0.998984, 0.0376625
5.41293, 5.27883, 0.421449, -0.0112169, -0.99922, 0.0325823
5.41257, 5.28005, 0.418263, 0.0124487, 0.998922, -0.0394403
5.41293, 5.27902, 0.416583, 0.0137109, 0.999319, -0.0252853
5.41255, 5.2797, 0.421443, -0.0133031, -0.999169, 0.0328523
5.41243, 5.27893, 0.420554, -0.012109, -0.999131, 0.0325435
5.41243, 5.27947, 0.419581, -0.0118218, -0.998816, 0.0419841
5.41202, 5.27751, 0.421837, 0.0141334, 0.999288, -0.027847
5.41237, 5.2814, 0.423136, 0.01238, 0.999022, -0.0363339
5.41313, 5.27761, 0.422801, -0.0123086, -0.99906, 0.0332786
5.41356, 5.28396, 0.420152, -0.0106245, -0.998994, 0.0344488
5.41177, 5.27854, 0.422368, -0.0124881, -0.999149, 0.0300669
5.41297, 5.2797, 0.421064, 0.00975894, 0.999038, -0.0377665
5.41268, 5.28149, 0.418477, 0.0128418, 0.998778, -0.0412337
5.41176, 5.28575, 0.419404, 0.0132584, 0.998808, -0.0396472
5.41234, 5.27749, 0.422297, -0.0107881, -0.999218, 0.0327344
5.41329, 5.27882, 0.419054, -0.016657, -0.999041, 0.0347019
5.41266, 5.27971, 0.418467, 0.0125635, 0.998991, -0.0359903
5.41194, 5.27957, 0.422826, 0.0169699, 0.999042, -0.0343444
5.4124, 5.27972, 0.416912, 0.0144526, 0.999235, -0.0294506
5.41327, 5.27892, 0.420138, 0.0138271, 0.999019, -0.0364359
5.41419, 5.28221, 0.418526, 0.00995833, 0.999061, -0.0335656
5.41208, 5.27757, 0.421038, 0.019865, 0.998898, -0.0354724
5.41302, 5.28119, 0.420884, 0.0131729, 0.999203, -0.0330982
5.41295, 5.28317, 0.421648, 0.01149, 0.998801, -0.0410324
5.41173, 5.27818, 0.421368, 0.0158424, 0.998865, -0.038385
5.41308, 5.28076, 0.420359, -0.0126255, -0.999159, 0.033123
5.41324, 5.28133, 0.421893, 0.011494, 0.99889, -0.0412892
5.41242, 5.27858, 0.421254, -0.0122582, -0.999206, 0.0330014
5.41165, 5.27748, 0.423617, 0.0152705, 0.998991, -0.0371355
5.41278, 5.2787, 0.421809, 0.0130388, 0.999146, -0.0344412
5.41319, 5.28261, 0.419601, 0.0148249, 0.999154, -0.0316064
5.41278, 5.2781, 0.420435, -0.0153632, -0.999117, 0.0324397
5.41274, 5.27807, 0.419558, -0.0104117, -0.999288, 0.0304117
5.4129, 5.28106, 0.418608, 0.0124925, 0.999168, -0.032471
5.41164, 5.27986, 0.422987, -0.0149886, -0.999079, 0.0347216
5.41369, 5.27711, 0.420729, -0.0101843, -0.999009, 0.0384976
5.41288, 5.28317, 0.41854, 0.00989581, 0.999048, -0.035616
5.41273, 5.28021, 0.418708, 0.0145342, 0.999027, -0.0358811
5.41348, 5.28121, 0.420068, -0.00814542, -0.999014, 0.03625
5.41259, 5.27799, 0.419369, -0.0148453, -0.999323, 0.0284386
5.41295, 5.2805, 0.419171, -0.012335, -0.999118, 0.0337199
5.41198, 5.28027, 0.42179, 0.0114102, 0.999094, -0.0328205
5.41318, 5.28142, 0.419961, 0.0169147, 0.999021, -0.0337523
5.41351, 5.2811, 0.421785, 0.0125497, 0.998952, -0.0366523
5.41324, 5.27921, 0.419263, 0.00906516, 0.99936, -0.0304482
5.41306, 5.27987, 0.419737, -0.0114463, -0.999312, 0.0307974
5.41334, 5.2777, 0.421977, 0.0110752, 0.999356, -0.030058
5.41269, 5.2828, 0.423761, 0.0114282, 0.999008, -0.0366511
5.41199, 5.27794, 0.419327, 0.0131304, 0.999178, -0.0339542
5.41315, 5.28206, 0.420587, 0.0111321, 0.999155, -0.0362221
5.41248, 5.2809, 0.419146, -0.0140589, -0.998794, 0.0407044
5.41303, 5.28122, 0.420592, 0.0118285, 0.998861, -0.040578
5.41351, 5.28228, 0.421471, 0.0114918, 0.99912, -0.0349438
5.41314, 5.27898, 0.421657, 0.0133441, 0.999277, -0.0284959
5.4126, 5.28048, 0.418508, 0.013421, 0.999193, -0.0306286
5.41239, 5.2787, 0.421124, -0.011722, -0.99935, 0.0303407
5.41215, 5.27834, 0.420176, 0.0147144, 0.999371, -0.0256879
5.41344, 5.28138, 0.420012, -0.0113427, -0.999287, 0.030096
5.41326, 5.27877, 0.41898, -0.0093079, -0.9992, 0.0336664
5.41259, 5.28, 0.420941, -0.0124999, -0.999132, 0.033584
5.41236, 5.28088, 0.420956, 0.0154906, 0.999083, -0.0344845
5.41269, 5.28155, 0.422371, 0.0125294, 0.998896, -0.0401328
5.41244, 5.27907, 0.421213, 0.0123802, 0.999312, -0.0307822
5.41214, 5.27916, 0.421027, 0.0122279, 0.998897, -0.0388109
5.41189, 5.2796, 0.421492, -0.013095, -0.999231, 0.0324693
5.41298, 5.27961, 0.419614, 0.0146172, 0.999312, -0.0283102
5.41285, 5.28031, 0.420428, -0.015189, -0.999055, 0.0313031
5.41283, 5.28237, 0.421272, -0.0136948, -0.998845, 0.0395489
5.41332, 5.28075, 0.417645, -0.012847, -0.998952, 0.0371304
5.41189, 5.2807, 0.423856, -0.0122397, -0.99862, 0.0452839
5.41189, 5.27751, 0.42239, 0.00825592, 0.999055, -0.0386591
5.41397, 5.28166, 0.421102, 0.00765776, 0.998893, -0.040503
5.4116, 5.27973, 0.42109, -0.0158916, -0.999189, 0.0317744
5.41263, 5.28054, 0.419602, 0.0117326, 0.999214, -0.0306457
5.41276, 5.28137, 0.42183, 0.0139811, 0.999133, -0.0321341
5.41245, 5.27791, 0.422884, 0.011056, 0.999158, -0.0342158
5.41269, 5.28342, 0.421215, -0.0126795, -0.999215, 0.0279001
5.41322, 5.28079, 0.42066, 0.0133519, 0.998904, -0.0399688
5.41317, 5.27952, 0.421381, -0.0140545, -0.998782, 0.0417189
5.41305, 5.28064, 0.420735, -0.0119876, -0.9994, 0.0253277
5.41353, 5.27961, 0.418612, -0.0135553, -0.999149, 0.0306442
5.41309, 5.27752, 0.421536, 0.0119736, 0.999124, -0.0339478
5.41355, 5.27838, 0.419719, -0.0126433, -0.999334, 0.0290216
5.4124, 5.28309, 0.423037, -0.0148468, -0.999041, 0.0336996
5.41288, 5.28093, 0.420578, -0.0145225, -0.99893, 0.0397424
5.4122, 5.28102, 0.417664, 0.0126062, 0.99925, -0.0335349
5.41215, 5.27716, 0.419524, 0.0146947, 0.99932, -0.0278058
5.41367, 5.27714, 0.419188, 0.0104573, 0.999446, -0.0260496
5.41201, 5.27849, 0.421816, -0.0104609, -0.999124, 0.0355485
5.41226, 5.2812, 0.41983, 0.0110136, 0.999224, -0.0321914
5.41307, 5.28016, 0.419169, 0.0111829, 0.999268, -0.0309611
5.41241, 5.28222, 0.418376, 0.0109744, 0.999377, -0.0281959
5.41346, 5.28, 0.420986, -0.0118474, -0.999035, 0.0372412
5.41202, 5.27881, 0.421248, -0.0155924, -0.999153, 0.0314933
5.41251, 5.28231, 0.421834, 0.0126919, 0.998985, -0.036904
5.41242, 5.28155, 0.42093, -0.0141068, -0.998978, 0.0359644
5.41358, 5.28106, 0.419209, 0.0110829, 0.999187, -0.0314853
5.4123, 5.27929, 0.419129, -0.0146094, -0.999043, 0.035025
5.41312, 5.28233, 0.421546, -0.00791912, -0.999171, 0.0345215
5.41277, 5.27978, 0.420295, -0.01263, -0.999266, 0.0326929
5.41262, 5.27922, 0.420122, 0.0101615, 0.99924, -0.0305137
5.41221, 5.28113, 0.420857, 0.0130716, 0.999106, -0.0351041
5.41264, 5.28347, 0.421038, 0.00888959, 0.999079, -0.0349311
5.41236, 5.28015, 0.42274, -0.0100847, -0.999068, 0.0357779
5.41374, 5.28008, 0.417602, 0.0123223, 0.998669, -0.0435985
5.41336, 5.27856, 0.418184, -0.0121026, -0.99921, 0.0289524
5.41255, 5.27892, 0.420809, 0.0128334, 0.998962, -0.0378886
5.41209, 5.27719, 0.420034, -0.0122189, -0.999313, 0.0305811
5.4128, 5.2797, 0.418211, 0.012545, 0.999348, -0.0288259
5.41352, 5.28101, 0.42175, 0.0120201, 0.998909, -0.0389449
5.41294, 5.28037, 0.420215, 0.0119903, 0.999184, -0.0334962
5.41206, 5.28178, 0.423205, -0.0140259, -0.998783, 0.0399984
5.41201, 5.28004, 0.419492, 0.0145994, 0.998962, -0.0383719
5.41199, 5.28017, 0.41987, -0.0133793, -0.999267, 0.0304385
5.41246, 5.27995, 0.421495, -0.0136671, -0.999137, 0.0346977
5.41293, 5.27743, 0.420508, -0.0122144, -0.999048, 0.0354469
5.41215, 5.2775, 0.422067, 0.0160234, 0.999014, -0.0350976
5.41166, 5.27747, 0.421958, -0.0175223, -0.998942, 0.0353472
5.4127, 5.28294, 0.419867, -0.0135203, -0.999028, 0.0376022
5.41199, 5.27812, 0.420671, -0.0177415, -0.999104, 0.0326862
5.41311, 5.28279, 0.420015, 0.0110924, 0.998823, -0.0422874
5.41272, 5.28115, 0.420998, -0.011905, -0.999116, 0.0348307
5.41198, 5.27766, 0.420736, -0.0112645, -0.999431, 0.0265746
5.41311, 5.2785, 0.417276, -0.0114617, -0.999044, 0.0318449
5.4126, 5.2779, 0.423148, -0.0124874, -0.999262, 0.0320036
5.41211, 5.27783, 0.422513, -0.0123211, -0.999145, 0.0361032
5.41309, 5.27803, 0.421228, 0.0136723, 0.999297, -0.0284375
5.41137, 5.28201, 0.423367, -0.0117928, -0.998836, 0.0398468
5.41188, 5.27911, 0.422391, -0.0141289, -0.999203, 0.0301572
5.4132, 5.28041, 0.419149, 0.0101913, 0.999267, -0.0322506
5.41262, 5.27964, 0.423134, 0.0132859, 0.999015, -0.038629
5.41302, 5.28088, 0.419023, 0.0127239, 0.998956, -0.0373686
5.41308, 5.27863, 0.419446, 0.0116244, 0.999088, -0.0350055
5.4132, 5.27889, 0.421573, -0.0140427, -0.999253, 0.0308714
5.41344, 5.28378, 0.419419, 0.0112919, 0.998662, -0.0445027
5.413, 5.28023, 0.419804, -0.0158307, -0.999182, 0.0296356
5.41201, 5.28247, 0.420204, -0.0153612, -0.998941, 0.0361097
5.41248, 5.27657, 0.421271, 0.0117097, 0.999436, -0.0248099
5.41199, 5.28325, 0.419873, 0.0161937, 0.998901, -0.0370061
5.41251, 5.28137, 0.422806, 0.00939594, 0.999188, -0.0341928
5.41299, 5.28036, 0.421435, 0.0115789, 0.999023, -0.0354899
5.41164, 5.27982, 0.422727, 0.0140958, 0.998972, -0.0370255
5.41363, 5.28247, 0.419971, -0.0125299, -0.999116, 0.0358799
5.41316, 5.28332, 0.421354, 0.0117888, 0.999155, -0.0341921
5.41227, 5.28197, 0.420431, 0.0114791, 0.999255, -0.0323965
5.41313, 5.27809, 0.420485, -0.00840937, -0.99903, 0.0379648
5.41291, 5.28083, 0.41987, 0.0108212, 0.999199, -0.0317026
5.41294, 5.28254, 0.422, 0.0133573, 0.999064, -0.0334244
5.41233, 5.2805, 0.421668, 0.0135298, 0.999047, -0.0356543
5.41296, 5.28302, 0.421271, 0.0109223, 0.998902, -0.0398165
5.41187, 5.27801, 0.421626, 0.0109932, 0.999154, -0.0303319
5.412, 5.282, 0.419142, 0.0123846, 0.999008, -0.0378718
5.41305, 5.28348, 0.416997, 0.0160218, 0.998768, -0.039665
5.41238, 5.28072, 0.42161, -0.013629, -0.999131, 0.0340388
5.41301, 5.28141, 0.420295, -0.0103262, -0.999044, 0.0371119
5.4129, 5.27874, 0.42122, -0.0137258, -0.999214, 0.0327684
5.41197, 5.27911, 0.418889, 0.0145683, 0.999048, -0.0347374
5.41205, 5.27953, 0.421583, 0.0139818, 0.999007, -0.035852
5.41274, 5.2803, 0.420347, -0.0123969, -0.999239, 0.0317778
5.41252, 5.28479, 0.421315, 0.0108628, 0.999056, -0.0349414
5.41212, 5.28547, 0.421481, -0.014185, -0.998934, 0.0367122
5.41353, 5.28368, 0.417318, -0.0147721, -0.999004, 0.0330645
5.4132, 5.28331, 0.421686, 0.0144464, 0.998994, -0.0358503
5.41324, 5.2776, 0.420893, -0.0126022, -0.999175, 0.0326638
5.41211, 5.27977, 0.423357, -0.00921866, -0.999163, 0.0313915
5.4119, 5.28211, 0.421011, 0.0133399, 0.998989, -0.0352104
5.41229, 5.2799, 0.421309, -0.0103767, -0.999277, 0.0329939
5.41302, 5.27865, 0.422948, -0.0122804, -0.999123, 0.0333563
5.41202, 5.28248, 0.42074, -0.0137681, -0.999325, 0.0301365
5.4122, 5.28193, 0.420229, 0.0109301, 0.999229, -0.0327942
5.41322, 5.27841, 0.423669, 0.00910481, 0.999126, -0.0366653
5.41208, 5.27924, 0.422946, -0.0135162, -0.999241, 0.0321973
5.41252, 5.28052, 0.420142, -0.0139696, -0.998875, 0.0405472
5.41278, 5.27777, 0.42072, -0.0151106, -0.999109, 0.0341488
5.41317, 5.27994, 0.419145, 0.0171236, 0.998779, -0.0400515
5.41276, 5.28443, 0.422854, 0.0116491, 0.999085, -0.0334416
5.41371, 5.27845, 0.420132, 0.00860286, 0.999002, -0.0349683
5.41253, 5.27825, 0.422508, -0.0151789, -0.999127, 0.0325863
5.413, 5.28496, 0.418629, -0.0115458, -0.998879, 0.0403421
5.41317, 5.28346, 0.421199, 0.0141732, 0.999029, -0.0370359
5.41173, 5.28063, 0.418758, 0.0133012, 0.999351, -0.0273818
5.4139, 5.28443, 0.418107, -0.0105622, -0.99891, 0.0392873
5.4129, 5.28019, 0.419264, -0.0124558, -0.999018, 0.036845
5.41211, 5.28133, 0.420021, -0.0122981, -0.999195, 0.0299109
5.41289, 5.28236, 0.420177, 0.010248, 0.999233, -0.0317144
5.41321, 5.28119, 0.418702, 0.0108609, 0.998784, -0.0393916
5.41257, 5.27841, 0.421575, 0.0120321, 0.998934, -0.0377676
5.41358, 5.28078, 0.420839, -0.0110687, -0.99902, 0.0373025
5.41365, 5.27825, 0.420486, -0.0134871, -0.998899, 0.0385621
5.41381, 5.28258, 0.41797, 0.0105733, 0.999193, -0.0332592
5.41191, 5.27778, 0.418519, 0.0154103, 0.9993, -0.0267534
5.41304, 5.28187, 0.422636, 0.0152144, 0.998849, -0.0387331
5.41234, 5.27876, 0.422764, 0.0127994, 0.999266, -0.029979
5.41289, 5.27895, 0.4171, -0.0117847, -0.998967, 0.0377388
5.41285, 5.28097, 0.418627, 0.0151037, 0.999212, -0.0305437
5.41345, 5.27865, 0.419836, 0.0104242, 0.999255, -0.0326548
5.41222, 5.27939, 0.420367, -0.0156112, -0.999096, 0.0338792
5.41197, 5.28295, 0.421223, 0.0176196, 0.999176, -0.0298912
5.41303, 5.27924, 0.421402, 0.011536, 0.999103, -0.0319106
5.41103, 5.28119, 0.420099, -0.015355, -0.998872, 0.0371825
5.41306, 5.28016, 0.421161, -0.0142522, -0.999094, 0.0351162
5.41315, 5.27922, 0.42091, 0.00957779, 0.99922, -0.031717
5.41188, 5.27965, 0.419775, 0.0122423, 0.999252, -0.0312423
5.41378, 5.28287, 0.419814, -0.0126645, -0.998828, 0.03982
5.41319, 5.28242, 0.419677, 0.012763, 0.998671, -0.0445892
5.413, 5.27917, 0.420048, 0.012273, 0.99906, -0.0360827
5.41212, 5.28347, 0.420564, 0.0130122, 0.999138, -0.0304972
5.41246, 5.27884, 0.421195, -0.0150775, -0.999149, 0.0345407
5.4122, 5.28248, 0.422427, 0.00899174, 0.998784, -0.042767
5.41228, 5.28131, 0.418359, 0.0120362, 0.999314, -0.0284058
5.41114, 5.27928, 0.422077, -0.0167661, -0.99908, 0.0324441
5.41289, 5.27794, 0.421391, 0.0130084, 0.999287, -0.0313609
5.4136, 5.28074, 0.420506, -0.0112763, -0.999048, 0.0359089
5.41271, 5.27949, 0.421884, 0.0163254, 0.998993, -0.0367434
5.41274, 5.28146, 0.417983, -0.0138394, -0.998976, 0.0380914
5.41269, 5.27914, 0.419833, 0.0154425, 0.999011, -0.0345868
5.41137, 5.27941, 0.422244, 0.013352, 0.99912, -0.0329967
5.41146, 5.27853, 0.419691, -0.0136456, -0.998763, 0.0407722
5.41203, 5.27961, 0.423611, 0.013073, 0.999246, -0.0320939
5.41236, 5.28027, 0.421462, -0.0133389, -0.999117, 0.0334678
5.41259, 5.28302, 0.420271, 0.0157961, 0.998965, -0.0345701
5.41205, 5.28029, 0.422747, 0.0120298, 0.999184, -0.0325058
5.41271, 5.28106, 0.422442, 0.0152478, 0.999093, -0.0329475
5.41352, 5.28209, 0.421581, -0.00936679, -0.999064, 0.0367196
5.41221, 5.27918, 0.422063, 0.0135296, 0.998887, -0.0370361
5.41202, 5.28365, 0.421281, -0.0171218, -0.998782, 0.0398791
5.41109, 5.27945, 0.420915, -0.0141005, -0.999066, 0.0340915
5.41275, 5.28058, 0.420291, 0.0122253, 0.999155, -0.034049
5.41247, 5.28109, 0.421974, -0.01385, -0.998999, 0.0359679
5.41248, 5.27824, 0.418809, 0.0126144, 0.999004, -0.0358512
5.4122, 5.27888, 0.422899, -0.0138214, -0.999247, 0.0308758
5.41285, 5.27833, 0.422326, 0.00971033, 0.999162, -0.0360056
5.41187, 5.27691, 0.420129, -0.0142996, -0.999195, 0.0306376
5.41083, 5.27864, 0.424454, 0.0169208, 0.999312, -0.0271504
5.41296, 5.27851, 0.420483, -0.0147041, -0.99913, 0.0333967
5.41238, 5.2804, 0.421467, 0.0134719, 0.998931, -0.0378741
5.41294, 5.28147, 0.424103, -0.0118528, -0.998805, 0.0442106
5.4115, 5.27908, 0.418932, 0.0173723, 0.999051, -0.03289
5.41161, 5.27891, 0.420357, -0.014092, -0.998824, 0.04042
5.41349, 5.27749, 0.419548, 0.0118135, 0.999098, -0.0331988
5.4114, 5.28146, 0.420946, -0.0106623, -0.998942, 0.0409608
5.41195, 5.27862, 0.420563, 0.0170867, 0.999169, -0.0303125
5.41181, 5.27907, 0.422744, 0.0146949, 0.998947, -0.0383671
5.4124, 5.2855, 0.420127, -0.0171217, -0.99872, 0.0404085
5.41165, 5.27692, 0.422987, -0.0151892, -0.999288, 0.0277294
5.41189, 5.27935, 0.41787, 0.0177211, 0.99928, -0.0246789
5.41237, 5.27941, 0.421, -0.0129425, -0.999238, 0.0316286
5.41257, 5.27779, 0.41938, -0.0120191, -0.999232, 0.032027
5.41219, 5.28122, 0.420416, 0.0118208, 0.999173, -0.0337482
5.41178, 5.27767, 0.42212, 0.0129899, 0.999037, -0.0350371
5.41211, 5.28249, 0.420069, -0.0111847, -0.999383, 0.0284827
5.41311, 5.28175, 0.420514, -0.00966492, -0.999104, 0.036739
5.41195, 5.27946, 0.423395, 0.0119892, 0.999086, -0.0339654
5.41319, 5.28308, 0.419273, -0.0138751, -0.998867, 0.0416334
5.4123, 5.28361, 0.420335, -0.016071, -0.999014, 0.0358623
5.4123, 5.27863, 0.421279, 0.0138969, 0.999148, -0.0336169
5.4131, 5.27929, 0.421619, -0.0102127, -0.999188, 0.0343074
5.41281, 5.28253, 0.420333, -0.0147321, -0.999154, 0.0306367
5.4128, 5.2821, 0.420696, -0.014121, -0.998941, 0.0392591
5.41173, 5.2816, 0.423485, -0.0149773, -0.999076, 0.0327985
5.41229, 5.2826, 0.420008, -0.0144603, -0.999093, 0.0344698
5.41187, 5.2787, 0.422683, 0.0168994, 0.998746, -0.0385266
5.41245, 5.28674, 0.421193, -0.00861265, -0.998628, 0.0449168
5.4135, 5.28144, 0.418179, 0.012677, 0.999154, -0.0294128
5.41161, 5.28006, 0.422975, -0.0143398, -0.999089, 0.0356329
5.41235, 5.28283, 0.419963, 0.0122217, 0.999121, -0.0343391
5.41253, 5.28012, 0.422083, 0.0141367, 0.999061, -0.0345063
5.41408, 5.28276, 0.418089, 0.0133999, 0.998889, -0.0392222
5.41185, 5.2837, 0.420827, -0.013129, -0.999136, 0.0299369
5.41277, 5.28551, 0.41925, -0.0124038, -0.998972, 0.0328459
5.41231, 5.2817, 0.422216, -0.0112834, -0.999129, 0.0357033
5.41282, 5.28216, 0.417758, 0.0155636, 0.999111, -0.0320705
5.41277, 5.28119, 0.422397, 0.0150772, 0.998895, -0.035427
5.41166, 5.2785, 0.422067, -0.0141683, -0.999096, 0.0333192
5.41296, 5.2796, 0.42053, 0.0096805, 0.999099, -0.0346577
5.41239, 5.2778, 0.420064, 0.0118223, 0.999169, -0.0322026
5.41288, 5.28121, 0.42157, -0.0153657, -0.998969, 0.03687
5.4128, 5.28114, 0.420376, -0.0133933, -0.999121, 0.0333988
5.41284, 5.27888, 0.422425, -0.0122035, -0.999096, 0.0340669
5.41249, 5.27958, 0.4217, 0.017088, 0.998864, -0.0386261
5.41193, 5.27879, 0.423739, 0.010493, 0.999232, -0.031274
5.41162, 5.28229, 0.422208, 0.0148526, 0.999274, -0.0290017
5.41242, 5.27817, 0.418381, 0.0148017, 0.999045, -0.0346787
5.41249, 5.28, 0.41996, -0.0133443, -0.999116, 0.0338648
5.41104, 5.27833, 0.419469, 0.0158819, 0.999376, -0.0271848
5.41313, 5.28781, 0.421751, -0.0116684, -0.998776, 0.0425366
5.41197, 5.27996, 0.420732, -0.0153983, -0.999265, 0.0303265
5.41192, 5.27873, 0.422197, -0.0141698, -0.999031, 0.0350062
5.41226, 5.28179, 0.421219, -0.0140181, -0.999091, 0.0346807
5.41165, 5.28258, 0.418609, 0.0161872, 0.998905, -0.0323004
5.41305, 5.28021, 0.418112, -0.0112725, -0.999203, 0.0322238
5.41266, 5.27815, 0.418712, 0.0111858, 0.999277, -0.0305837
5.41321, 5.27778, 0.420595, -0.0113745, -0.999047, 0.0322844
5.41167, 5.27971, 0.42277, 0.00933663, 0.999045, -0.0358698
5.41158, 5.28014, 0.423234, 0.0154061, 0.9991, -0.0284173
5.41103, 5.27939, 0.42376, -0.0166859, -0.998963, 0.0357993
5.41251, 5.28203, 0.420796, -0.0123725, -0.998959, 0.0348001
5.41416, 5.28124, 0.419802, 0.0141519, 0.998951, -0.0348692
5.41251, 5.28016, 0.419308, 0.0142204, 0.998943, -0.034138
5.41246, 5.28061, 0.418721, -0.0118415, -0.99936, 0.0260266
5.41222, 5.28048, 0.421191, -0.0112927, -0.998951, 0.0380672
5.41286, 5.28032, 0.421444, 0.0147388, 0.998856, -0.0397735
5.41232, 5.27954, 0.420956, -0.0150985, -0.998855, 0.0387335
5.41228, 5.2822, 0.422185, -0.0162879, -0.998981, 0.0346644
5.41284, 5.28304, 0.421867, 0.0130472, 0.998655, -0.0435169
5.41272, 5.27929, 0.421078, 0.0130403, 0.998988, -0.0361009
5.41142, 5.27983, 0.422944, -0.0174582, -0.999142, 0.0305873
5.41241, 5.27785, 0.423921, 0.0142486, 0.999161, -0.0307381
5.41245, 5.28108, 0.420791, 0.0148651, 0.999166, -0.0290332
5.41263, 5.27589, 0.422179, -0.0133757, -0.99916, 0.0348063
5.41119, 5.27913, 0.421254, -0.0158813, -0.999219, 0.0310596
5.41275, 5.28288, 0.42079, -0.0105263, -0.998847, 0.0405839
5.41278, 5.27855, 0.421188, 0.0116988, 0.999036, -0.0347206
5.41336, 5.28048, 0.419277, -0.0126967, -0.998982, 0.0371869
5.41204, 5.28287, 0.422074, -0.0140816, -0.999123, 0.0337481
5.41189, 5.28189, 0.421541, 0.0120883, 0.998731, -0.0447877
5.41187, 5.27973, 0.42261, -0.0127015, -0.99912, 0.0365113
5.41193, 5.27946, 0.422121, 0.0138819, 0.998966, -0.0370933
5.41233, 5.28071, 0.419468, -0.0120611, -0.999046, 0.0345756
5.4133, 5.28123, 0.42084, -0.0120314, -0.998911, 0.036674
5.41249, 5.28171, 0.420141, -0.00777577, -0.999238, 0.0316858
5.41375, 5.28523, 0.420142, 0.0128992, 0.998932, -0.0384914
5.41236, 5.27762, 0.425215, 0.0136925, 0.999351, -0.028474
5.41357, 5.279, 0.420884, 0.0132935, 0.999022, -0.036315
5.41238, 5.28045, 0.423131, 0.0126068, 0.999241, -0.0319314
5.41201, 5.28012, 0.422013, 0.0142032, 0.998988, -0.0374608
5.41219, 5.28461, 0.420169, -0.0138705, -0.998992, 0.033986
5.41308, 5.28036, 0.41881, 0.0134396, 0.999015, -0.036695
5.41226, 5.28081, 0.423073, -0.0130629, -0.998969, 0.0368015
5.41226, 5.2778, 0.42232, -0.0135835, -0.999246, 0.0309945
5.41315, 5.27871, 0.421226, 0.0116543, 0.999034, -0.0359434
5.41364, 5.28294, 0.421011, -0.0109381, -0.999099, 0.035219
5.41221, 5.27814, 0.42167, -0.0158652, -0.998725, 0.03945
5.41355, 5.28073, 0.420381, 0.00946252, 0.999082, -0.0363887
5.41199, 5.27855, 0.418006, -0.017079, -0.999051, 0.035751
5.41242, 5.27736, 0.419594, 0.0131132, 0.999391, -0.0272594
5.41206, 5.27804, 0.421198, 0.0146304, 0.999078, -0.032784
5.41199, 5.27909, 0.422018, -0.0128117, -0.999221, 0.0323379
5.41245, 5.28041, 0.420361, 0.013831, 0.998846, -0.0410924
5.41201, 5.27917, 0.423209, 0.0173853, 0.998952, -0.034349
5.4137, 5.28056, 0.417733, 0.0143767, 0.998953, -0.0355379
5.41306, 5.28039, 0.421694, -0.00962361, -0.999189, 0.0329561
5.41215, 5.28041, 0.422651, -0.0139161, -0.998959, 0.0368013
5.41225, 5.28329, 0.421678, -0.0130342, -0.998755, 0.0410544
5.41299, 5.27896, 0.419706, -0.0137064, -0.999221, 0.0309983
5.41298, 5.28166, 0.422988, 0.0144091, 0.999146, -0.0322224
5.4128, 5.27868, 0.421864, 0.0123749, 0.999187, -0.0325593
5.41233, 5.28171, 0.422568, -0.0121439, -0.998935, 0.0359801
5.41354, 5.27838, 0.418645, 0.0124546, 0.999249, -0.0310874
5.41286, 5.27847, 0.419823, -0.0129084, -0.999263, 0.0260731
5.4136, 5.28535, 0.418278, 0.0116184, 0.998998, -0.0347402
5.41289, 5.27856, 0.421738, 0.00863221, 0.998934, -0.0410088
5.41117, 5.28031, 0.419137, -0.0151483, -0.999071, 0.0338366
5.41185, 5.27979, 0.420369, 0.0129941, 0.99892, -0.0385705
5.41222, 5.27963, 0.421221, 0.0139597, 0.998909, -0.038957
5.41193, 5.27771, 0.418926, 0.01344, 0.999224, -0.0305309
5.41389, 5.28295, 0.421313, -0.0084254, -0.999061, 0.0367361
5.41261, 5.27925, 0.419773, -0.0137048, -0.999195, 0.0321442
5.41144, 5.27904, 0.420439, -0.0144351, -0.999435, 0.0224647
5.41224, 5.28183, 0.420432, -0.0136978, -0.999157, 0.0312689
5.41246, 5.28333, 0.418953, 0.0147996, 0.999022, -0.0349834
5.41215, 5.27936, 0.422758, -0.0122856, -0.999332, 0.0296838
5.41255, 5.28172, 0.419159, 0.0117684, 0.998812, -0.0414328
5.41158, 5.27768, 0.424648, -0.0168654, -0.999259, 0.0282688
5.41196, 5.27766, 0.421832, -0.0134791, -0.999089, 0.0340049
5.41203, 5.27917, 0.41978, 0.0127809, 0.999042, -0.0363452
5.41245, 5.2804, 0.421114, -0.0134732, -0.999154, 0.031223
5.41179, 5.28083, 0.422161, 0.01394, 0.999216, -0.0305566
5.41225, 5.27641, 0.420549, 0.0128662, 0.999256, -0.0299035
5.41277, 5.28345, 0.419536, -0.0142598, -0.998962, 0.0377958
5.41278, 5.27982, 0.418684, 0.0111266, 0.999097, -0.0331265
5.41203, 5.28048, 0.4205, 0.0162871, 0.998903, -0.0371961
5.41206, 5.28342, 0.422095, 0.0130131, 0.999187, -0.035734
5.41278, 5.28477, 0.423567, -0.0103383, -0.998848, 0.0413952
5.41209, 5.28162, 0.421549, 0.0142922, 0.999131, -0.0332826
5.41288, 5.2768, 0.421727, -0.0135074, -0.999131, 0.0356499
5.41178, 5.27773, 0.423103, -0.0153629, -0.998963, 0.0353071
5.41284, 5.27837, 0.421111, -0.0142852, -0.999147, 0.032536
5.4128, 5.27815, 0.422521, 0.0120351, 0.99931, -0.0293618
5.41215, 5.28285, 0.419101, -0.0117047, -0.999104, 0.034391
5.41157, 5.27936, 0.424556, -0.0149396, -0.999063, 0.0348642
5.41223, 5.27842, 0.421941, -0.0110565, -0.998874, 0.036402
5.4126, 5.27865, 0.423107, 0.0184507, 0.998707, -0.0388783
5.41339, 5.27878, 0.420038, 0.0121909, 0.999208, -0.0323422
5.4117, 5.27744, 0.421462, 0.017711, 0.999183, -0.0279566
5.41273, 5.2825, 0.423415, -0.0143249, -0.998875, 0.0391541
5.41225, 5.27955, 0.420051, -0.0169742, -0.999122, 0.0309855
5.41319, 5.28421, 0.419633, -0.0103859, -0.998876, 0.0420496
5.41259, 5.27969, 0.421329, -0.0127964, -0.998924, 0.0372934
5.4116, 5.27969, 0.421517, -0.0134354, -0.998944, 0.0391933
5.41344, 5.28087, 0.41982, 0.0115868, 0.998929, -0.0366797
5.41246, 5.28674, 0.418448, 0.00888368, 0.999167, -0.0345182
5.41097, 5.27921, 0.420875, 0.0168306, 0.999246, -0.0293593
5.41305, 5.27759, 0.423272, 0.0120693, 0.99925, -0.0327731
5.41271, 5.28093, 0.4216, -0.00941901, -0.998941, 0.0384279
5.4124, 5.28176, 0.421673, 0.0149496, 0.998739, -0.0406114
5.41161, 5.28058, 0.419605, 0.0155617, 0.999138, -0.0338155
5.41205, 5.27932, 0.420838, 0.0134315, 0.99912, -0.0346923
5.41259, 5.2784, 0.421198, 0.0109855, 0.99893, -0.0395461
5.41233, 5.27791, 0.419801, 0.0160804, 0.998896, -0.0386752
5.41257, 5.28155, 0.420197, -0.0120415, -0.999218, 0.0306871
5.41252, 5.27825, 0.419563, -0.0143467, -0.999263, 0.0310758
5.41216, 5.28027, 0.421608, 0.0131394, 0.999101, -0.0329451
5.4125, 5.27987, 0.419734, 0.0160567, 0.998952, -0.0381119
5.41247, 5.28134, 0.421627, -0.0125827, -0.999126, 0.0332274
5.4123, 5.28076, 0.419335, 0.0141163, 0.998972, -0.0349237
5.41229, 5.27868, 0.421205, -0.0132027, -0.998946, 0.0389501
5.41229, 5.27797, 0.422362, -0.0135205, -0.999473, 0.0249472
5.41212, 5.27814, 0.421744, -0.0142857, -0.999223, 0.031385
5.4132, 5.2787, 0.418747, -0.014395, -0.999151, 0.032689
5.41309, 5.28206, 0.42103, -0.0110376, -0.998917, 0.0401641
5.41198, 5.28019, 0.422874, 0.015032, 0.999187, -0.032864
5.41267, 5.27934, 0.419809, 0.012853, 0.998956, -0.0379301
5.41336, 5.27872, 0.421506, -0.012593, -0.999114, 0.0341733
5.41277, 5.28381, 0.422864, 0.0135798, 0.998934, -0.0384743
5.41233, 5.27805, 0.420177, -0.0103008, -0.999291, 0.0304307
5.41273, 5.2781, 0.422406, -0.0145572, -0.998932, 0.0386132
5.41313, 5.28038, 0.421034, -0.0135166, -0.999092, 0.0350998
5.41224, 5.2805, 0.423806, 0.0127135, 0.998984, -0.0366001
5.41313, 5.28112, 0.42056, -0.0124468, -0.999084, 0.0347027
5.41233, 5.27905, 0.421607, -0.0141966, -0.999357, 0.0251099
5.41218, 5.28309, 0.421541, -0.0154032, -0.998779, 0.0408693
5.41296, 5.27917, 0.420095, -0.0110544, -0.999232, 0.0335355
5.41278, 5.27777, 0.423349, 0.0134098, 0.999325, -0.0281274
5.41168, 5.28601, 0.422543, 0.0114747, 0.99904, -0.034685
5.41182, 5.28393, 0.420765, -0.0128382, -0.99924, 0.0288526
5.41287, 5.27817, 0.42226, 0.0136674, 0.998959, -0.036452
5.41381, 5.28195, 0.420031, 0.0152372, 0.99862, -0.0425985
5.41237, 5.27971, 0.419853, -0.0132082, -0.999163, 0.0304106
5.41284, 5.28131, 0.421505, -0.01282, -0.998964, 0.0374643
5.41224, 5.27918, 0.42197, -0.0169639, -0.999043, 0.0336904
5.41256, 5.27755, 0.420731, -0.0137887, -0.999233, 0.0324548
5.41241, 5.27777, 0.422548, 0.0140309, 0.99891, -0.0381053
5.41237, 5.28263, 0.419735, 0.0134375, 0.998878, -0.036382
5.41248, 5.27948, 0.421477, 0.013057, 0.999011, -0.0369663
5.41179, 5.27759, 0.420207, -0.0128753, -0.999255, 0.0300078
5.4138, 5.28174, 0.419495, 0.0113256, 0.998902, -0.0402531
5.41263, 5.28038, 0.419749, 0.00970653, 0.999114, -0.0306715
5.41281, 5.27914, 0.422867, -0.0116561, -0.998999, 0.0375453
5.41271, 5.27795, 0.420531, -0.010636, -0.999355, 0.026493
5.41253, 5.28003, 0.423379, 0.0093877, 0.999244, -0.0327919
5.4125, 5.27833, 0.422599, -0.0128457, -0.999189, 0.0322236
5.41216, 5.27993, 0.420741, -0.0129072, -0.998824, 0.038474
5.4125, 5.28083, 0.42333, 0.013677, 0.999144, -0.0352456
5.41214, 5.28265, 0.4211, -0.0120163, -0.999229, 0.031851
5.41191, 5.28208, 0.421428, 0.0157174, 0.998758, -0.0399273
5.41253, 5.28409, 0.422702, -0.0132315, -0.998945, 0.0401574
5.4131, 5.2802, 0.418862, 0.0124055, 0.998942, -0.0386872
5.41142, 5.27957, 0.419005, 0.011819, 0.999314, -0.0308131
5.41344, 5.28635, 0.422319, -0.00911229, -0.999015, 0.0365609
5.41231, 5.27776, 0.421148, -0.0116938, -0.999056, 0.0371648
5.41252, 5.28056, 0.418324, -0.0119475, -0.999438, 0.0274551
5.41182, 5.28203, 0.42086, 0.0144922, 0.999188, -0.0330612
5.41214, 5.2777, 0.421249, 0.0126383, 0.999476, -0.0267761
5.41276, 5.27875, 0.424001, 0.0134592, 0.999092, -0.037249
5.4118, 5.28187, 0.419196, 0.0130841, 0.999064, -0.0352986
5.41199, 5.27817, 0.424579, 0.011007, 0.999415, -0.0270539
5.41272, 5.2824, 0.422542, -0.017043, -0.998929, 0.0344613
5.41274, 5.28163, 0.422049, -0.0168948, -0.998883, 0.0383659
5.41267, 5.28007, 0.423458, 0.011995, 0.999157, -0.0336371
5.41274, 5.27969, 0.418908, 0.0123961, 0.999293, -0.0289609
5.41319, 5.28369, 0.420686, -0.0171224, -0.998336, 0.047057
5.4122, 5.2793, 0.420878, -0.0155213, -0.998953, 0.037718
5.41221, 5.28223, 0.424182, 0.0123308, 0.999103, -0.0343488
5.41226, 5.28094, 0.420211, -0.0118198, -0.999246, 0.0314037
5.4124, 5.27938, 0.42216, -0.0120182, -0.999239, 0.0321182
5.41206, 5.28, 0.421971, -0.0120286, -0.99924, 0.0324148
5.41226, 5.27794, 0.420828, -0.0124791, -0.999392, 0.0274735
5.41319, 5.28007, 0.421987, -0.0144501, -0.998604, 0.0409015
5.41267, 5.28057, 0.419505, 0.0172498, 0.998967, -0.032185
5.41263, 5.27945, 0.419215, 0.0152033, 0.999136, -0.0312943
5.41262, 5.2781, 0.419821, 0.0121295, 0.999415, -0.0252191
5.41276, 5.27879, 0.419264, 0.0136843, 0.998989, -0.036188
5.41174, 5.28075, 0.421325, 0.0157051, 0.999075, -0.0343974
5.41317, 5.27729, 0.421134, -0.00976324, -0.999219, 0.0327461
5.41227, 5.27987, 0.420915, 0.0134211, 0.999151, -0.0326905
5.41334, 5.27712, 0.421791, 0.0124763, 0.99935, -0.0287867
5.41259, 5.27844, 0.421988, -0.0147112, -0.999217, 0.0296132
5.41301, 5.27982, 0.421682, 0.0118226, 0.998877, -0.0401227
5.41167, 5.28061, 0.421215, 0.0130428, 0.999111, -0.0341445
5.41269, 5.27925, 0.421286, -0.0143917, -0.999127, 0.0326859
5.41282, 5.28194, 0.420388, 0.0140795, 0.999128, -0.0314873
5.41215, 5.27895, 0.41936, -0.0133982, -0.999456, 0.0261363
5.41219, 5.28025, 0.420725, 0.0138198, 0.999059, -0.0320168
5.41257, 5.2788, 0.419149, -0.0132192, -0.999085, 0.0334454
5.41281, 5.28229, 0.422403, 0.0144822, 0.99878, -0.0393469
5.41295, 5.27867, 0.421518, -0.0139589, -0.998958, 0.0352801
5.4124, 5.28228, 0.420084, 0.0149467, 0.998919, -0.0368781
5.41179, 5.27683, 0.424365, -0.0122059, -0.999226, 0.0331149
5.41428, 5.28141, 0.420024, 0.0105576, 0.998938, -0.0386638
5.41275, 5.28335, 0.419274, 0.0126001, 0.999089, -0.0315411
5.41324, 5.27939, 0.418464, 0.0118784, 0.998836, -0.0401148
5.41224, 5.28388, 0.41922, -0.011666, -0.998715, 0.0431657
5.4127, 5.2811, 0.423337, 0.0124045, 0.998967, -0.0384539
5.41204, 5.28234, 0.419456, 0.0151087, 0.999123, -0.0321417
5.41346, 5.283, 0.420163, 0.00948953, 0.998914, -0.0386665
5.41291, 5.27951, 0.421758, -0.0121266, -0.999163, 0.033616
5.41244, 5.28052, 0.419453, 0.0156151, 0.998989, -0.0365997
5.41241, 5.28314, 0.421908, 0.0150808, 0.999062, -0.034396
5.41342, 5.28265, 0.421003, 0.0117474, 0.999225, -0.0325576
5.41234, 5.27975, 0.422082, -0.0131844, -0.998957, 0.034855
5.41237, 5.28157, 0.422445, -0.0115572, -0.99927, 0.0265319
5.41228, 5.28081, 0.420248, -0.0128938, -0.999029, 0.0350583
5.41313, 5.28134, 0.421793, -0.0104835, -0.999033, 0.0364339
5.4116, 5.28414, 0.421649, 0.012831, 0.999031, -0.0356152
5.41196, 5.28187, 0.421811, 0.0129924, 0.999187, -0.0309731
5.41304, 5.27824, 0.422123, 0.0116976, 0.999, -0.0344932
5.41259, 5.27953, 0.423318, 0.0128645, 0.999018, -0.0363797
5.41306, 5.28188, 0.420844, 0.0106422, 0.998912, -0.0385603
5.41275, 5.28169, 0.420995, 0.0139345, 0.99921, -0.0300488
5.41293, 5.28014, 0.422921, 0.0109995, 0.999192, -0.0318708
5.41202, 5.28246, 0.424155, 0.0127682, 0.998838, -0.0402339
5.41215, 5.28012, 0.421949, 0.0147363, 0.99898, -0.0356685
5.41215, 5.27836, 0.419629, -0.0148321, -0.999253, 0.0299887
5.41324, 5.28169, 0.419311, -0.0131078, -0.998839, 0.0402349
5.41253, 5.27894, 0.42049, -0.0104011, -0.999083, 0.031402
5.41314, 5.28054, 0.421029, -0.0167604, -0.998802, 0.0386524
5.41274, 5.28143, 0.421671, -0.0147519, -0.999086, 0.0333554
5.41228, 5.28181, 0.424633, 0.0159215, 0.998735, -0.040751
5.41232, 5.27854, 0.422281, 0.0156816, 0.999228, -0.0284993
5.41273, 5.2832, 0.421646, -0.0105478, -0.998564, 0.0463368
5.41299, 5.27916, 0.420613, 0.0102765, 0.999355, -0.028738
5.4129, 5.27703, 0.422612, 0.0112988, 0.999218, -0.032671
5.41233, 5.27944, 0.421115, -0.010471, -0.999023, 0.0350911
5.41274, 5.27942, 0.420074, 0.0133461, 0.999088, -0.0338834
5.41305, 5.27697, 0.420072, -0.00930109, -0.99933, 0.0257314
5.41304, 5.28109, 0.419648, -0.00842837, -0.999435, 0.0288092
5.41287, 5.2795, 0.422163, 0.0154595, 0.998912, -0.0349629
5.41225, 5.28406, 0.418614, 0.013888, 0.999128, -0.0340408
5.41153, 5.28342, 0.420417, 0.0119898, 0.998946, -0.0367808
5.41101, 5.28385, 0.420682, -0.0129684, -0.999215, 0.0305306
5.41249, 5.27938, 0.419972, 0.0136005, 0.998828, -0.0403579
5.41184, 5.28009, 0.420623, 0.0160339, 0.999054, -0.0350969
5.41298, 5.28246, 0.420611, 0.0104692, 0.998684, -0.0444966
5.41203, 5.27872, 0.420795, 0.014733, 0.99909, -0.0324694
5.41246, 5.28139, 0.42065, 0.0113233, 0.999141, -0.0332886
5.41331, 5.27979, 0.418904, 0.0112174, 0.999044, -0.0336424
5.41158, 5.28156, 0.419687, -0.0162857, -0.999101, 0.0347656
5.41221, 5.27979, 0.418262, 0.0108718, 0.998716, -0.040472
5.41316, 5.28256, 0.420734, -0.00954358, -0.999017, 0.0367732
5.41351, 5.28213, 0.423609, -0.00981755, -0.999064, 0.0357893
5.41201, 5.28328, 0.420091, 0.014024, 0.998935, -0.0378547
5.41259, 5.28132, 0.417345, -0.0143357, -0.998988, 0.033684
5.41154, 5.2802, 0.419064, -0.0166564, -0.998934, 0.0384957
5.41291, 5.28086, 0.421101, 0.0101886, 0.999259, -0.0324789
5.41216, 5.27963, 0.423049, 0.0122147, 0.998785, -0.0407642
5.41257, 5.2743, 0.420895, -0.0150897, -0.99903, 0.0336146
5.4129, 5.28121, 0.421024, -0.0124272, -0.999152, 0.0340233
5.41188, 5.27896, 0.420846, -0.0122729, -0.999269, 0.0305937
5.41256, 5.28264, 0.422501, -0.0115193, -0.998893, 0.039608
5.41298, 5.28469, 0.420872, 0.0112625, 0.999013, -0.0359969
5.41237, 5.27838, 0.420748, 0.0142056, 0.999164, -0.0322747
5.41295, 5.28065, 0.421397, 0.0139175, 0.999057, -0.0328471
5.41125, 5.2791, 0.420976, 0.0137086, 0.999057, -0.0341602
5.41377, 5.28455, 0.419715, 0.00945084, 0.999053, -0.0365881
5.41312, 5.28056, 0.418781, -0.0161407, -0.99911, 0.031352
5.41274, 5.2796, 0.421089, -0.0137238, -0.999029, 0.0342824
5.41337, 5.27793, 0.418209, 0.0162052, 0.998986, -0.0345723
5.41223, 5.28122, 0.423123, -0.0125946, -0.999003, 0.0343037
5.41247, 5.27956, 0.420284, -0.0138134, -0.998922, 0.0400426
5.41141, 5.28197, 0.420233, -0.0157004, -0.998983, 0.03635
5.41212, 5.2821, 0.419991, 0.0144462, 0.998996, -0.0378456
5.41318, 5.28055, 0.419276, -0.0132478, -0.998986, 0.0377039
5.41224, 5.28306, 0.42265, -0.0116646, -0.998989, 0.0384449
5.41153, 5.27924, 0.42133, -0.0135373, -0.999043, 0.0354954
5.41275, 5.27646, 0.419858, 0.0129367, 0.999365, -0.0277863
5.41292, 5.27959, 0.419652, -0.0130461, -0.999073, 0.0342341
5.41333, 5.28179, 0.422672, 0.00992185, 0.999115, -0.0331181
5.41337, 5.28565, 0.419749, -0.0103778, -0.99859, 0.045558
5.41221, 5.27745, 0.423381, -0.0114046, -0.998918, 0.04043
5.41182, 5.28043, 0.420559, -0.011498, -0.999041, 0.0361361
5.41335, 5.28174, 0.420776, 0.00831039, 0.999174, -0.0338737
5.4125, 5.27723, 0.423063, 0.0145437, 0.999033, -0.0362611
5.412, 5.27816, 0.422252, -0.0118677, -0.999309, 0.0292573
5.41206, 5.28172, 0.420053, 0.0123306, 0.999063, -0.0358067
5.41348, 5.27985, 0.421683, 0.00775591, 0.999384, -0.0262454
5.41199, 5.28007, 0.418761, -0.013058, -0.999, 0.0348416
5.41223, 5.27814, 0.420652, 0.0132592, 0.999143, -0.0324447
5.41219, 5.28165, 0.420567, 0.0139595, 0.99897, -0.037541
5.41251, 5.2871, 0.418439, 0.0116919, 0.999007, -0.0359879
5.41204, 5.28323, 0.420447, 0.0164858, 0.999037, -0.0330009
5.41122, 5.28064, 0.423912, 0.0121637, 0.998954, -0.0378632
5.41351, 5.27954, 0.422152, 0.0102225, 0.999054, -0.0335014
5.41307, 5.28188, 0.419804, -0.013088, -0.999043, 0.0332821
5.4135, 5.27832, 0.41969, 0.00868203, 0.99921, -0.0330199
5.41184, 5.27851, 0.423649, 0.0142189, 0.999064, -0.0342888
5.41236, 5.28011, 0.422539, -0.0162257, -0.998641, 0.0429416
5.41255, 5.27736, 0.419073, 0.0141832, 0.999134, -0.0325946
5.41203, 5.27871, 0.419625, 0.0132459, 0.999301, -0.0304672
5.41184, 5.27941, 0.422455, -0.0133123, -0.999138, 0.033579
5.41301, 5.27965, 0.42045, 0.0139905, 0.998945, -0.0374134
5.41177, 5.28031, 0.420448, 0.0124237, 0.999104, -0.0357149
5.41242, 5.27857, 0.421002, -0.0111656, -0.999162, 0.0318529
5.41271, 5.28288, 0.420966, 0.0130573, 0.998534, -0.0461053
5.41226, 5.27848, 0.423885, 0.0128318, 0.999289, -0.0296321
5.41271, 5.28104, 0.420975, 0.0104689, 0.999075, -0.0329129
5.41134, 5.27985, 0.419926, 0.013275, 0.999111, -0.0341645
5.41247, 5.2824, 0.421556, -0.0120208, -0.999249, 0.0322788
5.41251, 5.283, 0.419754, 0.013964, 0.998952, -0.0363495
5.41303, 5.2818, 0.421236, -0.00841279, -0.998885, 0.0405647
5.41274, 5.27959, 0.420712, -0.0132601, -0.999161, 0.0332337
5.41267, 5.28335, 0.418599, 0.0119605, 0.999019, -0.0361526
5.41184, 5.28216, 0.421606, -0.013565, -0.999077, 0.0334101
5.41146, 5.27834, 0.423506, -0.0149531, -0.99889, 0.0385268
5.41239, 5.27924, 0.422931, 0.0120648, 0.999193, -0.0324696
5.41329, 5.27973, 0.420428, -0.0109587, -0.999234, 0.0332883
5.41219, 5.27774, 0.421391, 0.0119137, 0.999284, -0.0304166
5.41251, 5.28026, 0.418586, -0.0142992, -0.998934, 0.0351938
5.41224, 5.27973, 0.420698, 0.0139352, 0.999184, -0.0334889
5.4125, 5.27945, 0.423672, -0.0116246, -0.998737, 0.0426944
5.41176, 5.28012, 0.422145, -0.0153417, -0.999129, 0.0339483
5.4125, 5.27911, 0.421725, 0.00906291, 0.999247, -0.0328464
5.41299, 5.27926, 0.420506, 0.0138826, 0.999113, -0.0350369
5.41282, 5.28339, 0.422842, -0.0152482, -0.998825, 0.0352541
5.41099, 5.28297, 0.419939, -0.0123472, -0.999072, 0.0348178
5.41342, 5.27931, 0.419619, -0.00877001, -0.999221, 0.0306528
5.41272, 5.28083, 0.423007, 0.0116687, 0.998947, -0.0385997
5.41183, 5.2819, 0.42178, -0.0139324, -0.998801, 0.0413757
5.41234, 5.27938, 0.420154, 0.0143724, 0.999167, -0.0310285
5.41252, 5.27927, 0.421347, 0.0153268, 0.999328, -0.0289897
5.41288, 5.28076, 0.422846, -0.015857, -0.998985, 0.0328427
5.41314, 5.28061, 0.419244, -0.0146606, -0.999304, 0.0296789
5.41233, 5.28171, 0.421348, -0.0133736, -0.999251, 0.0316306
5.41269, 5.28164, 0.42096, -0.0125234, -0.99866, 0.0413751
5.41259, 5.2787, 0.421597, 0.0111927, 0.99921, -0.0334224
5.41192, 5.27964, 0.423065, 0.0142325, 0.998859, -0.0390035
5.41221, 5.27774, 0.421388, 0.0103848, 0.999064, -0.037222
5.41346, 5.28398, 0.421117, -0.0111746, -0.999363, 0.0276003
5.41219, 5.27918, 0.422232, 0.0191893, 0.998712, -0.0375241
5.41173, 5.27764, 0.42393, 0.0160967, 0.999058, -0.0320223
5.41361, 5.28109, 0.420648, 0.0133199, 0.99905, -0.0345733
5.41265, 5.28202, 0.422463, 0.0166241, 0.999108, -0.03438
5.41247, 5.28036, 0.417602, -0.016411, -0.999009, 0.033578
5.41209, 5.27945, 0.421407, 0.016001, 0.999226, -0.0298275
5.41283, 5.27963, 0.421837, 0.0114507, 0.999076, -0.0344479
5.41192, 5.28285, 0.420001, -0.0138213, -0.998776, 0.0396891
5.41301, 5.28506, 0.418741, 0.0154955, 0.998964, -0.0380806
5.41159, 5.28053, 0.423022, 0.0110322, 0.99898, -0.037408
5.41287, 5.28059, 0.422674, -0.0113025, -0.999006, 0.0348383
5.4126, 5.27849, 0.422196, 0.0131771, 0.998971, -0.0391066
5.41263, 5.28125, 0.422457, -0.011343, -0.999264, 0.0314674
5.41197, 5.2797, 0.418661, 0.0132353, 0.999007, -0.0359446
5.41285, 5.28341, 0.419633, 0.0156462, 0.998904, -0.0383391
5.41214, 5.279, 0.418825, -0.00963334, -0.999158, 0.033229
5.41324, 5.28023, 0.421311, -0.00956526, -0.99888, 0.0390556
5.41237, 5.27993, 0.420222, -0.0128478, -0.999132, 0.0335741
5.41179, 5.28004, 0.422193, 0.0117781, 0.999197, -0.0333186
5.41148, 5.27961, 0.419572, -0.0139007, -0.998977, 0.0362294
5.41214, 5.28063, 0.420844, -0.0154061, -0.999208, 0.028566
5.41271, 5.27765, 0.420229, 0.0130227, 0.999017, -0.0331021
5.41243, 5.27822, 0.419682, 0.0169815, 0.9991, -0.0315042
5.41291, 5.28359, 0.419318, -0.013986, -0.999051, 0.0348375
5.41188, 5.27849, 0.419396, 0.0143417, 0.999175, -0.0307835
5.41207, 5.28341, 0.418365, -0.0129902, -0.99904, 0.0332934
5.41238, 5.28311, 0.417733, 0.0132569, 0.998971, -0.0344563
5.41174, 5.27797, 0.421535, -0.0152729, -0.999043, 0.0348792
5.4124, 5.27909, 0.419964, 0.0128181, 0.99906, -0.0364688
5.41194, 5.28262, 0.423579, -0.0121236, -0.999088, 0.035673
5.41269, 5.28061, 0.419322, -0.0136081, -0.999165, 0.0331413
5.41231, 5.27747, 0.421513, -0.0135957, -0.999198, 0.0331279
5.41201, 5.2797, 0.420954, 0.0164499, 0.998946, -0.0356365
5.41214, 5.28375, 0.420711, 0.0113246, 0.998855, -0.0396535
5.41168, 5.28026, 0.420363, 0.0147729, 0.999209, -0.0317196
5.41201, 5.27866, 0.420377, -0.0112205, -0.999325, 0.0309328
5.41268, 5.28111, 0.421103, 0.0115262, 0.999316, -0.0304516
5.41312, 5.27985, 0.421664, -0.0138094, -0.998873, 0.0396753
5.41184, 5.27859, 0.422147, 0.0126977, 0.99921, -0.031909
5.41239, 5.27957, 0.421536, -0.0098599, -0.999217, 0.0334122
5.41226, 5.28065, 0.421243, 0.0160037, 0.999306, -0.0237013
5.41372, 5.27799, 0.422498, 0.0125982, 0.99912, -0.0354854
5.41216, 5.28354, 0.419322, 0.0140271, 0.999087, -0.0276102
5.41225, 5.27975, 0.420829, 0.015171, 0.999063, -0.0346798
5.41269, 5.27999, 0.419963, -0.0124687, -0.999224, 0.0324157
5.41245, 5.27845, 0.419945, 0.0132723, 0.999103, -0.0338741
5.41202, 5.27891, 0.418666, 0.0168036, 0.998895, -0.036764
5.41217, 5.28517, 0.423388, 0.010895, 0.998991, -0.0372492
5.41325, 5.27996, 0.418631, -0.0124143, -0.999172, 0.0343497
5.41228, 5.28151, 0.420427, -0.0124597, -0.998956, 0.0314558
5.41167, 5.27989, 0.422609, 0.0148151, 0.999187, -0.0317213
5.41251, 5.27706, 0.421153, -0.0200385, -0.999007, 0.030267
5.4131, 5.2807, 0.418256, 0.013243, 0.999274, -0.0313141
5.41159, 5.27951, 0.423372, -0.0170001, -0.99901, 0.029934
5.41347, 5.28434, 0.420689, 0.00953663, 0.99871, -0.0443158
5.41334, 5.28122, 0.4224, -0.0130724, -0.998946, 0.0386619
5.41135, 5.28195, 0.421582, 0.0111595, 0.999138, -0.0352883
5.41213, 5.27779, 0.421188, -0.0154901, -0.99908, 0.035787
5.41262, 5.27945, 0.420211, 0.0123887, 0.99931, -0.0277054
5.41307, 5.2834, 0.423603, -0.0108228, -0.999015, 0.0384242
5.41323, 5.28248, 0.422888, 0.0122658, 0.999196, -0.0279558
5.41335, 5.27971, 0.418323, 0.0151146, 0.999108, -0.0329689
5.41236, 5.2808, 0.41938, -0.0145456, -0.999094, 0.032361
5.41285, 5.2778, 0.420303, 0.0115537, 0.999225, -0.0327352
5.41383, 5.27972, 0.418234, 0.00983809, 0.999149, -0.0341143
5.41147, 5.2822, 0.420005, 0.0128911, 0.999213, -0.032376
5.41228, 5.27878, 0.424953, 0.0147832, 0.999002, -0.0360326
5.41162, 5.27919, 0.423871, -0.0123676, -0.998963, 0.0373539
5.41373, 5.28166, 0.420509, -0.00925401, -0.998976, 0.0390595
5.41195, 5.27782, 0.421125, 0.0119932, 0.999216, -0.0342284
5.41323, 5.2809, 0.418166, -0.0117687, -0.999084, 0.0331087
5.41285, 5.27901, 0.422817, 0.0153514, 0.999259, -0.0305668
5.41309, 5.28273, 0.422073, 0.0112048, 0.998916, -0.0396031
5.41236, 5.28219, 0.421469, -0.0144056, -0.998901, 0.0397532
5.41125, 5.28061, 0.422577, 0.0153908, 0.999056, -0.0342661
5.41234, 5.27918, 0.41921, 0.0130349, 0.999234, -0.0310394
5.41212, 5.27888, 0.418057, -0.0133354, -0.99929, 0.029726
5.41326, 5.28125, 0.421972, 0.0143996, 0.999159, -0.0318201
5.41223, 5.28089, 0.420458, 0.0122524, 0.999042, -0.0364966
5.41312, 5.28242, 0.418224, 0.0125175, 0.998912, -0.0350877
5.41294, 5.28162, 0.417417, -0.0118314, -0.998974, 0.0365386
5.41205, 5.28282, 0.420196, 0.0109546, 0.999031, -0.0372403
5.41221, 5.28463, 0.421331, -0.0148746, -0.99867, 0.0440731
5.41273, 5.28294, 0.420486, 0.0116454, 0.999116, -0.0334301
5.41205, 5.28083, 0.419007, -0.0195799, -0.998943, 0.0346702
5.41222, 5.27788, 0.422939, -0.013923, -0.999104, 0.0349499
5.41189, 5.28022, 0.420371, 0.016835, 0.998915, -0.0380255
5.41247, 5.27884, 0.422291, 0.0138773, 0.999099, -0.0337215
5.41256, 5.27882, 0.421231, -0.0134266, -0.999274, 0.0305703
5.41181, 5.27755, 0.423531, 0.0139208, 0.999246, -0.0316868
5.41178, 5.27778, 0.420401, -0.0123849, -0.999171, 0.0319848
5.41232, 5.28364, 0.420954, -0.0167495, -0.998912, 0.0372233
5.41228, 5.27823, 0.421336, 0.0113379, 0.999267, -0.0317706
5.41219, 5.28292, 0.422119, 0.0125099, 0.999061, -0.0353446
5.41278, 5.28044, 0.41812, -0.0169707, -0.998993, 0.0355501
5.41306, 5.27977, 0.4222, -0.00983373, -0.999171, 0.0328315
5.41269, 5.28196, 0.420078, 0.0138305, 0.999053, -0.0364398
5.4138, 5.27865, 0.419468, -0.0112129, -0.999136, 0.0337801
5.4126, 5.27951, 0.418427, -0.0118309, -0.99927, 0.0314102
5.41453, 5.27986, 0.418937, -0.013592, -0.998616, 0.0420636
5.41278, 5.27684, 0.417701, -0.0111907, -0.999152, 0.0312376
5.41224, 5.27808, 0.418602, 0.0109173, 0.999219, -0.0314957
5.41133, 5.27996, 0.419394, 0.0140571, 0.999179, -0.028994
5.4127, 5.28275, 0.420395, -0.0141496, -0.998969, 0.0357347
5.41218, 5.28195, 0.419831, 0.0132703, 0.999001, -0.036116
5.41217, 5.28157, 0.420479, 0.011213, 0.998963, -0.0358654
5.41192, 5.28162, 0.420631, 0.0130002, 0.999111, -0.035897
5.41151, 5.28124, 0.422664, 0.0152305, 0.998889, -0.0399464
5.41265, 5.28355, 0.421019, 0.0125782, 0.9992, -0.0335217
5.41272, 5.28041, 0.419325, 0.0135159, 0.999227, -0.0309293
5.412, 5.27797, 0.422213, -0.0149059, -0.999229, 0.030875
5.4129, 5.28166, 0.419856, -0.0121735, -0.999001, 0.0380231
5.41197, 5.27933, 0.423177, -0.0152364, -0.99925, 0.0316965
5.41183, 5.27991, 0.422698, 0.0122746, 0.999115, -0.0352702
5.41312, 5.2793, 0.420527, 0.00919082, 0.999227, -0.0339156
5.41324, 5.2779, 0.422116, 0.0112239, 0.999302, -0.029694
5.41338, 5.28125, 0.418877, 0.00783896, 0.999037, -0.0377553
5.41154, 5.27985, 0.420258, 0.0143599, 0.99925, -0.0293299
5.41169, 5.28301, 0.421606, 0.0122365, 0.998932, -0.0356137
5.41195, 5.28074, 0.423195, -0.0131481, -0.999137, 0.0345069
5.41235, 5.28183, 0.420289, 0.0112143, 0.999015, -0.037231
5.41272, 5.27862, 0.418423, 0.0144993, 0.999155, -0.0327163
5.41223, 5.27978, 0.419074, -0.0125169, -0.998791, 0.0412377
5.41305, 5.28174, 0.420894, -0.0143147, -0.998898, 0.0372233
5.41235, 5.27967, 0.42017, 0.0092177, 0.999299, -0.0313274
5.41301, 5.28152, 0.420109, 0.014437, 0.999197, -0.0321093
5.41127, 5.27733, 0.422014, 0.0164183, 0.999209, -0.0303208
5.4123, 5.28068, 0.420634, 0.0154025, 0.999115, -0.0329613
5.41319, 5.28104, 0.422236, -0.00885239, -0.999071, 0.0350557
5.41316, 5.28055, 0.421845, 0.0130376, 0.999216, -0.0322491
5.41256, 5.27801, 0.420501, 0.0139511, 0.999186, -0.0314884
5.41218, 5.28265, 0.422011, 0.0139278, 0.999088, -0.0338183
5.41365, 5.28095, 0.420735, -0.0130656, -0.999069, 0.0338384
5.41292, 5.27789, 0.421489, 0.0145225, 0.999063, -0.0340864
5.41155, 5.27937, 0.423675, 0.013911, 0.998953, -0.0382855
5.41217, 5.28083, 0.420283, -0.0118556, -0.999003, 0.0366109
5.41284, 5.27948, 0.420473, 0.0111141, 0.998891, -0.041035
5.4119, 5.2792, 0.420381, -0.0142225, -0.999109, 0.0305338
5.41226, 5.28001, 0.421538, -0.0147092, -0.999183, 0.0304007
5.41305, 5.28024, 0.421486, -0.0142003, -0.998805, 0.0386235
5.41295, 5.27942, 0.419514, 0.0137154, 0.998956, -0.038785
5.41196, 5.28246, 0.422741, -0.0114694, -0.998973, 0.0396435
5.4119, 5.28373, 0.42214, -0.0125134, -0.999178, 0.0296061
5.4128, 5.27916, 0.42044, 0.0140677, 0.998998, -0.0347523
5.41233, 5.27818, 0.42033, 0.0120691, 0.999074, -0.0367406
5.41297, 5.27884, 0.421292, -0.0137972, -0.999241, 0.0309151
5.41249, 5.27913, 0.417606, -0.0155608, -0.998942, 0.0366739
5.41095, 5.27751, 0.421582, 0.0140554, 0.999107, -0.0353205
5.41274, 5.27901, 0.420012, -0.0102631, -0.99925, 0.031522
5.41222, 5.27984, 0.420029, -0.0121671, -0.999008, 0.0383301
5.41276, 5.27897, 0.421972, 0.0134438, 0.99902, -0.0344442
5.4129, 5.28104, 0.418667, -0.010761, -0.99884, 0.0420535
5.41198, 5.28059, 0.419337, -0.0114697, -0.999097, 0.033688
5.41185, 5.28092, 0.421182, -0.0136846, -0.999017, 0.0336731
5.4117, 5.27963, 0.420556, 0.0141413, 0.99922, -0.0303474
5.4119, 5.27935, 0.420763, 0.0169413, 0.999082, -0.0288193
5.4127, 5.27968, 0.421937, -0.0158085, -0.999055, 0.0321417
5.4128, 5.2795, 0.419677, 0.0135444, 0.999171, -0.0330466
5.41228, 5.28129, 0.420005, -0.0147635, -0.998825, 0.0410139
5.41264, 5.27884, 0.419019, 0.0169594, 0.999111, -0.029201
5.41308, 5.28315, 0.421581, -0.00901714, -0.998877, 0.0391271
5.41157, 5.28109, 0.422339, 0.0111889, 0.999136, -0.0363642
5.41382, 5.28149, 0.419704, -0.0111071, -0.998771, 0.0431132
5.41212, 5.2827, 0.422128, -0.0082366, -0.998947, 0.038157
5.41332, 5.28173, 0.41815, -0.011539, -0.998959, 0.0371717
5.41235, 5.27989, 0.420052, -0.0122844, -0.999095, 0.0375966
5.41279, 5.27808, 0.420173, -0.0151516, -0.998968, 0.0371115
5.4118, 5.28539, 0.421163, 0.0108874, 0.998885, -0.0403791
5.41288, 5.27966, 0.419627, 0.0115134, 0.999118, -0.0341553
5.41292, 5.27982, 0.42091, -0.012514, -0.999035, 0.0364217
5.41133, 5.28016, 0.420913, 0.0121424, 0.999195, -0.0320896
5.41305, 5.27728, 0.42213, 0.012159, 0.999137, -0.0340161
5.41292, 5.28298, 0.419364, 0.0126747, 0.998997, -0.0355742
5.41176, 5.27937, 0.423083, -0.0129795, -0.999099, 0.0339431
5.41164, 5.27966, 0.4198, -0.0114453, -0.999085, 0.033615
5.41231, 5.28018, 0.4208, -0.0165435, -0.999094, 0.031511
5.41291, 5.27876, 0.421001, -0.0136092, -0.999057, 0.0348982
5.41158, 5.2773, 0.421651, -0.0135201, -0.999196, 0.0324524
5.41295, 5.28185, 0.422374, 0.0129432, 0.999262, -0.0277239
5.41362, 5.27853, 0.421368, 0.00997487, 0.999515, -0.024404
5.41142, 5.2783, 0.421723, 0.013365, 0.999209, -0.0329048
5.4125, 5.27912, 0.419483, -0.0128167, -0.999188, 0.033944
5.41265, 5.28129, 0.420914, 0.0136616, 0.999175, -0.0301722
5.41353, 5.28542, 0.42149, -0.00721491, -0.998883, 0.041821
5.41313, 5.2811, 0.41869, -0.0116877, -0.999053, 0.034438
5.41209, 5.27942, 0.419177, 0.0160875, 0.998989, -0.0338328
5.41172, 5.28303, 0.421403, 0.0145906, 0.998881, -0.0373138
5.41193, 5.28178, 0.419295, -0.013484, -0.99891, 0.0383748
5.41288, 5.27737, 0.419363, 0.0136071, 0.999293, -0.0301416
5.41345, 5.28204, 0.418978, 0.00972926, 0.999201, -0.0328412
