5.28779, 5.30523, 0.801408, -0.0131754, 0.0334513, 0.999174
5.29161, 5.30317, 0.798924, -0.0177528, 0.0284359, 0.999225
5.28996, 5.3027, 0.801901, 0.0165685, -0.0414522, -0.998945
5.28755, 5.30659, 0.795447, -0.00210932, 0.036734, 0.999132
5.28905, 5.30518, 0.811446, -0.0118714, 0.0316452, 0.999395
5.29086, 5.30444, 0.800395, 0.014904, -0.0351959, -0.99911
5.28834, 5.30555, 0.797506, 0.0126691, -0.0275647, -0.999363
5.28762, 5.30637, 0.803842, -0.00723675, 0.0330716, 0.999305
5.28752, 5.30253, 0.801759, 0.0111047, -0.0360712, -0.999195
5.28852, 5.30336, 0.800905, -0.0108843, 0.0331894, 0.999295
5.29198, 5.30421, 0.787017, 0.0170879, -0.0324079, -0.999201
5.28741, 5.30507, 0.800102, -0.0113187, 0.0354312, 0.999199
5.29057, 5.30241, 0.79149, -0.00861826, 0.0263764, 0.99951
5.28621, 5.30466, 0.794047, 0.00401526, -0.0304262, -0.999374
5.28797, 5.30364, 0.794447, 0.00591735, -0.0309626, -0.99939
5.2857, 5.30539, 0.79951, 0.00878778, -0.0322303, -0.999345
5.28725, 5.30448, 0.794106, 0.0108981, -0.027615, -0.999428
5.28889, 5.30169, 0.791658, -0.0117698, 0.0213834, 0.999624
5.28921, 5.30579, 0.806473, 0.013379, -0.0339055, -0.999201
5.28997, 5.30108, 0.797275, -0.0116902, 0.0360069, 0.999202
5.29003, 5.30308, 0.796576, 0.0146666, -0.0342082, -0.9992
5.29015, 5.30501, 0.798021, -0.00876693, 0.0310741, 0.999323
5.28634, 5.30369, 0.796992, -0.00469813, 0.0334037, 0.999293
5.2884, 5.30517, 0.809828, 0.00923587, -0.0339471, -0.999312
5.29065, 5.30186, 0.800608, 0.014216, -0.0435539, -0.99887
5.29264, 5.30484, 0.801128, -0.0110347, 0.0260756, 0.99946
5.29314, 5.30024, 0.806034, -0.0247759, 0.0317921, 0.999013
5.29085, 5.3035, 0.793611, -0.00662248, 0.0328628, 0.99928
5.28791, 5.30301, 0.792088, -0.00942357, 0.0188841, 0.999645
5.29042, 5.30365, 0.798841, 0.0157036, -0.0411395, -0.998836
5.28837, 5.30222, 0.798922, -0.00599648, 0.0278945, 0.999384
5.28899, 5.30376, 0.799846, 0.00476483, -0.041685, -0.999012
5.28733, 5.30241, 0.807687, -0.00486235, 0.0170644, 0.999648
5.28834, 5.30117, 0.789725, 0.00775301, -0.0332566, -0.99936
5.28814, 5.30704, 0.807422, 0.0120311, -0.0294283, -0.999442
5.29085, 5.29994, 0.806544, -0.0105109, 0.0365413, 0.999147
5.28588, 5.30457, 0.79304, -0.00330913, 0.0329715, 0.99932
5.29102, 5.30408, 0.804158, 0.0122536, -0.0336758, -0.999244
5.28919, 5.30226, 0.795568, 0.00570455, -0.0341821, -0.999273
5.28883, 5.30291, 0.804729, 0.00979988, -0.0369672, -0.999212
5.28893, 5.30447, 0.808264, 0.0127512, -0.0338075, -0.999164
5.28609, 5.3058, 0.800923, 0.0102168, -0.028488, -0.999333
5.28831, 5.30316, 0.78978, -0.00637908, 0.0356755, 0.999268
5.28985, 5.30417, 0.795413, 0.00622385, -0.0316692, -0.999424
5.29, 5.30266, 0.816338, 0.0116052, -0.0308394, -0.999417
5.28673, 5.30335, 0.806493, 0.00537404, -0.0342578, -0.999304
5.28638, 5.30436, 0.800338, 0.0115617, -0.0330816, -0.999284
5.28862, 5.30361, 0.799075, 0.0136237, -0.0307477, -0.999308
5.28655, 5.30618, 0.800536, -0.0031419, 0.0235874, 0.999608
5.28957, 5.30575, 0.803651, 0.0142657, -0.0360233, -0.999124
5.28636, 5.30415, 0.80846, -0.00998231, 0.0317955, 0.999394
5.28252, 5.30374, 0.802012, -0.00184899, 0.0354896, 0.999325
5.2857, 5.30513, 0.802303, 0.0115362, -0.031106, -0.999361
5.28815, 5.30312, 0.798505, 0.012592, -0.0339746, -0.999145
5.29129, 5.30399, 0.796801, -0.0166892, 0.0327085, 0.999125
5.28817, 5.30414, 0.79662, 0.00429625, -0.0387028, -0.999139
5.28856, 5.30114, 0.787974, 0.00757329, -0.0400861, -0.999107
5.28818, 5.30339, 0.805395, 0.00864834, -0.0315986, -0.999344
5.2918, 5.30262, 0.801118, 0.0146939, -0.0306458, -0.999312
5.28759, 5.30273, 0.805037, 0.00659869, -0.0321045, -0.999343
5.28258, 5.30538, 0.794245, -0.0049904, 0.0334106, 0.999346
5.28742, 5.30177, 0.799989, -0.00884434, 0.0341036, 0.999309
5.28987, 5.30552, 0.796892, -0.00657972, 0.0270084, 0.999441
5.29203, 5.3048, 0.798017, -0.0168941, 0.0359582, 0.999164
5.28902, 5.30629, 0.797931, -0.00602807, 0.0322814, 0.999277
5.28836, 5.30563, 0.799288, 0.00926917, -0.0306231, -0.999365
5.28923, 5.30331, 0.810827, 0.0124536, -0.0274561, -0.999408
5.29032, 5.30164, 0.791385, 0.0039139, -0.0347508, -0.999323
5.28867, 5.30447, 0.789844, 0.0052162, -0.0327078, -0.999218
5.2884, 5.30613, 0.798912, 0.00504144, -0.0306193, -0.999395
5.29137, 5.30287, 0.80133, -0.0144794, 0.0346199, 0.999155
5.29157, 5.30712, 0.804497, 0.0162012, -0.0427179, -0.998795
5.29188, 5.30241, 0.813049, 0.0148296, -0.0299533, -0.999414
5.29205, 5.30371, 0.801474, -0.0197547, 0.0324027, 0.999195
5.28557, 5.30328, 0.798279, 0.00861491, -0.0324837, -0.999386
5.28852, 5.30462, 0.804788, -0.00956965, 0.0279252, 0.999402
5.28743, 5.30266, 0.805835, 0.00652097, -0.039254, -0.999054
5.28636, 5.30474, 0.801822, 0.00390226, -0.0322179, -0.999419
5.29124, 5.30182, 0.801804, 0.00826539, -0.0280534, -0.999451
5.28922, 5.30373, 0.801014, 0.020587, -0.0236914, -0.999168
5.28858, 5.30299, 0.801477, -0.00683861, 0.0256615, 0.999478
5.29119, 5.30293, 0.793955, 0.0216852, -0.0428209, -0.998651
5.28598, 5.30787, 0.797784, -0.0106188, 0.0259974, 0.999548
5.2904, 5.3064, 0.802658, -0.00718823, 0.0302015, 0.999371
5.28992, 5.30367, 0.796454, 0.00792117, -0.0374901, -0.999159
5.28701, 5.30465, 0.817521, -0.0118513, 0.0331561, 0.99934
5.2901, 5.30225, 0.790692, 0.00586094, -0.027739, -0.999519
5.28746, 5.30385, 0.800735, -0.00977511, 0.0342004, 0.999325
5.28728, 5.30731, 0.801117, -0.0107119, 0.029199, 0.999403
5.28946, 5.30373, 0.798909, -0.0106707, 0.0344391, 0.999255
5.29059, 5.30522, 0.786161, -0.0088969, 0.0272898, 0.999497
5.29119, 5.303, 0.807484, 0.00692457, -0.0302617, -0.99941
5.29011, 5.30545, 0.793286, -0.0124571, 0.0330159, 0.999241
5.28921, 5.30642, 0.799856, -0.0160306, 0.032538, 0.999227
5.28786, 5.30724, 0.799337, 0.0102655, -0.0309146, -0.999409
5.28888, 5.30183, 0.809902, -0.0173799, 0.0348373, 0.999126
5.292, 5.30287, 0.786337, 0.0123309, -0.0403252, -0.999047
5.2874, 5.30217, 0.794012, -0.00386915, 0.0344984, 0.999296
5.28948, 5.30228, 0.798655, -0.0135456, 0.0404666, 0.99892
5.29123, 5.30162, 0.804375, 0.0149197, -0.034391, -0.999203
5.28656, 5.30496, 0.804811, 0.00691537, -0.032457, -0.999375
5.28959, 5.30141, 0.787429, 0.00537416, -0.038697, -0.999144
5.28863, 5.30391, 0.79293, 0.0123291, -0.0318656, -0.99929
5.28768, 5.30299, 0.792681, 0.0093609, -0.0292947, -0.99943
5.28804, 5.30304, 0.792719, -0.00200495, 0.0378022, 0.999248
5.28926, 5.30373, 0.793334, 0.00790082, -0.03072, -0.999425
5.28795, 5.30316, 0.803858, -0.0118089, 0.0327394, 0.99928
5.28776, 5.30418, 0.802775, -0.00486761, 0.023597, 0.999623
5.29031, 5.30196, 0.801259, -0.0186539, 0.030493, 0.999273
5.28834, 5.30327, 0.808704, 0.00763313, -0.0330295, -0.999339
5.29286, 5.30214, 0.800653, -0.0166539, 0.032248, 0.999111
5.29025, 5.30346, 0.798504, 0.00990292, -0.0364758, -0.999162
5.28924, 5.30399, 0.802514, -0.0168466, 0.030608, 0.999291
5.29073, 5.30345, 0.798444, 0.00942391, -0.0376649, -0.999202
5.28886, 5.3035, 0.799194, 0.00470586, -0.0339898, -0.999359
5.29011, 5.29962, 0.788989, 0.00486429, -0.0352841, -0.99919
5.29072, 5.3067, 0.813739, 0.014799, -0.0316079, -0.999285
5.28801, 5.30295, 0.792655, -0.00760326, 0.0349701, 0.999187
5.28928, 5.30406, 0.798828, -0.00625199, 0.0267168, 0.999437
5.2883, 5.30271, 0.794587, -0.010437, 0.0326326, 0.999281
5.28679, 5.30419, 0.796214, -0.0063471, 0.0319952, 0.999419
5.28758, 5.30357, 0.797884, 0.00470119, -0.0287665, -0.999475
5.28643, 5.3033, 0.802388, 0.00659337, -0.0275348, -0.999439
5.29073, 5.30516, 0.79643, -0.014026, 0.0332578, 0.999234
5.29065, 5.30328, 0.802341, -0.0113594, 0.0381332, 0.998944
5.28992, 5.30194, 0.805902, -0.0060657, 0.0296114, 0.999459
5.28705, 5.30368, 0.797552, 0.00740465, -0.0357955, -0.999279
5.2907, 5.3029, 0.789577, 0.00965782, -0.022721, -0.999416
5.28729, 5.30326, 0.808727, -0.0118033, 0.0352196, 0.99922
5.28777, 5.30385, 0.804221, -0.0102292, 0.0311238, 0.999328
5.28757, 5.30375, 0.790271, -0.00526352, 0.0372061, 0.999137
5.288, 5.30162, 0.787365, -2.11593e-05, -0.0326584, -0.999393
5.28877, 5.30216, 0.804136, 0.00388039, -0.0337491, -0.99933
5.28716, 5.30496, 0.797249, -0.0101338, 0.0317695, 0.99933
5.28771, 5.30447, 0.808382, -0.0083487, 0.029209, 0.999464
5.28847, 5.30383, 0.802516, -0.0122639, 0.0413821, 0.998948
5.28615, 5.30542, 0.788706, 0.00515924, -0.026187, -0.999588
5.29094, 5.30254, 0.805221, -0.0145593, 0.0387338, 0.998998
5.28858, 5.30352, 0.800494, 0.0027587, -0.0335394, -0.999319
5.28807, 5.30297, 0.794032, 0.00489576, -0.028122, -0.999475
5.28864, 5.30406, 0.791703, 0.00373016, -0.0272538, -0.999454
5.28914, 5.30164, 0.797368, 0.00741963, -0.0240344, -0.999556
5.28863, 5.3033, 0.808644, 0.0127648, -0.0339866, -0.999229
5.28942, 5.30483, 0.810704, 0.0069626, -0.0376041, -0.999154
5.2899, 5.30284, 0.803278, 0.00547829, -0.0257927, -0.999566
5.2897, 5.30298, 0.805899, 0.0136656, -0.0349885, -0.99917
5.28832, 5.30229, 0.794255, -0.00541071, 0.0263359, 0.99947
5.29046, 5.3066, 0.797159, 0.0102048, -0.0335444, -0.99935
5.29001, 5.3049, 0.813815, 0.00718812, -0.0363932, -0.999212
5.29159, 5.30345, 0.796138, -0.017666, 0.0328547, 0.999237
5.28821, 5.30223, 0.789881, 0.00963233, -0.0311678, -0.999409
5.29017, 5.30355, 0.796502, -0.0084783, 0.0209776, 0.999684
5.28797, 5.30303, 0.808833, -0.00707859, 0.0294746, 0.999501
5.29002, 5.30326, 0.820591, 0.0178734, -0.0334692, -0.999175
5.2888, 5.30214, 0.804063, 0.0123654, -0.0277674, -0.99945
5.28971, 5.30249, 0.808803, -0.0131374, 0.0265317, 0.999414
5.29077, 5.30234, 0.794879, -0.0124379, 0.0295327, 0.999376
5.28657, 5.30336, 0.794938, 0.00786815, -0.0321462, -0.999321
5.28845, 5.30538, 0.797805, 0.0121328, -0.0269321, -0.999485
5.28832, 5.30349, 0.811171, -0.00861297, 0.0358956, 0.999263
5.28881, 5.30614, 0.813848, -0.01379, 0.0368503, 0.99907
5.29021, 5.30065, 0.802517, -0.0118785, 0.026639, 0.999456
5.28877, 5.30206, 0.800452, 0.0102593, -0.0243378, -0.999493
5.28718, 5.3024, 0.806048, -0.00619402, 0.0301655, 0.999432
5.29089, 5.30389, 0.803226, -0.0127989, 0.0345915, 0.999269
5.29075, 5.30399, 0.801099, -0.0130605, 0.0336247, 0.999198
5.28694, 5.30279, 0.799432, -0.00931581, 0.0313692, 0.999415
5.28781, 5.30284, 0.802533, -0.00311682, 0.0324443, 0.999309
5.28961, 5.30437, 0.779287, 0.00413631, -0.0272753, -0.999446
5.29058, 5.30317, 0.79882, 0.0153968, -0.0347576, -0.999221
5.28675, 5.3061, 0.798096, 0.000394235, 0.0308661, 0.999463
5.28965, 5.30427, 0.809074, 0.00802119, -0.0338131, -0.999361
5.29028, 5.30342, 0.79872, 0.00572849, -0.0364408, -0.999171
5.28761, 5.30252, 0.809309, -0.00450298, 0.0375639, 0.999176
5.29, 5.30059, 0.796835, 0.00746134, -0.0273231, -0.999429
5.29005, 5.30327, 0.796704, 0.0108738, -0.0279811, -0.999433
5.28958, 5.30187, 0.788108, 0.009596, -0.0190332, -0.999545
5.28945, 5.30322, 0.804387, 0.00955003, -0.0348945, -0.999187
5.28816, 5.30282, 0.806925, -0.00738249, 0.0350799, 0.999268
5.28966, 5.30487, 0.802459, 0.00986586, -0.030857, -0.999392
5.28929, 5.30382, 0.79294, -0.00798888, 0.0300531, 0.999422
5.28484, 5.30351, 0.805343, -0.00296286, 0.0322082, 0.999409
5.28743, 5.30095, 0.795907, -0.00320628, 0.031349, 0.999428
5.29245, 5.30318, 0.784481, 0.0144327, -0.0219729, -0.999522
5.29079, 5.30632, 0.801923, -0.00535817, 0.0318684, 0.999339
5.28872, 5.30377, 0.804979, -0.00677514, 0.0355259, 0.99926
5.28759, 5.30158, 0.810524, 0.00356591, -0.0338085, -0.999313
5.29157, 5.3043, 0.806537, -0.0107214, 0.0338095, 0.999264
5.28862, 5.30475, 0.801298, 0.00757068, -0.0219963, -0.999572
5.29083, 5.30605, 0.79812, 0.0125018, -0.025149, -0.999522
5.2899, 5.30373, 0.815459, 0.0139687, -0.0337248, -0.999245
5.29141, 5.30274, 0.806764, 0.0117822, -0.025715, -0.9995
5.28651, 5.30131, 0.788699, -0.00376953, 0.0297646, 0.999448
5.2921, 5.30248, 0.80554, 0.0138801, -0.0307727, -0.99924
5.2901, 5.30609, 0.81477, -0.0164441, 0.0333503, 0.999255
5.29152, 5.30192, 0.802464, 0.0128066, -0.0348108, -0.999182
5.28993, 5.30407, 0.812423, -0.00752445, 0.0438755, 0.998908
5.28969, 5.30261, 0.799614, -0.00774804, 0.0283771, 0.999519
5.28774, 5.30507, 0.798708, -0.004041, 0.0355434, 0.999285
5.29177, 5.30237, 0.803158, 0.0117189, -0.0262252, -0.999537
5.28875, 5.3021, 0.809425, 0.0101886, -0.0323942, -0.999242
5.2905, 5.30083, 0.794299, 0.00573429, -0.0317142, -0.999353
5.28683, 5.30357, 0.796738, 0.00326573, -0.0311757, -0.999387
5.28809, 5.30342, 0.796186, -0.00684957, 0.0241241, 0.999508
5.28864, 5.30238, 0.798136, -0.00395766, 0.0285641, 0.999476
5.29078, 5.30186, 0.804595, 0.0111405, -0.0362683, -0.999111
5.28968, 5.30257, 0.809737, -0.0118243, 0.0288393, 0.999371
5.29057, 5.3018, 0.791868, 0.0115598, -0.0302133, -0.999314
5.28476, 5.30334, 0.796456, -0.000368448, -0.0307934, -0.999466
5.29153, 5.3025, 0.804241, -0.0229261, 0.0316249, 0.999087
5.2919, 5.30095, 0.797019, -0.0146554, 0.0322347, 0.999257
5.28732, 5.30389, 0.791535, -0.0033774, 0.0217153, 0.999569
5.28976, 5.30134, 0.798083, -0.00749462, 0.0301289, 0.99924
5.29267, 5.30405, 0.807571, 0.0197661, -0.0331633, -0.999154
5.28844, 5.30321, 0.800148, 0.0032673, -0.0217103, -0.999568
5.29, 5.3042, 0.79889, 0.0126778, -0.0263973, -0.999497
5.29006, 5.30408, 0.797277, -0.0130688, 0.0281885, 0.999389
5.28781, 5.3026, 0.798022, -0.0132542, 0.0251025, 0.999374
5.28332, 5.30393, 0.802746, -0.00738859, -0.0268776, -0.99951
5.28723, 5.30414, 0.794672, -0.0060204, 0.0321206, 0.999414
5.29095, 5.30349, 0.801946, 0.01711, -0.0313866, -0.999276
5.2886, 5.3019, 0.787229, 0.00924184, -0.0344164, -0.99922
5.28886, 5.30162, 0.800098, -0.0135381, 0.0297473, 0.999416
5.28757, 5.30563, 0.793547, -0.00290799, 0.0342463, 0.999334
5.28603, 5.30471, 0.793521, -0.00162505, 0.0333177, 0.999352
5.29128, 5.30416, 0.806992, 0.0148509, -0.0321942, -0.99927
5.2905, 5.30383, 0.806189, 0.0129071, -0.031696, -0.999222
5.29183, 5.306, 0.803533, 0.0153082, -0.0340315, -0.999215
5.29213, 5.30177, 0.790811, 0.0162669, -0.043824, -0.998689
5.28839, 5.3032, 0.792307, -0.00677746, 0.0191615, 0.999576
5.28973, 5.30466, 0.803958, 0.0137592, -0.020331, -0.999574
5.28909, 5.30372, 0.797054, 0.0100792, -0.0350487, -0.999253
5.29075, 5.30229, 0.794542, -0.0136793, 0.0385976, 0.999015
5.2904, 5.30306, 0.800854, 0.0136512, -0.0338973, -0.999189
5.29072, 5.30161, 0.798544, 0.0113007, -0.0244415, -0.999448
5.28787, 5.30322, 0.795549, 0.00780261, -0.0233264, -0.999598
5.28606, 5.30259, 0.805877, -0.0035227, 0.0335248, 0.999261
5.28915, 5.30486, 0.814974, 0.0165916, -0.0296146, -0.999263
5.2866, 5.30452, 0.803535, -0.0038329, 0.0351072, 0.999284
5.28813, 5.30304, 0.813881, 0.0103424, -0.0268138, -0.999488
5.29137, 5.3044, 0.811598, 0.0139538, -0.028584, -0.999391
5.28977, 5.30242, 0.803562, 0.0135564, -0.0355508, -0.999049
5.28928, 5.30277, 0.791928, 0.00978106, -0.0372479, -0.999193
5.28975, 5.30281, 0.809727, 0.0139176, -0.0250865, -0.999478
5.28753, 5.30463, 0.800106, 0.00561609, -0.0214797, -0.999681
5.28495, 5.30213, 0.793934, 0.00596094, -0.0338367, -0.999258
5.28698, 5.30245, 0.802885, -0.00601235, 0.0344039, 0.99926
5.29055, 5.30445, 0.806201, 0.0139458, -0.0236349, -0.999535
5.28883, 5.30496, 0.793786, -0.00275233, 0.0390635, 0.999161
5.28837, 5.30339, 0.804193, -0.00487263, 0.0282413, 0.999525
5.28895, 5.30201, 0.788717, 0.0122611, -0.0405941, -0.998934
5.28999, 5.29957, 0.79636, 0.0103541, -0.0405398, -0.998974
5.28793, 5.30332, 0.800388, 0.00451058, -0.0333657, -0.999322
5.28846, 5.30374, 0.820056, -0.0173256, 0.0391592, 0.999001
5.28805, 5.30356, 0.80145, 0.00663954, -0.0370048, -0.99913
5.28989, 5.30355, 0.819383, -0.016377, 0.035289, 0.999082
5.28981, 5.30496, 0.800955, 0.00725975, -0.0351412, -0.999227
5.28978, 5.30142, 0.797763, -0.00692873, 0.039754, 0.999097
5.28911, 5.30397, 0.799359, 0.0117144, -0.0328948, -0.999329
5.28761, 5.30326, 0.803306, 0.00717941, -0.0345917, -0.999313
5.28578, 5.30445, 0.793667, -0.00127058, -0.0322696, -0.999419
5.28891, 5.30244, 0.791272, 0.0111288, -0.0358956, -0.999256
5.28841, 5.30516, 0.796447, -0.0111035, 0.040247, 0.999022
5.28578, 5.30332, 0.801902, -0.00632928, 0.0374723, 0.999159
5.28867, 5.30238, 0.804262, -0.0100036, 0.0341382, 0.999261
5.28763, 5.30165, 0.792115, 0.00958406, -0.0384904, -0.999127
5.28754, 5.30617, 0.806848, -0.00784997, 0.0309296, 0.999372
5.28498, 5.30268, 0.791436, -0.00625293, 0.0304607, 0.999489
5.28908, 5.30568, 0.810221, 0.00987611, -0.0372164, -0.999213
5.28683, 5.30413, 0.805211, -0.0100432, 0.0317907, 0.999321
5.29023, 5.30609, 0.804117, 0.00978596, -0.029173, -0.999371
5.28728, 5.3031, 0.797606, -0.00387367, 0.0309145, 0.999484
5.28994, 5.30289, 0.802963, -0.0152836, 0.0346138, 0.999201
5.28909, 5.30234, 0.815471, 0.011725, -0.0364121, -0.999146
5.2886, 5.30302, 0.803218, 0.00592732, -0.0378889, -0.999113
5.28824, 5.3027, 0.808126, -0.0094562, 0.0245694, 0.999554
5.2876, 5.30111, 0.809357, 0.00564191, -0.0346542, -0.999303
5.28767, 5.30251, 0.799409, -0.0115915, 0.0299956, 0.999393
5.28467, 5.30261, 0.797532, -0.000263638, 0.0282515, 0.999404
5.28498, 5.30375, 0.798701, 0.00829027, -0.0274632, -0.99953
5.28915, 5.30505, 0.794753, 0.00615793, -0.0378688, -0.999206
5.2878, 5.30443, 0.810848, 0.0106467, -0.035316, -0.999108
5.28644, 5.30379, 0.791865, -0.00488495, 0.0298303, 0.999465
5.28769, 5.30248, 0.804036, 0.00188978, -0.0240369, -0.99937
5.2865, 5.30528, 0.793039, 0.00238255, 0.0293751, 0.999532
5.28959, 5.30224, 0.800588, 0.0118616, -0.0363625, -0.999158
5.28943, 5.30127, 0.811028, 0.0155486, -0.0347221, -0.99894
5.28712, 5.30282, 0.799856, -0.00205367, 0.030469, 0.999433
5.28706, 5.30301, 0.804085, 0.00193934, -0.0343957, -0.999312
5.28811, 5.30377, 0.795664, 0.00126966, -0.0233307, -0.999609
5.28778, 5.30382, 0.801917, -0.00195633, 0.0271873, 0.999598
5.28728, 5.30198, 0.811892, -0.011868, 0.0402375, 0.998962
5.28611, 5.30229, 0.798409, -0.00733427, 0.0400011, 0.998914
5.28718, 5.30482, 0.807272, -0.00855545, 0.0377675, 0.999168
5.28574, 5.30272, 0.787015, 0.00433608, 0.0252943, 0.999617
5.29026, 5.30339, 0.813128, 0.0102852, -0.0351583, -0.99914
5.2876, 5.30354, 0.80703, 0.00643615, -0.0394008, -0.999123
5.29013, 5.30486, 0.793681, 0.00827598, -0.0257546, -0.999565
5.28878, 5.30078, 0.799425, 0.00799818, -0.0340034, -0.999307
5.28934, 5.30225, 0.798728, 0.0156891, -0.0398713, -0.998977
5.28674, 5.30445, 0.7999, 0.00721669, -0.0300917, -0.999417
5.28697, 5.30435, 0.801968, -0.00827303, 0.0346601, 0.999259
5.28848, 5.30192, 0.796408, 0.0121234, -0.0305051, -0.999304
5.28767, 5.30408, 0.801953, 0.00381926, -0.0254995, -0.999497
5.28531, 5.30451, 0.803338, -0.00635816, 0.0402328, 0.999072
5.28978, 5.30426, 0.802334, 0.0128733, -0.0291527, -0.99934
5.28628, 5.30336, 0.802682, -0.0057167, 0.0369473, 0.999248
5.28654, 5.30408, 0.794469, 0.00598511, -0.0285306, -0.99949
5.28431, 5.302, 0.792908, 0.00561953, -0.0319345, -0.999376
5.28514, 5.30252, 0.793373, 0.000115817, -0.0359582, -0.999163
5.28999, 5.30368, 0.810569, -0.00982166, 0.0343755, 0.999294
5.2889, 5.30493, 0.795773, 0.0145336, -0.0339902, -0.999255
5.2853, 5.30351, 0.800498, -0.00382587, 0.0274986, 0.999443
5.28827, 5.30428, 0.8021, 0.00778343, -0.0355627, -0.999297
5.29165, 5.30037, 0.791899, -0.0140031, 0.0393684, 0.999046
5.28879, 5.30421, 0.805008, -0.00390107, 0.0305747, 0.99948
5.28895, 5.3038, 0.784658, 0.0069095, -0.0276092, -0.999357
5.28891, 5.30479, 0.806155, -0.0057836, 0.0373563, 0.999247
5.28541, 5.30334, 0.802847, -0.00421841, 0.0352404, 0.99929
5.28724, 5.30411, 0.787316, -0.0138207, 0.0353867, 0.999154
5.28831, 5.30214, 0.79543, 0.00792239, -0.0298005, -0.999439
5.28922, 5.30269, 0.795368, -0.0111365, 0.0395227, 0.999099
5.28722, 5.30242, 0.792538, 0.00920891, -0.0262562, -0.999531
5.29011, 5.30461, 0.800315, -0.00776969, 0.0338713, 0.999268
5.28408, 5.30449, 0.794643, -0.0010801, -0.0373766, -0.999206
5.28933, 5.30379, 0.800473, 0.00616723, -0.0287776, -0.999443
5.29091, 5.30412, 0.801162, -0.00996925, 0.037815, 0.999104
5.28965, 5.30115, 0.799368, 0.0110057, -0.0400546, -0.99904
5.28987, 5.3041, 0.811203, -0.00643025, 0.0295528, 0.999441
5.28895, 5.30429, 0.799481, 0.00909534, -0.0389636, -0.999084
5.29183, 5.30185, 0.800215, -0.0167569, 0.0259289, 0.999356
5.28423, 5.30173, 0.795866, 0.00609027, -0.0326287, -0.999346
5.28782, 5.30462, 0.807083, 0.00794533, -0.030298, -0.999263
5.2893, 5.30492, 0.806689, 0.0166118, -0.0377886, -0.998955
5.28927, 5.30143, 0.79985, -0.00415292, 0.0344704, 0.99928
5.28749, 5.30598, 0.809528, 0.00968176, -0.0404608, -0.999083
5.29047, 5.30175, 0.817659, 0.0159266, -0.02764, -0.999238
5.28737, 5.30378, 0.809849, 0.010095, -0.0404855, -0.999087
5.28944, 5.30249, 0.803842, -0.012555, 0.0349079, 0.999212
5.28825, 5.30072, 0.797938, -0.000441063, -0.0324091, -0.999368
5.28836, 5.30318, 0.803951, -0.0106605, 0.0309768, 0.999341
5.28749, 5.30386, 0.801774, -0.00903909, 0.0325798, 0.999356
5.2918, 5.30187, 0.803546, 0.0111413, -0.0330827, -0.999339
5.28921, 5.3051, 0.792194, 0.00981959, -0.0373643, -0.999181
5.29017, 5.30335, 0.790367, 0.00703609, -0.0239145, -0.9996
5.29115, 5.30211, 0.802779, 0.00941578, -0.0368506, -0.999182
5.2863, 5.30399, 0.80238, 0.00837987, -0.0294476, -0.999397
5.28975, 5.30604, 0.802303, 0.00716407, -0.0321496, -0.999427
5.28672, 5.30516, 0.815559, 0.00963448, -0.0372503, -0.999211
5.29024, 5.30646, 0.79048, 0.00991127, -0.0294296, -0.999388
5.2882, 5.30352, 0.807561, -0.00940266, 0.0389674, 0.999065
5.28704, 5.30343, 0.804027, -0.00483709, 0.0310673, 0.999447
5.28739, 5.30278, 0.790349, -0.0104899, 0.0375402, 0.999135
5.28429, 5.30692, 0.805874, -0.00289658, 0.0352906, 0.999289
5.286, 5.30251, 0.796893, -0.0056277, 0.0370552, 0.999225
5.28987, 5.30372, 0.804368, -0.00973177, 0.0298953, 0.99942
5.29245, 5.30263, 0.799386, -0.0119277, 0.0354407, 0.99917
5.28937, 5.30193, 0.790412, -0.00659322, 0.0341761, 0.99929
5.28944, 5.3056, 0.804336, -0.00518879, 0.0294337, 0.999443
5.28822, 5.3023, 0.788286, 0.00926188, -0.0238872, -0.999454
5.28662, 5.30324, 0.793178, -0.00886466, 0.0272374, 0.99952
5.29021, 5.30421, 0.798584, -0.0165937, 0.0260676, 0.999329
5.28638, 5.30269, 0.797105, -0.00644292, 0.0352366, 0.999306
5.29054, 5.30194, 0.802115, -0.015554, 0.0333093, 0.999096
5.29025, 5.30379, 0.798965, 0.011099, -0.0258951, -0.999501
5.28815, 5.30216, 0.793592, 0.00312276, -0.0337091, -0.999346
5.28591, 5.30329, 0.803422, -0.00584619, 0.0341558, 0.999356
5.28853, 5.30204, 0.795519, 0.00828556, -0.0384467, -0.999141
5.28888, 5.30412, 0.795222, 0.00786986, -0.0357979, -0.999257
5.28971, 5.30141, 0.809316, 0.0182591, -0.0422699, -0.998807
5.28674, 5.30589, 0.796916, -0.00529402, 0.0271111, 0.999403
5.28821, 5.30507, 0.801668, -0.00844432, 0.0306038, 0.999428
5.28788, 5.30446, 0.798116, -0.0124641, 0.0351009, 0.99923
5.28628, 5.3032, 0.799966, 0.00463942, -0.0244448, -0.999426
5.28922, 5.30254, 0.800104, 0.0130151, -0.0329592, -0.999285
5.28839, 5.30338, 0.795295, -0.00806395, 0.0289951, 0.999486
5.28986, 5.30235, 0.800175, -0.00763072, 0.0366112, 0.999191
5.28913, 5.3025, 0.800877, 0.0154713, -0.0294973, -0.999281
5.2919, 5.29973, 0.799014, 0.0197946, -0.039881, -0.998744
5.28901, 5.30186, 0.800356, 0.00787125, -0.032826, -0.999261
5.28644, 5.30304, 0.799122, -0.00267668, 0.024767, 0.999578
5.28949, 5.30154, 0.800227, 0.00536453, -0.0398525, -0.999005
5.28887, 5.30347, 0.795451, 0.0103475, -0.0308716, -0.99932
5.28737, 5.30104, 0.795377, 0.015573, -0.0336655, -0.999108
5.28614, 5.30457, 0.805188, 0.0012849, 0.0341092, 0.999352
5.28782, 5.3056, 0.798467, -0.00198917, 0.0163824, 0.999741
5.28858, 5.30284, 0.798429, 0.00682832, -0.0287355, -0.999417
5.28936, 5.30228, 0.79365, 0.00390955, -0.0354693, -0.999256
5.28864, 5.30205, 0.798728, 0.00827084, -0.0323253, -0.999346
5.28839, 5.30274, 0.808556, -0.0132681, 0.0414103, 0.998848
5.2859, 5.30138, 0.795851, -0.00623198, 0.0289928, 0.999482
5.2883, 5.30144, 0.797518, -0.00445736, 0.0327592, 0.999402
5.28777, 5.30403, 0.803483, -0.00655783, 0.0252217, 0.99958
5.28641, 5.30248, 0.800045, -0.0045507, -0.0351706, -0.999293
5.28784, 5.30214, 0.796918, -0.014124, 0.0306605, 0.999269
5.28882, 5.30254, 0.791829, 0.0090543, -0.0336219, -0.999262
5.28735, 5.30227, 0.802617, -0.00803954, 0.0325863, 0.999275
5.28772, 5.30331, 0.798313, -0.00870321, 0.0289643, 0.999388
5.28692, 5.30321, 0.793068, -0.0045732, 0.0343108, 0.999332
5.2876, 5.30248, 0.809853, 0.00460691, -0.0325643, -0.99928
5.28707, 5.30276, 0.792075, 0.00621601, -0.0337696, -0.999352
5.28805, 5.30368, 0.787582, 0.00814786, -0.035143, -0.999269
5.28878, 5.30319, 0.802693, -0.00508785, 0.032059, 0.999424
5.28971, 5.30524, 0.80721, 0.00480319, -0.0365509, -0.999229
5.28853, 5.30266, 0.808583, -0.0133934, 0.0389318, 0.999086
5.29172, 5.30252, 0.792596, 0.01873, -0.0259312, -0.999302
5.2869, 5.30274, 0.796334, 0.0059188, -0.0252546, -0.999514
5.28891, 5.30127, 0.800733, -0.00877743, 0.0339407, 0.99927
5.28653, 5.30204, 0.796057, -0.00646403, 0.024886, 0.999583
5.28848, 5.30434, 0.804648, 0.00843618, -0.0390091, -0.999095
5.28905, 5.3007, 0.793461, -0.012332, 0.0308804, 0.999183
5.28943, 5.30285, 0.796455, -0.0136682, 0.0299788, 0.999341
5.28676, 5.30299, 0.807624, -0.00730509, 0.0362998, 0.999209
5.28845, 5.30527, 0.800542, 0.00862132, -0.0386475, -0.999131
5.2882, 5.30325, 0.804056, 0.00112235, -0.0306818, -0.999437
5.29002, 5.30331, 0.81084, 0.0119414, -0.0361799, -0.999143
5.28463, 5.30571, 0.789671, 0.00233273, -0.031426, -0.999392
5.28765, 5.30173, 0.789184, -0.00206863, 0.0256058, 0.999466
5.28782, 5.30052, 0.794871, -0.00602451, 0.0327772, 0.999325
5.28607, 5.30242, 0.80068, -0.0061884, 0.0329884, 0.999376
5.28892, 5.30197, 0.803503, -0.00951223, 0.034778, 0.999237
5.28689, 5.30676, 0.796509, -0.00307893, 0.0255849, 0.999527
5.28978, 5.30208, 0.793456, 0.015481, -0.0342807, -0.999181
5.2869, 5.30474, 0.801985, -0.00178088, -0.034012, -0.999298
5.28521, 5.30464, 0.794164, 0.00159469, 0.0379116, 0.99922
5.28553, 5.30353, 0.79319, 0.00616796, -0.0187817, -0.999577
5.28769, 5.30362, 0.799363, -0.00966289, 0.0333175, 0.999281
5.28572, 5.30282, 0.807657, 0.0121771, -0.0292754, -0.999347
5.28783, 5.3019, 0.797744, -0.00872867, 0.0371, 0.999182
5.29092, 5.30419, 0.806992, -0.0189632, 0.0331896, 0.99916
5.28917, 5.30173, 0.811581, -0.0129915, 0.028585, 0.999406
5.29234, 5.3029, 0.805372, -0.0181637, 0.037935, 0.998961
5.28399, 5.30371, 0.794083, -0.000314868, -0.0337845, -0.999328
5.28277, 5.30369, 0.796619, -0.00280869, 0.0286886, 0.999561
5.2867, 5.30288, 0.791967, -0.00928787, 0.0262954, 0.999476
5.28894, 5.30514, 0.806081, -0.00741077, 0.0320037, 0.999296
5.28641, 5.30322, 0.794739, -0.00478123, 0.0357376, 0.999274
5.28873, 5.30315, 0.798454, -0.0111211, 0.0289009, 0.999397
5.28693, 5.30269, 0.796036, -0.00563596, 0.0285567, 0.999478
5.29052, 5.30187, 0.803496, -0.0178926, 0.0371304, 0.999053
5.29197, 5.30588, 0.803184, 0.0153852, -0.0314748, -0.999284
5.28786, 5.30357, 0.801703, -0.00726728, 0.0351865, 0.999226
5.2864, 5.30443, 0.803126, -0.00569754, 0.0319036, 0.999376
5.28897, 5.30285, 0.809443, 0.0104251, -0.0366789, -0.999228
5.29104, 5.30169, 0.786841, -0.0162347, 0.034754, 0.999168
5.29024, 5.30321, 0.807611, 0.00745044, -0.0393601, -0.99901
5.28716, 5.30154, 0.788201, -0.000719308, -0.0317035, -0.999439
5.28695, 5.30419, 0.807356, 0.0095946, -0.0313468, -0.999379
5.28804, 5.30403, 0.798997, -0.00292174, 0.0339733, 0.999232
5.28515, 5.30457, 0.810599, 0.00623828, -0.0288732, -0.999489
5.29072, 5.30402, 0.820184, -0.00996524, 0.0385973, 0.999126
5.28816, 5.30448, 0.802142, 0.0107895, -0.0258919, -0.999514
5.29, 5.302, 0.80128, -0.013496, 0.0311688, 0.999358
5.2879, 5.30331, 0.803745, -0.00656988, 0.0286528, 0.999443
5.28727, 5.30321, 0.79746, -0.000613791, 0.0237075, 0.999522
5.28459, 5.30183, 0.800408, -0.0020126, 0.0297427, 0.999476
5.28765, 5.30408, 0.811712, 0.0122469, -0.0323533, -0.9993
5.2866, 5.3027, 0.806883, 0.00656282, -0.0363718, -0.999222
5.28826, 5.30299, 0.796224, -0.0103119, 0.0342181, 0.99926
5.28737, 5.30303, 0.794547, -0.00570252, 0.0357591, 0.999246
5.29004, 5.30313, 0.79456, 0.00997871, -0.0321772, -0.999309
5.28583, 5.30493, 0.79136, -0.00398779, 0.0271775, 0.999528
5.29162, 5.30417, 0.801195, -0.0153712, 0.0304056, 0.999351
5.28916, 5.30543, 0.803962, 0.0117683, -0.037457, -0.999123
5.28829, 5.30347, 0.803996, -0.00203117, 0.0344938, 0.999302
5.28831, 5.30418, 0.803653, -0.00939429, 0.0376141, 0.999156
5.28845, 5.30411, 0.792797, -0.00403588, 0.0365901, 0.999236
5.2876, 5.30461, 0.805641, -0.00994097, 0.0277526, 0.999316
5.28768, 5.30584, 0.802924, -0.00333521, 0.0342523, 0.999358
5.28787, 5.30241, 0.798751, 0.0089763, -0.030859, -0.999378
5.28714, 5.30362, 0.800887, -0.00616014, 0.0295434, 0.999414
5.28671, 5.30286, 0.794379, 0.00880487, -0.0234011, -0.999548
5.28502, 5.30345, 0.798514, 0.000207271, 0.0308121, 0.999453
5.28694, 5.30281, 0.794909, 0.00574238, -0.0391066, -0.999145
5.28777, 5.3028, 0.79804, 0.00628543, -0.0314291, -0.999417
5.2857, 5.30626, 0.798738, 0.00454562, -0.0352479, -0.999305
5.29073, 5.30682, 0.801517, 0.00854589, -0.0221808, -0.999571
5.28682, 5.30431, 0.791189, 0.0068735, -0.0354802, -0.999288
5.2907, 5.30281, 0.800872, 0.0112267, -0.0279484, -0.999452
5.28886, 5.30141, 0.796304, 0.0122052, -0.0339693, -0.999251
5.28773, 5.30455, 0.802845, 0.0085616, -0.0354855, -0.999205
5.28827, 5.30607, 0.788964, -0.0104792, 0.0320912, 0.999352
5.29155, 5.30073, 0.797246, 0.0099402, -0.0251104, -0.999528
5.28982, 5.30373, 0.791735, -0.00730409, 0.0301056, 0.999355
5.28849, 5.30296, 0.80323, 0.0151383, -0.0276401, -0.999358
5.29019, 5.30505, 0.795755, -0.00856282, 0.0237739, 0.999639
5.28649, 5.30345, 0.79249, 0.00630281, -0.0199714, -0.999617
5.28741, 5.30311, 0.799452, -0.00942099, 0.031755, 0.999351
5.28685, 5.30228, 0.799106, 0.000439325, -0.0323044, -0.999363
5.2895, 5.30255, 0.80022, 0.0111927, -0.0353413, -0.999282
5.28849, 5.30469, 0.806058, -0.00862197, 0.0347059, 0.999325
5.28756, 5.30258, 0.801457, 0.00733928, -0.0333912, -0.999347
5.28948, 5.30428, 0.797702, 0.0106122, -0.0375293, -0.999189
5.29089, 5.3028, 0.797965, -0.0153402, 0.0388754, 0.999013
5.28563, 5.30293, 0.806139, -0.00544615, 0.0351788, 0.999246
5.28642, 5.3042, 0.801252, 0.00104335, -0.0317004, -0.999404
5.29181, 5.3043, 0.806792, 0.0173997, -0.038347, -0.99902
5.28934, 5.30495, 0.792719, 0.00756074, -0.0307068, -0.999374
5.28868, 5.30316, 0.784838, -0.00878177, 0.031087, 0.999341
5.29099, 5.30533, 0.808774, -0.00884201, 0.0220933, 0.999569
5.28766, 5.30296, 0.79952, 0.00724954, -0.0315351, -0.999451
5.29001, 5.30209, 0.808829, 0.0133128, -0.0416765, -0.998964
5.28778, 5.30254, 0.801551, 0.00863349, -0.0258394, -0.99944
5.28578, 5.30267, 0.790158, -0.00239465, 0.0347725, 0.999196
5.28853, 5.29937, 0.797842, -0.00776207, 0.022097, 0.999531
5.2904, 5.30246, 0.796102, -0.011802, 0.0353604, 0.999226
5.28784, 5.30223, 0.803398, -0.00764124, 0.0383402, 0.999114
5.28849, 5.30276, 0.803231, 0.00631594, -0.0291365, -0.999287
5.28709, 5.30074, 0.804014, -0.00263268, 0.0351549, 0.999212
5.2875, 5.30336, 0.810102, -0.00612713, 0.0355421, 0.999062
5.28996, 5.30363, 0.807821, 0.0114564, -0.035765, -0.999241
5.28916, 5.30253, 0.800482, -0.00753351, 0.0307693, 0.99941
5.2871, 5.30391, 0.801707, 0.00553794, -0.0327039, -0.999406
5.28613, 5.30355, 0.787739, 0.00136835, -0.0280493, -0.999582
5.28878, 5.30207, 0.802233, 0.0123096, -0.0392998, -0.99897
5.28901, 5.30246, 0.807987, 0.00915868, -0.0297445, -0.999328
5.29096, 5.30347, 0.805059, 0.00972534, -0.0335201, -0.999283
5.28661, 5.30446, 0.797753, 0.00204661, 0.0294303, 0.999441
5.29055, 5.30357, 0.78598, -0.0104109, 0.0326772, 0.99928
5.28656, 5.30478, 0.807671, -0.00784246, 0.0300353, 0.999143
5.2881, 5.3034, 0.805243, 0.00726019, -0.0359423, -0.999258
5.28784, 5.30273, 0.791352, -0.00506217, 0.0374147, 0.999208
5.29078, 5.30079, 0.813793, -0.0215881, 0.0440738, 0.998597
5.29005, 5.30454, 0.797917, 0.00713477, -0.0410339, -0.998913
5.28804, 5.30223, 0.800894, -0.00828028, 0.02934, 0.999328
5.28868, 5.30313, 0.796708, 0.00892976, -0.0286852, -0.999417
5.28999, 5.30077, 0.800037, 0.0113397, -0.0360822, -0.99919
5.28461, 5.30359, 0.797497, 0.000933063, -0.0386106, -0.999163
5.29116, 5.30516, 0.795809, 0.01034, -0.0231523, -0.999537
5.28794, 5.30363, 0.794696, -0.00922718, 0.0320493, 0.999263
5.28916, 5.30311, 0.806827, -0.0131575, 0.0344652, 0.999192
5.29002, 5.30394, 0.796374, -0.0138691, 0.0330676, 0.999318
5.29167, 5.30524, 0.788951, -0.0117456, 0.0318759, 0.999327
5.28717, 5.30298, 0.806934, -0.00496669, 0.0229794, 0.999585
5.28933, 5.30205, 0.819039, 0.00993926, -0.0425424, -0.998945
5.28813, 5.30059, 0.800901, 0.00499822, -0.0313863, -0.999459
5.29098, 5.30469, 0.809029, -0.00909848, 0.0424218, 0.998998
5.28823, 5.3039, 0.806424, 0.00494386, -0.0390319, -0.999153
5.29229, 5.30438, 0.804536, 0.0157337, -0.0391049, -0.998957
5.28774, 5.3019, 0.794951, 0.0093994, -0.0318591, -0.999347
5.28825, 5.30138, 0.790224, -0.0116098, 0.0419351, 0.99897
5.28689, 5.30561, 0.803289, -0.00680763, 0.0381075, 0.999162
5.28903, 5.3034, 0.79725, 0.00507322, -0.0293518, -0.999445
5.28808, 5.30321, 0.804089, -0.00542069, 0.0334982, 0.999304
5.28716, 5.30435, 0.794317, -0.00805413, 0.0291808, 0.999402
5.2875, 5.30258, 0.80047, 0.00811315, -0.0275723, -0.999504
5.29207, 5.3039, 0.813963, -0.0146777, 0.0458807, 0.998774
5.29021, 5.30114, 0.79957, -0.00921345, 0.0236515, 0.999603
5.2862, 5.30435, 0.803439, 0.00941826, -0.0343911, -0.999326
5.28832, 5.30282, 0.804821, -0.010162, 0.0311089, 0.999389
5.28844, 5.30445, 0.811421, -0.0121323, 0.0386565, 0.99889
5.28802, 5.30398, 0.803545, -0.012814, 0.0344921, 0.999247
5.28913, 5.30414, 0.809497, -0.00787875, 0.039909, 0.999075
5.29054, 5.30109, 0.796906, 0.0131232, -0.028376, -0.99946
5.28771, 5.30537, 0.802858, 0.0106288, -0.0312631, -0.999369
5.28905, 5.30242, 0.796658, 0.00779271, -0.0378068, -0.999085
5.28859, 5.30137, 0.787114, 0.00436049, -0.024197, -0.999621
5.28932, 5.3029, 0.798453, 0.00872344, -0.0285448, -0.999274
5.2888, 5.30273, 0.798719, -0.00846394, 0.0350898, 0.99923
5.28736, 5.30224, 0.799418, -0.00640271, 0.0331669, 0.99931
5.28838, 5.30336, 0.805055, -0.00661902, 0.0231027, 0.999524
5.28971, 5.3012, 0.800133, 0.0142317, -0.0314824, -0.999225
5.28931, 5.30347, 0.80009, 0.0109082, -0.0325536, -0.999318
5.29027, 5.30473, 0.797307, -0.0144735, 0.0404963, 0.999011
5.28848, 5.30218, 0.797722, -0.0116748, 0.0358542, 0.999193
5.29242, 5.30268, 0.793439, 0.013054, -0.0368919, -0.999034
5.28798, 5.3042, 0.813806, 0.0138604, -0.037878, -0.99912
5.28899, 5.30312, 0.799943, 0.0115763, -0.0381708, -0.999117
5.28611, 5.30351, 0.793899, -0.00286519, 0.0306876, 0.999472
5.2882, 5.29952, 0.791078, -0.0116247, 0.0381852, 0.999096
5.2887, 5.30151, 0.794269, 0.0127307, -0.034205, -0.999266
5.28839, 5.30592, 0.795323, -0.01284, 0.040511, 0.999009
5.28936, 5.30155, 0.810568, -0.0110837, 0.0360163, 0.999177
5.29021, 5.30326, 0.806531, 0.0124517, -0.0387218, -0.999121
5.28892, 5.30141, 0.802903, -0.0109211, 0.0275527, 0.999415
5.28827, 5.30315, 0.795234, 0.00907161, -0.0221684, -0.999537
5.28712, 5.30149, 0.807127, -0.00459414, 0.0227063, 0.999613
5.28831, 5.30379, 0.796494, -0.00599476, 0.0360825, 0.999183
5.29179, 5.30231, 0.794926, -0.00542227, 0.0349029, 0.999318
5.28867, 5.30111, 0.796453, 0.00558599, -0.0275293, -0.999507
5.28854, 5.30452, 0.805671, 0.00983479, -0.0391409, -0.999119
5.28772, 5.30398, 0.79679, -0.0100514, 0.0335294, 0.999083
5.28824, 5.3031, 0.806654, 0.0130988, -0.0274083, -0.999442
5.28852, 5.30266, 0.800623, -0.0118061, 0.0282013, 0.99942
5.2889, 5.30385, 0.808941, 0.00686825, -0.0317884, -0.999427
5.28806, 5.30425, 0.798564, -0.00995194, 0.0314699, 0.999331
5.29205, 5.3051, 0.800886, 0.0132595, -0.0389779, -0.999007
5.28998, 5.30363, 0.804177, 0.01154, -0.0388603, -0.999129
5.29073, 5.30127, 0.793798, 0.00615279, -0.0397402, -0.99913
5.28935, 5.30429, 0.814265, -0.00495935, 0.0282418, 0.999435
5.28343, 5.30076, 0.795786, 0.00728684, 0.034132, 0.999259
5.28697, 5.30093, 0.791, 0.00508526, -0.0352575, -0.999279
5.28719, 5.30267, 0.798039, 0.000634927, -0.0383857, -0.999233
5.28702, 5.30467, 0.795437, -0.00896362, 0.0411186, 0.998897
5.28824, 5.30488, 0.802647, 0.00789047, -0.0315335, -0.999416
5.28741, 5.3027, 0.797889, -0.00430326, 0.0297336, 0.999406
5.28563, 5.30045, 0.796333, -0.00263708, 0.0345621, 0.999345
5.28835, 5.30306, 0.794231, -0.00698371, 0.0325303, 0.999381
5.28657, 5.30164, 0.796928, -0.00806227, 0.0351035, 0.999236
5.28557, 5.30378, 0.797671, 0.00462083, -0.0264516, -0.99957
5.28684, 5.30239, 0.797573, 0.00309185, -0.0321286, -0.999331
5.28705, 5.30293, 0.795946, -0.00456247, 0.0326426, 0.99931
5.28619, 5.30214, 0.797405, 0.00984132, -0.0371818, -0.999127
5.28605, 5.30239, 0.790344, 0.00261821, -0.0315271, -0.999442
5.29007, 5.30062, 0.797932, 0.00938424, -0.0331143, -0.999243
5.28989, 5.30206, 0.793334, -0.0165362, 0.0323643, 0.999227
5.28844, 5.30322, 0.805931, 0.00733607, -0.0324746, -0.999347
5.28712, 5.30279, 0.800358, -0.0100072, 0.0356222, 0.999227
5.28641, 5.30333, 0.796793, 0.000368755, 0.0324121, 0.999388
5.28887, 5.30317, 0.802095, 0.0180077, -0.0300565, -0.999244
5.28983, 5.30095, 0.794852, 0.0129003, -0.0327227, -0.999337
5.28789, 5.30314, 0.803439, -0.0135289, 0.0383958, 0.999114
5.2895, 5.30333, 0.797062, -0.0111126, 0.0287233, 0.999422
5.28983, 5.30138, 0.808163, -0.0120682, 0.0340526, 0.999307
5.28632, 5.30247, 0.802389, -0.00581029, 0.0355426, 0.999288
5.29178, 5.30092, 0.807619, 0.0156095, -0.0319538, -0.999264
5.28847, 5.30257, 0.796213, 0.0121716, -0.0334814, -0.999316
5.28735, 5.30404, 0.79723, 0.00545703, -0.0272739, -0.999434
5.28777, 5.30442, 0.798272, 0.00568166, -0.0317803, -0.999357
5.28814, 5.30439, 0.800895, 0.00898325, -0.0325194, -0.999341
5.28673, 5.30331, 0.799884, -0.00931996, 0.030654, 0.999395
5.2903, 5.30278, 0.79804, -0.0136944, 0.0346142, 0.999204
5.2899, 5.30148, 0.793083, -0.00859022, 0.0283184, 0.999512
5.29095, 5.30062, 0.792891, 0.0131886, -0.0394235, -0.998856
5.28598, 5.30535, 0.799982, -0.0100798, 0.0320464, 0.999389
5.2878, 5.30196, 0.805445, -0.0102449, 0.0350437, 0.999311
5.28913, 5.30022, 0.802426, -0.0118492, 0.0394643, 0.998993
5.28739, 5.30424, 0.806858, -0.0094295, 0.034517, 0.999223
5.28594, 5.30298, 0.791753, 0.000917019, -0.0300827, -0.999459
5.28709, 5.30436, 0.804237, 0.00594244, -0.0338724, -0.999253
5.28957, 5.3023, 0.805849, 0.0109077, -0.0331363, -0.999285
5.28872, 5.30281, 0.791722, 0.00474937, -0.0294926, -0.999435
5.28891, 5.30346, 0.782438, 0.00717452, -0.0271503, -0.999457
5.28683, 5.30267, 0.79447, 0.000260008, 0.0359693, 0.999238
5.28825, 5.3056, 0.808573, -0.0077376, 0.0356375, 0.999287
5.28747, 5.30345, 0.802032, 0.00796293, -0.0368377, -0.999238
5.29127, 5.30144, 0.793023, 0.0129381, -0.0349761, -0.999259
5.28894, 5.30359, 0.786492, -0.0040189, 0.0365048, 0.999169
5.28957, 5.30562, 0.794552, 0.0131342, -0.0329589, -0.999331
5.28872, 5.30309, 0.798334, 0.00471807, -0.0362076, -0.99928
5.29179, 5.30122, 0.798653, -0.0172074, 0.0346117, 0.999174
5.2851, 5.30321, 0.804813, 0.0122215, -0.0419543, -0.998831
5.28996, 5.30437, 0.794166, -0.00923564, 0.0250847, 0.999505
5.29043, 5.30323, 0.801442, 0.010871, -0.0342387, -0.999276
5.29009, 5.30529, 0.798182, 0.00291263, -0.0352401, -0.999219
5.28729, 5.30226, 0.802004, -0.00475293, 0.035125, 0.999313
5.28769, 5.30204, 0.798322, 0.00322183, -0.0262581, -0.999522
5.28699, 5.30172, 0.788834, -0.00540429, 0.0371859, 0.999162
5.29045, 5.30325, 0.801442, -0.0120296, 0.0362983, 0.999233
5.28991, 5.30505, 0.802157, -0.0117089, 0.0371548, 0.999147
5.2891, 5.30703, 0.81192, -0.00674879, 0.0252506, 0.999537
5.28652, 5.30313, 0.791351, -0.00147586, 0.0310288, 0.999442
5.28598, 5.30386, 0.798897, -0.000251978, 0.0338587, 0.999343
5.28845, 5.30326, 0.79691, 0.0125878, -0.0240405, -0.999454
5.29029, 5.30427, 0.803546, 0.0112127, -0.0338105, -0.999336
5.28919, 5.30236, 0.802041, 0.0112943, -0.0295946, -0.999381
5.28744, 5.30456, 0.799952, 0.00985816, -0.0435477, -0.998905
5.28468, 5.3051, 0.797287, 0.0022747, -0.030288, -0.999423
5.28898, 5.30438, 0.798853, -0.00862187, 0.0328121, 0.999273
5.28919, 5.30427, 0.813964, -0.0117466, 0.0364928, 0.999181
5.28924, 5.30559, 0.789276, -0.00921642, 0.0327938, 0.999315
5.28885, 5.30667, 0.798902, -0.00583604, 0.0317916, 0.999401
5.28911, 5.30606, 0.79584, -0.0102467, 0.0305588, 0.999414
5.2869, 5.30307, 0.8001, 0.00770975, -0.0344215, -0.999305
5.28654, 5.30476, 0.798969, -0.00335719, 0.0285105, 0.999405
5.28992, 5.30507, 0.797344, -0.00660778, 0.0263417, 0.99953
5.28981, 5.30493, 0.800904, 0.0125037, -0.0371334, -0.999118
5.28524, 5.30596, 0.798751, 0.00854985, -0.0361961, -0.999256
5.29114, 5.30601, 0.795565, 0.0117678, -0.0354242, -0.99925
5.28862, 5.30389, 0.799053, -0.00583784, 0.0351773, 0.999272
5.28745, 5.30479, 0.80415, -0.006419, 0.0302546, 0.999325
5.28556, 5.30445, 0.797658, -0.00112773, -0.0317462, -0.999405
5.29049, 5.3037, 0.788881, -0.00485383, 0.0252217, 0.999523
5.29119, 5.30436, 0.795761, 0.012634, -0.0293768, -0.999341
5.28732, 5.30274, 0.795008, -0.0105897, 0.0212711, 0.999563
5.2884, 5.30409, 0.80473, 0.00808397, -0.0299413, -0.999301
5.29066, 5.30494, 0.803446, -0.0141819, 0.0411346, 0.998987
5.29073, 5.30633, 0.801264, -0.0129797, 0.0406573, 0.999048
5.28689, 5.3033, 0.799089, 0.00459435, -0.0314449, -0.9994
5.29027, 5.30693, 0.797995, -0.00884361, 0.0318939, 0.999358
5.28977, 5.3027, 0.812086, -0.0150154, 0.0445564, 0.998773
5.28941, 5.30488, 0.802833, 0.0113894, -0.0368117, -0.999199
5.29031, 5.30162, 0.804407, 0.0187629, -0.0382644, -0.999026
5.28938, 5.30487, 0.802318, 0.00945058, -0.0333034, -0.999348
5.29078, 5.30296, 0.79532, 0.0121449, -0.034896, -0.999105
5.28962, 5.30166, 0.789347, -0.0106762, 0.0345214, 0.999176
5.28414, 5.30689, 0.805508, -0.00178622, 0.0240932, 0.999477
5.29291, 5.30333, 0.800259, -0.0156456, 0.0397345, 0.998983
5.28967, 5.3026, 0.795936, -0.0122209, 0.0490724, 0.998587
5.28702, 5.30385, 0.809156, 0.00712693, -0.0360241, -0.999223
5.28965, 5.30493, 0.79936, -0.00692538, 0.0368462, 0.999213
5.29307, 5.3017, 0.802262, -0.0123302, 0.0359206, 0.999052
5.28437, 5.30391, 0.797179, -0.00338855, 0.0382823, 0.999114
5.28667, 5.30556, 0.795704, 0.00746104, -0.0314539, -0.999341
5.28974, 5.30493, 0.80322, 0.00128774, -0.0331263, -0.99937
5.29061, 5.30442, 0.797243, 0.00914872, -0.0312259, -0.999429
5.28901, 5.30562, 0.801614, 0.0142837, -0.0305509, -0.999306
5.29062, 5.30351, 0.807936, -0.010235, 0.039802, 0.998873
5.2899, 5.30323, 0.786639, -0.0076176, 0.0329365, 0.999323
5.28563, 5.30306, 0.807123, -0.00494938, 0.0314905, 0.999441
5.2904, 5.30399, 0.801434, 0.0142018, -0.0329941, -0.999179
5.28906, 5.305, 0.7966, 0.00818919, -0.0325801, -0.999393
5.2867, 5.30545, 0.806758, 0.00170809, -0.0321241, -0.999403
5.29074, 5.30479, 0.799591, -0.00885183, 0.0293201, 0.999265
5.28588, 5.3059, 0.800019, -0.00190715, 0.0285097, 0.99952
5.28785, 5.30527, 0.804132, 0.0137629, -0.0337234, -0.999198
5.28794, 5.30475, 0.798657, 0.00941265, -0.030849, -0.999464
5.28796, 5.30294, 0.805997, 0.00553429, -0.032671, -0.999307
5.28913, 5.30689, 0.807891, -0.00753886, 0.0339554, 0.999307
5.28912, 5.30644, 0.821715, -0.00780862, 0.0286032, 0.999507
5.28929, 5.30373, 0.808615, -0.0140986, 0.0324711, 0.999261
5.28898, 5.30314, 0.806137, 0.0110436, -0.0358347, -0.999244
5.28818, 5.3044, 0.800153, 0.00760184, -0.0372466, -0.999198
5.28775, 5.30403, 0.797052, -0.00846997, 0.0351205, 0.999233
5.29043, 5.30167, 0.798068, 0.00967176, -0.031838, -0.999354
5.28673, 5.30566, 0.803932, -0.00964392, 0.0335935, 0.999327
5.28966, 5.30197, 0.795467, -0.0162629, 0.0354118, 0.999089
5.28825, 5.30185, 0.791823, 0.00366228, -0.0333408, -0.999291
5.28771, 5.30501, 0.820502, 0.00936968, -0.0342493, -0.999274
5.28866, 5.30484, 0.792412, 0.00203373, -0.0278096, -0.999529
5.29235, 5.30034, 0.796527, -0.0131547, 0.0449879, 0.998818
5.29076, 5.30242, 0.798426, -0.0144107, 0.0266114, 0.999455
5.28883, 5.3029, 0.797907, -0.00823215, 0.0292241, 0.999338
5.29165, 5.30503, 0.805989, -0.0158417, 0.0347361, 0.999111
5.28756, 5.30361, 0.800869, 0.00933383, -0.0337307, -0.999284
5.29039, 5.30332, 0.804968, -0.0159342, 0.0346224, 0.999163
5.28852, 5.30493, 0.799487, 0.0111036, -0.0319518, -0.999329
5.28897, 5.3019, 0.795643, -0.00783088, 0.0370475, 0.999146
5.28899, 5.30764, 0.807309, -0.0172501, 0.0359759, 0.999104
5.29048, 5.30286, 0.802533, -0.0118132, 0.0406132, 0.998945
5.28633, 5.30357, 0.799516, -0.00280423, 0.0351258, 0.999277
5.28902, 5.30387, 0.798794, 0.00594831, -0.0352456, -0.999225
5.28798, 5.30775, 0.804688, 0.0118503, -0.0327576, -0.999321
5.29044, 5.30477, 0.806719, 0.0182053, -0.037039, -0.999095
5.28741, 5.30196, 0.795463, -0.0138813, 0.0346758, 0.999191
5.28941, 5.3033, 0.801197, -0.00608345, 0.0290074, 0.999412
5.2892, 5.3023, 0.800033, 0.00985421, -0.0229149, -0.999497
5.28872, 5.30494, 0.804532, -0.00916056, 0.0292989, 0.999431
5.28847, 5.3043, 0.793125, -0.00605552, 0.0313192, 0.999377
5.29045, 5.30368, 0.80533, 0.0107035, -0.0374182, -0.99914
5.29105, 5.30623, 0.799894, 0.013826, -0.0279416, -0.999443
5.28812, 5.30745, 0.805423, -0.00860998, 0.0394161, 0.999117
5.2884, 5.30348, 0.794524, -0.00863288, 0.0344157, 0.999334
5.29252, 5.30245, 0.804028, -0.020714, 0.0360193, 0.998926
5.28966, 5.30364, 0.797429, 0.00505712, -0.0328941, -0.99928
5.28619, 5.30373, 0.815371, -0.00697703, 0.0342795, 0.999322
5.29207, 5.30579, 0.80484, 0.0172697, -0.0276447, -0.999395
5.29381, 5.3048, 0.817725, -0.0180452, 0.031026, 0.999158
5.28601, 5.30356, 0.804626, -0.00846141, 0.0350525, 0.999244
5.28652, 5.30388, 0.799986, -0.00342158, 0.0339068, 0.999262
5.29065, 5.30392, 0.806842, 0.0102822, -0.0381391, -0.999149
5.2849, 5.30458, 0.802188, 0.00965571, -0.0301298, -0.999256
5.29176, 5.30481, 0.806429, -0.0191465, 0.0339984, 0.999056
5.29042, 5.30253, 0.799789, 0.00934307, -0.0349231, -0.999232
5.28788, 5.30446, 0.79607, -0.00843077, 0.0265547, 0.999438
5.29155, 5.30441, 0.80115, 0.0113049, -0.0319576, -0.999365
5.28706, 5.30515, 0.806675, -0.00473242, 0.0294733, 0.999466
5.287, 5.304, 0.797611, -0.0111221, 0.0305127, 0.999308
5.28719, 5.30189, 0.798048, -0.0132234, 0.0350294, 0.999112
5.2888, 5.30289, 0.796712, -0.0134307, 0.0307404, 0.999317
5.28777, 5.30399, 0.788605, -0.0120807, 0.0317337, 0.999231
5.28841, 5.30703, 0.795898, -0.00687791, 0.0253418, 0.999597
5.28492, 5.30539, 0.797361, 0.00396776, -0.0310975, -0.999451
5.29096, 5.30676, 0.809334, -0.00966672, 0.0265704, 0.999507
5.28891, 5.30437, 0.794177, 0.00425301, -0.0346462, -0.999307
5.28895, 5.3059, 0.794414, 0.00831487, -0.0390403, -0.99897
5.28806, 5.30401, 0.798161, -0.00596583, 0.0300305, 0.99948
5.28983, 5.30365, 0.789142, -0.00974738, 0.0350732, 0.999266
5.28994, 5.30178, 0.7987, -0.013378, 0.041237, 0.9989
5.29153, 5.30412, 0.797544, -0.0121065, 0.0356096, 0.999174
5.28864, 5.30405, 0.802674, -0.00858668, 0.0247815, 0.999443
5.28967, 5.30437, 0.812709, -0.0156766, 0.0341181, 0.999074
5.28874, 5.30367, 0.795073, -0.00412716, 0.0298448, 0.999431
5.2885, 5.30733, 0.804778, -0.00384936, 0.0341896, 0.999309
5.28764, 5.306, 0.801133, 0.00368061, -0.0314171, -0.999333
5.29258, 5.3022, 0.805293, 0.0230574, -0.0381218, -0.998939
5.287, 5.30327, 0.797446, -0.0089444, 0.0315375, 0.9992
5.28678, 5.30601, 0.815488, -0.0133845, 0.023274, 0.99951
5.28464, 5.30348, 0.790049, 0.000753476, 0.036358, 0.999257
5.28719, 5.3047, 0.795767, 0.00256439, -0.031097, -0.999409
5.28797, 5.3044, 0.792413, -0.00983542, 0.0273405, 0.999436
5.28724, 5.30603, 0.805758, 0.00923955, -0.0427922, -0.998909
5.28982, 5.30417, 0.815377, -0.0118671, 0.0330454, 0.999271
5.29063, 5.30136, 0.801353, 0.0127191, -0.0349499, -0.999128
5.28965, 5.30365, 0.804813, 0.0063365, -0.0343603, -0.999269
5.28986, 5.30343, 0.796847, -0.00997799, 0.0347197, 0.999297
5.29198, 5.30553, 0.794079, -0.020391, 0.0283876, 0.999306
5.28686, 5.30363, 0.814406, 0.0129011, -0.0362089, -0.999232
5.28837, 5.30571, 0.800335, -0.00987468, 0.038795, 0.999145
5.2889, 5.30409, 0.809979, -0.0101556, 0.0268962, 0.999382
5.29124, 5.30412, 0.811637, -0.00836101, 0.0313891, 0.999442
5.28909, 5.30619, 0.792722, 0.0100118, -0.0347471, -0.999287
5.28603, 5.30389, 0.791556, 0.010562, -0.0341406, -0.999245
5.29187, 5.30031, 0.8103, 0.0194835, -0.0314815, -0.998901
5.28991, 5.30318, 0.793748, -0.0125527, 0.0311282, 0.99935
5.28847, 5.30445, 0.810027, -0.00443891, 0.031841, 0.999314
5.28762, 5.30376, 0.807314, 0.00733932, -0.0364553, -0.999233
5.28618, 5.30443, 0.800139, 0.00179625, -0.0284189, -0.99954
5.28763, 5.30415, 0.791647, -0.00573724, 0.0269093, 0.999389
5.28921, 5.30364, 0.797122, 0.00497395, -0.030467, -0.999308
5.28932, 5.30747, 0.804867, 0.0116039, -0.0324423, -0.999307
5.2887, 5.30398, 0.796969, -0.0129703, 0.0365681, 0.999196
5.28955, 5.30233, 0.800427, 0.00664733, -0.0285755, -0.999496
5.28656, 5.30466, 0.800726, -0.00583355, 0.0332588, 0.999271
5.28812, 5.30305, 0.793494, -0.00853446, 0.0326048, 0.999263
5.28898, 5.30593, 0.799338, -0.0103756, 0.0399018, 0.999111
5.2861, 5.305, 0.799306, 0.00314762, 0.0246733, 0.999576
5.28968, 5.30289, 0.801941, -0.0182584, 0.0358823, 0.999114
5.28758, 5.30358, 0.799872, -0.00965362, 0.0343188, 0.99927
5.2907, 5.30406, 0.812321, 0.0147372, -0.0382037, -0.998992
5.29011, 5.30286, 0.792437, -0.0101126, 0.0304389, 0.999331
5.28781, 5.30366, 0.803813, -0.00551814, 0.0320966, 0.99942
5.28791, 5.30379, 0.791895, 0.0144941, -0.0358207, -0.999072
5.28789, 5.30331, 0.805397, -0.00811339, 0.0309764, 0.999387
5.28706, 5.30384, 0.808294, -0.00542827, 0.0312446, 0.999397
5.29004, 5.30187, 0.794681, -0.0116675, 0.0387304, 0.999102
5.29018, 5.30627, 0.805823, -0.0114733, 0.0318324, 0.999373
5.28863, 5.30407, 0.793194, 0.0143165, -0.0362258, -0.999109
5.29267, 5.3043, 0.796526, -0.0125603, 0.0383659, 0.999011
5.28831, 5.30407, 0.794118, 0.0069738, -0.0324424, -0.999348
5.28921, 5.30358, 0.819288, 0.0126445, -0.0368675, -0.999102
5.28934, 5.30478, 0.803299, -0.00476492, 0.0307627, 0.999345
5.29007, 5.30177, 0.794875, -0.0148888, 0.0329007, 0.999219
5.28824, 5.30187, 0.793134, 0.00590677, -0.0373099, -0.999235
5.28954, 5.30424, 0.802904, 0.00727505, -0.0285237, -0.999443
5.28821, 5.30484, 0.809963, 0.00644502, -0.0356424, -0.999257
5.28937, 5.30379, 0.794721, -0.011704, 0.0212088, 0.999554
5.28995, 5.30294, 0.795695, 0.0160758, -0.0389756, -0.998908
5.28604, 5.30375, 0.792544, 0.00517083, -0.0277605, -0.999509
5.28999, 5.30668, 0.801885, -0.01214, 0.0338661, 0.999177
5.28905, 5.30263, 0.795109, 0.0115668, -0.0336095, -0.999314
5.28812, 5.30637, 0.792571, 0.00385592, 0.0332394, 0.999169
5.29083, 5.30533, 0.793349, 0.00593086, -0.0323505, -0.999395
5.29094, 5.30469, 0.790618, -0.0100586, 0.0276668, 0.99947
5.28896, 5.30292, 0.804619, -0.0152352, 0.0308014, 0.999191
5.29041, 5.30275, 0.800467, -0.0089116, 0.0373021, 0.999145
5.29006, 5.30448, 0.796418, 0.00855683, -0.0257498, -0.99955
5.29049, 5.30415, 0.794412, 0.0178482, -0.0267396, -0.999332
5.28902, 5.30332, 0.809365, 0.00599538, -0.0327491, -0.999341
5.28785, 5.30406, 0.805912, 0.00470468, -0.0337118, -0.999227
5.28989, 5.30161, 0.795125, -0.00799469, 0.031444, 0.999383
5.28927, 5.30376, 0.788609, 0.0082766, -0.0206262, -0.999559
5.28972, 5.30416, 0.791947, -0.0140716, 0.0243011, 0.999496
5.28433, 5.30504, 0.803756, 1.97423e-05, -0.0309611, -0.999486
5.29159, 5.30325, 0.799359, -0.0132561, 0.0382831, 0.999055
5.28572, 5.3056, 0.80103, -0.00439115, 0.023104, 0.99961
5.29056, 5.30146, 0.789591, -0.011636, 0.0234525, 0.999342
5.29429, 5.30332, 0.802316, 0.0157951, -0.0316097, -0.99922
5.28534, 5.30311, 0.793848, -0.00183115, 0.0338722, 0.999333
5.28833, 5.30686, 0.80911, 0.00831651, -0.037879, -0.999205
5.28752, 5.30512, 0.812722, 0.0131357, -0.0377085, -0.999173
5.29364, 5.30182, 0.808963, 0.0177855, -0.0343734, -0.999089
5.28749, 5.30489, 0.797607, -0.00484703, 0.0226213, 0.999644
5.28836, 5.3048, 0.806338, 0.00726247, -0.0334247, -0.999289
5.29108, 5.30334, 0.801275, 0.014614, -0.027941, -0.99933
5.28713, 5.30699, 0.814188, 0.0105227, -0.0308498, -0.9994
5.28986, 5.30121, 0.797797, 0.00801478, -0.0293169, -0.999393
5.28551, 5.30852, 0.805299, -2.89155e-05, 0.0341592, 0.999321
5.28774, 5.30408, 0.80199, -0.0193564, 0.0261783, 0.999213
5.28866, 5.30428, 0.800871, -0.00793541, 0.0334274, 0.999351
5.29084, 5.30163, 0.797783, -0.0106904, 0.0310034, 0.999352
5.29095, 5.30909, 0.804269, 0.0143836, -0.0395455, -0.998997
5.28963, 5.3006, 0.802524, 0.00605534, -0.0315168, -0.999312
5.29171, 5.30333, 0.797577, -0.00520311, 0.0351177, 0.999234
5.29178, 5.30592, 0.806479, 0.0157821, -0.037867, -0.999044
5.28936, 5.30236, 0.806592, -0.0100307, 0.039671, 0.99903
5.28907, 5.30448, 0.794164, -0.0101554, 0.035658, 0.999236
5.29209, 5.30181, 0.791649, -0.00886452, 0.0376147, 0.999151
5.28662, 5.30254, 0.79172, -0.000380873, 0.0257967, 0.999602
5.29059, 5.30216, 0.795814, -0.0132336, 0.0308998, 0.999193
5.28841, 5.30301, 0.806672, -0.00902394, 0.0324191, 0.999321
5.28938, 5.30562, 0.800264, -0.00664517, 0.0269625, 0.999536
5.29084, 5.30043, 0.797338, 0.0103145, -0.0260417, -0.999514
5.29135, 5.29974, 0.79523, -0.0133111, 0.0298887, 0.999296
5.29129, 5.30338, 0.798673, -0.0148734, 0.0463296, 0.998678
5.29, 5.30349, 0.798815, -0.0134319, 0.0367571, 0.999106
5.28887, 5.30209, 0.810892, 0.00711298, -0.0470409, -0.998756
5.28969, 5.30575, 0.796869, -0.00398515, 0.0296665, 0.999371
5.29088, 5.30252, 0.805922, 0.0125596, -0.035552, -0.999168
5.28769, 5.30616, 0.798082, 0.00703494, -0.0291674, -0.999393
5.28555, 5.30392, 0.799985, 0.000134518, 0.0335992, 0.999292
5.28923, 5.30344, 0.79316, 0.00638885, -0.018836, -0.999415
5.29075, 5.30219, 0.804728, -0.014144, 0.0334486, 0.999292
5.28892, 5.30209, 0.801621, -0.0165044, 0.0334314, 0.999175
5.28708, 5.30402, 0.791052, 0.00859152, -0.0299468, -0.999429
5.28816, 5.30409, 0.808972, -0.010709, 0.0422337, 0.998909
5.2886, 5.30301, 0.795155, -0.00132592, 0.0255388, 0.99929
5.28804, 5.30291, 0.791536, -0.00851931, 0.0245788, 0.999466
5.28658, 5.30214, 0.789368, 0.00227127, -0.0399325, -0.99908
5.29493, 5.30266, 0.807591, 0.0212762, -0.0327131, -0.998968
5.28881, 5.30418, 0.7972, 0.00931678, -0.0278484, -0.999512
5.28868, 5.30312, 0.803458, -0.0109986, 0.0359718, 0.999205
5.28791, 5.30451, 0.796972, -0.0042593, 0.0276677, 0.999496
5.28801, 5.30555, 0.800823, -0.00970691, 0.0338072, 0.999256
5.28611, 5.30441, 0.794077, -0.00223827, -0.0259699, -0.999486
5.28833, 5.30421, 0.79593, -0.00503469, 0.0346837, 0.999316
5.28767, 5.30282, 0.7986, 0.00943287, -0.030512, -0.999414
5.2885, 5.30355, 0.800746, -0.00864366, 0.0263466, 0.999429
5.28733, 5.30347, 0.794785, 0.00659076, -0.0305373, -0.999367
5.29146, 5.30257, 0.793697, -0.0120924, 0.0348704, 0.999205
5.28795, 5.30447, 0.810959, 0.00657846, -0.0300488, -0.999467
5.28673, 5.30423, 0.800907, 0.0119181, -0.0300263, -0.999341
5.28836, 5.30291, 0.804183, -0.00585969, 0.0335514, 0.999374
5.28731, 5.30076, 0.799319, 0.00407129, -0.0394611, -0.998958
5.28643, 5.3025, 0.786574, 0.00686039, -0.0347242, -0.999221
5.2892, 5.30568, 0.798964, -0.00437519, 0.0316795, 0.99934
5.29023, 5.30211, 0.811929, 0.0101812, -0.021802, -0.999621
5.2897, 5.30537, 0.819917, 0.0095121, -0.0339843, -0.999111
5.2904, 5.30249, 0.79478, -0.00590423, 0.0355052, 0.99926
5.28966, 5.3019, 0.794322, 0.00805482, -0.0376239, -0.999188
5.2885, 5.30518, 0.79729, 0.0123011, -0.0222311, -0.999642
5.28912, 5.30678, 0.801552, -0.0105872, 0.0346248, 0.999232
5.28926, 5.30357, 0.8061, 0.00872167, -0.0364425, -0.999212
5.28978, 5.30344, 0.801886, 0.00960093, -0.0392926, -0.999038
5.28998, 5.30341, 0.806445, -0.0186252, 0.0284647, 0.999332
5.28959, 5.30311, 0.796746, -0.00968661, 0.031227, 0.999288
5.28942, 5.30153, 0.794335, 0.00731818, -0.0308633, -0.999217
5.28748, 5.30508, 0.804189, -0.00526586, 0.0360453, 0.999166
5.29118, 5.30318, 0.80251, -0.01308, 0.0289418, 0.99936
5.29008, 5.30505, 0.802983, 0.00952752, -0.0353832, -0.999239
5.28868, 5.30454, 0.791771, 0.00640205, -0.0353243, -0.99931
5.28924, 5.30253, 0.798993, 0.0119772, -0.0386781, -0.999051
5.28743, 5.30281, 0.804223, -0.0103549, 0.0347764, 0.999304
5.28662, 5.30623, 0.804613, 0.00927558, -0.0297886, -0.999264
5.29385, 5.30476, 0.803872, -0.0197767, 0.0288817, 0.9991
5.28505, 5.30598, 0.803685, -0.00174291, 0.0294945, 0.999395
5.28836, 5.30298, 0.797608, 0.0111635, -0.0305296, -0.999313
5.29184, 5.30579, 0.795465, -0.00789182, 0.0253048, 0.999582
5.29065, 5.30247, 0.800855, -0.013447, 0.0299952, 0.999264
5.28859, 5.3022, 0.793459, -0.00249957, 0.0271229, 0.999522
5.29033, 5.30297, 0.793551, -0.00861028, 0.0352213, 0.99927
5.28686, 5.30398, 0.799742, -0.0074414, 0.0339591, 0.999315
5.29138, 5.30376, 0.798088, 0.00459921, -0.0321649, -0.999376
5.28984, 5.30207, 0.809905, 0.0110053, -0.0308667, -0.999434
5.28843, 5.3051, 0.80126, 0.00901889, -0.0294851, -0.999457
5.28427, 5.30368, 0.802411, 0.0016188, -0.0382859, -0.999123
5.28642, 5.30685, 0.797277, 0.00369581, -0.0315723, -0.999362
5.29107, 5.30449, 0.796866, -0.0125908, 0.0405863, 0.999064
5.28889, 5.3047, 0.792784, -0.0109955, 0.0270943, 0.999491
5.28824, 5.30473, 0.800463, 0.00653305, -0.0346721, -0.999255
5.28807, 5.30609, 0.802131, -0.00485073, 0.0368439, 0.999113
5.28993, 5.30418, 0.796748, 0.015676, -0.0235007, -0.999324
5.28937, 5.30611, 0.79908, -0.0118245, 0.0362261, 0.9992
5.28992, 5.30305, 0.799944, -0.0120262, 0.0399129, 0.999036
5.28811, 5.30457, 0.799979, -0.00741724, 0.0318798, 0.999391
5.28796, 5.30156, 0.789865, 0.000642875, 0.0380437, 0.999107
5.28652, 5.30625, 0.801985, -0.00989224, 0.0316455, 0.999388
5.2918, 5.30383, 0.800371, 0.00854841, -0.0244196, -0.999543
5.29267, 5.30375, 0.806186, 0.0111394, -0.0298115, -0.999439
5.29128, 5.3036, 0.801115, -0.0189249, 0.0318491, 0.999168
5.28711, 5.30166, 0.789214, -0.0058544, 0.0253202, 0.999574
5.28823, 5.3018, 0.804203, 0.00907923, -0.0367974, -0.999163
5.28885, 5.30606, 0.801279, -0.00839592, 0.0318127, 0.999352
5.28881, 5.30362, 0.810387, -0.0068937, 0.0255458, 0.999568
5.28838, 5.30509, 0.798022, -0.00576945, 0.0252578, 0.999438
5.28745, 5.30412, 0.821966, -0.0059301, 0.0326639, 0.999299
5.28945, 5.30426, 0.797369, -0.00501079, 0.0302528, 0.999439
5.29023, 5.30294, 0.800296, 0.00916978, -0.0294776, -0.99939
5.29003, 5.3042, 0.800323, -0.0064999, 0.0259494, 0.999499
5.28688, 5.30444, 0.797496, -0.0022949, 0.0284212, 0.999457
5.28949, 5.30394, 0.794966, 0.0140726, -0.0310417, -0.999304
5.28578, 5.30325, 0.799213, 0.000845566, 0.0288749, 0.999452
5.28964, 5.30629, 0.796858, -0.00898159, 0.0271672, 0.999503
5.29149, 5.30651, 0.793043, 0.0067817, -0.0310135, -0.999345
5.29, 5.30343, 0.808061, -0.0119634, 0.0364988, 0.999222
5.28812, 5.30443, 0.803287, 0.0109722, -0.0378072, -0.999005
5.2882, 5.30483, 0.800081, 0.00705835, -0.0337614, -0.999308
5.29142, 5.30423, 0.800359, -0.0135653, 0.03582, 0.999085
5.28875, 5.30551, 0.806567, 0.0081135, -0.0312609, -0.999294
5.28693, 5.30366, 0.804426, 0.00778362, -0.0297783, -0.999426
5.28526, 5.30521, 0.804507, -0.00796414, 0.0297261, 0.999447
5.29017, 5.30313, 0.793957, -0.014452, 0.0354457, 0.999205
5.28896, 5.30304, 0.799982, 0.00588635, -0.0277948, -0.999486
5.29174, 5.30642, 0.805269, -0.0185849, 0.0370418, 0.999045
5.28782, 5.3033, 0.805222, -0.00598221, 0.0402879, 0.999083
5.28882, 5.30454, 0.802867, 0.00784362, -0.0378408, -0.999126
5.28746, 5.30523, 0.799289, -0.00474179, 0.029313, 0.999438
5.28858, 5.30574, 0.799019, -0.0161305, 0.0344999, 0.999227
5.29009, 5.30265, 0.802407, 0.0126996, -0.0257952, -0.999356
5.28838, 5.30492, 0.800328, -0.00807653, 0.0367547, 0.999161
5.28706, 5.30383, 0.795588, -0.00410531, 0.0341416, 0.99927
5.28944, 5.30523, 0.80502, -0.0111833, 0.0272027, 0.999444
5.29279, 5.30312, 0.793413, -0.0131615, 0.0319313, 0.999212
5.29128, 5.30526, 0.804229, -0.0126159, 0.0330848, 0.999223
5.28657, 5.30208, 0.796928, -0.00929305, 0.032135, 0.999394
5.28669, 5.30317, 0.795473, 0.00651595, -0.0322904, -0.999422
5.28808, 5.30604, 0.80663, 0.00848353, -0.0352811, -0.999281
5.29205, 5.30324, 0.813488, -0.0161233, 0.037471, 0.999048
5.28745, 5.30366, 0.801229, 0.00469703, -0.0323821, -0.9994
5.29011, 5.30376, 0.802573, -0.0051238, 0.0342909, 0.99934
5.28938, 5.30588, 0.810225, -0.0163036, 0.0344641, 0.999187
5.2896, 5.3059, 0.790112, 0.00706957, -0.0295154, -0.999493
5.28743, 5.30364, 0.797336, -0.0114425, 0.0265013, 0.999452
5.29144, 5.3025, 0.801346, 0.0150254, -0.0311443, -0.999304
5.28913, 5.3024, 0.790506, -0.0165635, 0.0418386, 0.998869
5.29046, 5.30606, 0.804875, -0.0144242, 0.032683, 0.999155
5.28885, 5.30313, 0.800086, -0.00459152, 0.0349548, 0.999154
5.28791, 5.30468, 0.807206, -0.00882131, 0.0311691, 0.999408
5.29033, 5.30086, 0.797922, -0.00827192, 0.0313035, 0.999362
5.29185, 5.30363, 0.799248, -0.0123818, 0.0365798, 0.99915
5.29043, 5.30583, 0.804767, 0.0232705, -0.0328357, -0.998938
5.28914, 5.30178, 0.805548, -0.0156533, 0.0479191, 0.998704
5.28864, 5.30456, 0.803445, -0.0113148, 0.0317513, 0.999228
5.28458, 5.30379, 0.802968, 0.00226284, -0.0349863, -0.999267
5.29195, 5.30432, 0.808466, -0.0191473, 0.0371509, 0.999058
5.29307, 5.3045, 0.814536, -0.0140963, 0.0404536, 0.998924
5.29108, 5.30291, 0.803864, 0.0139726, -0.0369677, -0.999124
5.29087, 5.30339, 0.80683, -0.0183441, 0.0364487, 0.99899
5.29016, 5.30207, 0.801832, 0.0207936, -0.0261342, -0.999307
5.29097, 5.30605, 0.806371, -0.0162359, 0.0383215, 0.999054
5.28998, 5.30062, 0.786638, -0.00877766, 0.0363767, 0.999203
5.29107, 5.30628, 0.805707, -0.0142601, 0.0333708, 0.999191
5.28968, 5.30246, 0.802064, -0.0184924, 0.0235129, 0.999129
5.28916, 5.30395, 0.807613, -0.00827852, 0.0263882, 0.999538
5.28907, 5.30531, 0.797809, 0.00918781, -0.0308983, -0.99942
5.29191, 5.3064, 0.799565, -0.0169578, 0.0340014, 0.999197
5.28898, 5.30507, 0.79115, -0.00911203, 0.0341663, 0.999247
5.28945, 5.30357, 0.791329, -0.00863131, 0.0270005, 0.999531
5.28847, 5.30411, 0.792185, 0.00497219, -0.0331319, -0.999347
5.29322, 5.30286, 0.803987, -0.0195639, 0.026259, 0.999232
5.28706, 5.30271, 0.789216, 0.00909571, -0.0325609, -0.999362
5.28931, 5.30522, 0.812683, 0.0137279, -0.0374123, -0.999109
5.28844, 5.30456, 0.792816, -0.00580774, 0.0349539, 0.999276
5.28903, 5.30495, 0.803539, 0.0113957, -0.0345747, -0.999142
5.28774, 5.30603, 0.811899, -0.00338228, 0.0276687, 0.999541
5.28982, 5.30514, 0.798948, -0.0101737, 0.0363054, 0.999143
5.2858, 5.30126, 0.791741, -0.00266228, 0.0277928, 0.999528
5.28566, 5.30475, 0.811824, -0.00420071, 0.0302096, 0.999435
5.28893, 5.30415, 0.803911, -0.00775612, 0.0342114, 0.999274
5.2924, 5.30647, 0.810197, 0.0157543, -0.0260413, -0.999307
5.28982, 5.30605, 0.793803, -0.0122094, 0.032834, 0.999249
5.29382, 5.29988, 0.802946, -0.0190028, 0.0349567, 0.999097
5.28856, 5.30416, 0.794413, -0.000920975, 0.030473, 0.99945
5.28904, 5.30465, 0.801225, -0.0120457, 0.0315489, 0.999365
5.29138, 5.30391, 0.796663, -0.0171843, 0.0306336, 0.999248
5.28852, 5.30504, 0.805496, 0.00764488, -0.0330801, -0.999356
5.28979, 5.30154, 0.801865, -0.0132034, 0.0318096, 0.999159
5.2911, 5.30363, 0.801495, 0.0098429, -0.0338888, -0.999231
5.28809, 5.30441, 0.810028, -0.00803456, 0.0336565, 0.999292
5.29032, 5.3002, 0.792293, -0.0193289, 0.029447, 0.999246
5.29095, 5.30132, 0.800568, 0.00875994, -0.0281196, -0.999454
5.29116, 5.30319, 0.803852, -0.015185, 0.0354768, 0.999188
5.28982, 5.30713, 0.806249, 0.0144034, -0.0296788, -0.999376
5.29147, 5.30419, 0.795494, 0.00902662, -0.0332188, -0.999278
5.29149, 5.30253, 0.802761, 0.0147719, -0.0434358, -0.998848
5.29111, 5.30514, 0.791675, -0.00835706, 0.0303878, 0.999292
5.29225, 5.30406, 0.806543, -0.0216459, 0.0339298, 0.999135
5.28709, 5.30317, 0.791821, -0.00844911, 0.0272782, 0.999503
5.29115, 5.3007, 0.795178, 0.0100057, -0.0329885, -0.999305
5.29027, 5.30277, 0.80578, 0.0129478, -0.0403115, -0.998973
5.28943, 5.30157, 0.790081, 0.0181833, -0.0335129, -0.999196
5.29166, 5.30461, 0.801334, -0.0149102, 0.0377612, 0.99909
5.29286, 5.30248, 0.802605, -0.0191987, 0.0279129, 0.999193
5.28928, 5.30398, 0.797054, 0.0105479, -0.0265253, -0.999371
5.28923, 5.30237, 0.795461, -0.00867145, 0.0365055, 0.999135
5.29055, 5.30236, 0.79862, 0.0128116, -0.0299085, -0.999389
5.29197, 5.30288, 0.799294, 0.0188285, -0.0350434, -0.999008
5.29045, 5.30317, 0.806428, -0.0127333, 0.0385384, 0.99902
5.28802, 5.30204, 0.800175, -0.00325721, 0.0270368, 0.999568
5.28968, 5.30373, 0.800264, -0.0175955, 0.0373853, 0.999047
5.29097, 5.30505, 0.798929, -0.00749631, 0.0287515, 0.999463
5.28974, 5.30356, 0.796705, -0.012604, 0.0277683, 0.9994
5.2901, 5.30388, 0.800874, -0.0179909, 0.0355503, 0.998903
5.28955, 5.30292, 0.802059, -0.0108697, 0.0280874, 0.999449
5.28793, 5.30276, 0.793537, 0.00904545, -0.0350288, -0.999233
5.28845, 5.30343, 0.80463, 0.010168, -0.0341116, -0.999233
5.28952, 5.30579, 0.791498, -0.0121815, 0.0329082, 0.999313
5.29073, 5.30154, 0.799946, -0.0122255, 0.0267132, 0.999424
5.29044, 5.30515, 0.790946, 0.0104617, -0.0252062, -0.999545
5.28904, 5.30412, 0.801312, -0.0082968, 0.0313182, 0.999191
5.29274, 5.30472, 0.796936, 0.0109306, -0.0293661, -0.999371
5.28609, 5.30335, 0.802611, -0.0108898, 0.0336635, 0.99928
5.2897, 5.301, 0.796212, -0.0146108, 0.0334039, 0.999203
5.28953, 5.30581, 0.807005, 0.0112636, -0.0290306, -0.999435
5.29175, 5.30124, 0.793198, 0.0115304, -0.0288851, -0.999336
5.29034, 5.30237, 0.79391, 0.0148103, -0.0263151, -0.999249
5.2894, 5.30488, 0.809425, 0.0158905, -0.0371825, -0.999124
5.29122, 5.30821, 0.806196, -0.0105832, 0.0396914, 0.999044
5.29108, 5.30088, 0.799585, -0.0147733, 0.0377411, 0.999098
5.28756, 5.30566, 0.800747, -0.00954458, 0.0320345, 0.999368
5.28747, 5.30346, 0.799476, -0.00380408, 0.0327376, 0.999386
5.28851, 5.30324, 0.80108, -0.0120983, 0.0330737, 0.999321
5.28991, 5.30301, 0.785273, -0.00978578, 0.0208757, 0.999579
5.29037, 5.3019, 0.808763, 0.0109497, -0.0344627, -0.999223
5.2888, 5.30463, 0.819632, -0.0108442, 0.0332927, 0.999277
5.29055, 5.30355, 0.795682, -0.01598, 0.0287138, 0.999341
5.28716, 5.30596, 0.809472, -0.0105997, 0.0380099, 0.999172
5.29124, 5.30461, 0.796184, 0.0181625, -0.0328503, -0.999203
5.28917, 5.3012, 0.792952, 0.020732, -0.0227627, -0.999413
5.2927, 5.30299, 0.797059, 0.0202932, -0.039689, -0.998926
5.28994, 5.30526, 0.797301, -0.0188216, 0.0415813, 0.998776
5.29068, 5.3037, 0.797844, -0.00888095, 0.035568, 0.999215
5.28996, 5.30439, 0.797172, -0.0123571, 0.0398754, 0.998993
5.28862, 5.30369, 0.798564, -0.00717271, 0.034036, 0.999336
5.28979, 5.30457, 0.798126, 0.016187, -0.0298651, -0.999267
5.29091, 5.3016, 0.792891, -0.00964744, 0.0268686, 0.999377
5.29132, 5.30517, 0.793275, -0.0135, 0.0388051, 0.999053
5.29041, 5.30206, 0.805143, -0.0197186, 0.0340857, 0.999133
5.28916, 5.3041, 0.793172, -0.0151469, 0.0323628, 0.999266
5.28973, 5.30108, 0.787817, -0.0119378, 0.0392136, 0.999047
