5.28933, 5.30302, 0.797035, -0.0123722, 0.0344794, 0.999195
5.28912, 5.30276, 0.799838, 0.00991123, -0.031023, -0.99936
5.29031, 5.30341, 0.804682, -0.0124363, 0.0334516, 0.999174
5.28982, 5.30257, 0.797222, -0.0100911, 0.0313899, 0.999324
5.28936, 5.30325, 0.79704, -0.0112923, 0.0320269, 0.999275
5.2889, 5.30351, 0.797237, 0.0083161, -0.0347225, -0.999247
5.28911, 5.30319, 0.792907, 0.00810006, -0.0318891, -0.999359
5.28944, 5.30402, 0.796344, 0.010497, -0.0326647, -0.999282
5.28878, 5.30313, 0.799669, -0.0109854, 0.0332267, 0.999218
5.28878, 5.30376, 0.800858, 0.0110254, -0.0351886, -0.999171
5.28898, 5.30359, 0.796824, -0.0118802, 0.0325272, 0.999277
5.28952, 5.30342, 0.79747, -0.0125543, 0.0355162, 0.999125
5.28956, 5.30338, 0.804264, 0.0145548, -0.0352297, -0.999137
5.28945, 5.30338, 0.800521, -0.0107543, 0.029375, 0.999362
5.28925, 5.30389, 0.798818, 0.0112761, -0.03413, -0.999225
5.29029, 5.30338, 0.797144, -0.0109803, 0.0320753, 0.999285
5.28847, 5.30289, 0.801542, -0.0123548, 0.0326994, 0.999229
5.28913, 5.30359, 0.797066, -0.00870873, 0.0336045, 0.999284
5.2897, 5.30385, 0.797565, -0.0100783, 0.0320495, 0.999293
5.28968, 5.30316, 0.796885, -0.00996966, 0.0317358, 0.999323
5.28967, 5.30349, 0.796828, 0.0120739, -0.0320906, -0.999256
5.29007, 5.30336, 0.795533, 0.0132296, -0.0307285, -0.999284
5.28957, 5.30289, 0.79644, -0.0110523, 0.0303698, 0.999353
5.28952, 5.30309, 0.797317, 0.0120205, -0.0310842, -0.999292
5.28967, 5.30267, 0.794235, -0.0113729, 0.0336242, 0.999227
5.28966, 5.30332, 0.796784, 0.0118431, -0.0308583, -0.999272
5.2889, 5.30275, 0.797061, 0.0110397, -0.032362, -0.999309
5.29012, 5.30264, 0.797468, 0.0121556, -0.0326143, -0.999226
5.29064, 5.30269, 0.798877, 0.0108551, -0.0339213, -0.999237
5.28977, 5.3036, 0.800825, 0.0122002, -0.0341272, -0.999228
5.28934, 5.30225, 0.799171, 0.0114009, -0.0313075, -0.999294
5.28991, 5.30241, 0.800848, 0.0110324, -0.0329059, -0.99928
5.28918, 5.3033, 0.797493, -0.0107032, 0.0327164, 0.999296
5.28926, 5.30349, 0.797558, -0.0110997, 0.0312741, 0.999332
5.28963, 5.30295, 0.802305, -0.0131017, 0.0324831, 0.999249
5.29064, 5.30277, 0.798075, 0.0161665, -0.0335565, -0.999166
5.28915, 5.30294, 0.797531, -0.0122833, 0.0337387, 0.999218
5.28983, 5.30392, 0.800108, 0.0112777, -0.0347709, -0.999222
5.28982, 5.30297, 0.798518, 0.0131769, -0.0334982, -0.999209
5.28985, 5.30368, 0.797168, 0.0117313, -0.0378214, -0.999083
5.28994, 5.30364, 0.800069, -0.0113368, 0.0334717, 0.999223
5.28963, 5.30409, 0.795739, 0.00905505, -0.0313909, -0.99933
5.28921, 5.30287, 0.796879, -0.0131087, 0.0356834, 0.999132
5.29035, 5.3033, 0.797494, -0.0120774, 0.0350485, 0.99919
5.28949, 5.30276, 0.797022, 0.0129884, -0.0335785, -0.999168
5.28894, 5.30379, 0.802795, -0.00981603, 0.0313038, 0.999336
5.29002, 5.30315, 0.799053, -0.0111989, 0.032071, 0.999275
5.29025, 5.30394, 0.80237, 0.0126413, -0.0313928, -0.999272
5.29088, 5.30356, 0.800746, -0.0130155, 0.0350466, 0.999155
5.2902, 5.30372, 0.799384, 0.0138985, -0.0343888, -0.999194
5.29009, 5.30379, 0.794832, -0.0127197, 0.0317903, 0.999231
5.28997, 5.30491, 0.801274, -0.0132112, 0.0310365, 0.999189
5.29054, 5.30324, 0.795481, -0.0140648, 0.0315935, 0.999218
5.2891, 5.30441, 0.798183, -0.0108644, 0.0322021, 0.99929
5.29027, 5.30513, 0.799164, 0.0114561, -0.0314821, -0.999278
5.28876, 5.3048, 0.797365, 0.00927741, -0.0320046, -0.99935
5.28934, 5.30478, 0.796811, 0.00867962, -0.029898, -0.999394
5.29036, 5.30462, 0.803117, -0.0139666, 0.0326643, 0.999208
5.29044, 5.3041, 0.801274, 0.0109568, -0.031487, -0.999261
5.29039, 5.30301, 0.793669, 0.0115239, -0.031696, -0.999221
5.28857, 5.30401, 0.798103, 0.0088776, -0.0304682, -0.999385
5.29013, 5.30439, 0.797713, -0.0111227, 0.0302227, 0.999333
5.29022, 5.30503, 0.800413, -0.0111839, 0.0334707, 0.999244
5.29023, 5.30461, 0.801398, 0.0140288, -0.0353631, -0.999167
5.29107, 5.30357, 0.798366, -0.0131208, 0.0356025, 0.9991
5.28947, 5.30393, 0.798754, -0.0142776, 0.0314602, 0.999247
5.29074, 5.30305, 0.798983, -0.0119099, 0.0323394, 0.999252
5.29021, 5.30432, 0.799018, -0.0124882, 0.0332053, 0.999231
5.28949, 5.30463, 0.794916, -0.00817116, 0.0333396, 0.999306
5.29011, 5.30428, 0.801055, -0.0125405, 0.0340421, 0.99922
5.29021, 5.30399, 0.800502, -0.0120902, 0.0356934, 0.99914
5.28934, 5.30405, 0.799251, -0.0129574, 0.0309497, 0.999279
5.29042, 5.30367, 0.800287, 0.00991027, -0.0327344, -0.999271
5.29179, 5.30371, 0.800219, 0.0141752, -0.031342, -0.999225
5.29004, 5.30424, 0.80055, 0.0134363, -0.0327586, -0.999285
5.28977, 5.30352, 0.798616, -0.0110913, 0.0288356, 0.999282
5.29072, 5.30338, 0.802303, 0.0136437, -0.0347017, -0.999162
5.29034, 5.30345, 0.797601, 0.0133078, -0.0342197, -0.999175
5.28948, 5.30403, 0.799464, 0.0101066, -0.0334756, -0.999254
5.29008, 5.30363, 0.801479, -0.0128872, 0.0363764, 0.999089
5.2906, 5.3036, 0.793307, 0.0119422, -0.028755, -0.999375
5.29095, 5.30569, 0.80306, -0.0153223, 0.0324632, 0.999248
5.2893, 5.30395, 0.800513, 0.0126371, -0.0307668, -0.999277
5.29005, 5.30404, 0.799605, 0.0122329, -0.0275208, -0.999359
5.29112, 5.3035, 0.797078, 0.0117388, -0.0357294, -0.999156
5.28977, 5.30442, 0.798295, -0.0114298, 0.0305532, 0.999312
5.29016, 5.30492, 0.800402, -0.0154669, 0.0329329, 0.999197
5.29204, 5.30436, 0.800124, 0.0146669, -0.0275258, -0.999367
5.2904, 5.3049, 0.797876, -0.0119355, 0.0322935, 0.999249
5.29116, 5.30499, 0.798671, -0.0159366, 0.0303316, 0.99925
5.29053, 5.30513, 0.799779, 0.00917337, -0.03017, -0.999335
5.29072, 5.30429, 0.800791, -0.0129318, 0.0314446, 0.999275
5.2901, 5.30443, 0.798212, 0.0101251, -0.0302196, -0.999343
5.29156, 5.3053, 0.801205, -0.0161521, 0.0301823, 0.999267
5.29066, 5.30399, 0.795375, 0.0112725, -0.0306815, -0.9993
5.2902, 5.30474, 0.797607, -0.0101872, 0.0284286, 0.999391
5.29279, 5.30372, 0.800052, -0.0182447, 0.0310659, 0.999209
5.29046, 5.30368, 0.797581, -0.0124422, 0.0308823, 0.999283
5.29061, 5.30385, 0.803562, -0.0146107, 0.0323929, 0.999152
5.29095, 5.3045, 0.801796, 0.0152288, -0.0306896, -0.999268
