5.41248, 5.27904, 0.420037, 0.0165781, 0.999063, -0.0334579
5.41205, 5.27851, 0.424926, -0.0116826, -0.999173, 0.0333603
5.41174, 5.2823, 0.422547, 0.0107943, 0.999009, -0.0372052
5.41146, 5.27994, 0.423661, 0.0132921, 0.999193, -0.0336564
5.41134, 5.28136, 0.42205, 0.014718, 0.99904, -0.0316412
5.41141, 5.27877, 0.423061, 0.0115276, 0.99915, -0.0337341
5.41323, 5.28369, 0.421803, 0.0117056, 0.999059, -0.0364399
5.41268, 5.2814, 0.419635, -0.0162291, -0.998932, 0.0365247
5.41176, 5.28057, 0.421524, 0.0150079, 0.99897, -0.038296
5.4114, 5.28335, 0.420824, -0.0159441, -0.999099, 0.0318092
5.41156, 5.28544, 0.424361, 0.015107, 0.998969, -0.037298
5.41226, 5.28026, 0.42102, -0.0116111, -0.999337, 0.0276989
5.41203, 5.28021, 0.42158, -0.0131543, -0.999344, 0.0297747
5.41338, 5.28727, 0.420851, -0.0137211, -0.999105, 0.0324069
5.41163, 5.27903, 0.421189, 0.0147623, 0.999417, -0.0250005
5.41364, 5.28057, 0.421657, -0.0104232, -0.999167, 0.034531
5.41131, 5.28163, 0.423493, -0.0132568, -0.999217, 0.0330235
5.41329, 5.27994, 0.422946, -0.0123249, -0.999198, 0.0295677
5.41256, 5.28624, 0.422035, -0.010756, -0.99909, 0.0366942
5.41183, 5.27847, 0.421472, 0.0121808, 0.999546, -0.0237432
5.41199, 5.2799, 0.421371, -0.0141452, -0.999093, 0.0355474
5.4139, 5.28026, 0.418929, 0.0145124, 0.99918, -0.03153
5.41256, 5.27939, 0.42198, -0.0133778, -0.9992, 0.0306063
5.41149, 5.28142, 0.42041, -0.0175668, -0.999116, 0.0318004
5.41209, 5.28266, 0.421876, 0.0136913, 0.999044, -0.0358516
5.41177, 5.28139, 0.420378, 0.0139969, 0.998924, -0.0381831
5.41302, 5.28521, 0.420628, 0.00964163, 0.999389, -0.0281628
5.41198, 5.27976, 0.423254, -0.011918, -0.999097, 0.0302037
5.41329, 5.28181, 0.420449, -0.0116835, -0.999048, 0.0366038
5.41189, 5.28307, 0.422654, -0.00951007, -0.999029, 0.0381877
5.41187, 5.28038, 0.422657, 0.00897668, 0.999068, -0.0388318
5.41241, 5.28145, 0.418972, -0.0117806, -0.999333, 0.026836
5.41205, 5.28419, 0.419391, -0.0131937, -0.99919, 0.0327497
5.412, 5.27929, 0.424737, -0.0150245, -0.999202, 0.0297756
5.41276, 5.28099, 0.421329, 0.0145672, 0.999113, -0.0329659
5.41153, 5.28427, 0.423927, 0.0118017, 0.998808, -0.0402762
5.41245, 5.27953, 0.422587, 0.0129974, 0.998908, -0.0405634
5.41356, 5.27977, 0.42184, 0.0167256, 0.998979, -0.0348766
5.41316, 5.28106, 0.421745, 0.0143451, 0.999037, -0.0374252
5.4124, 5.28185, 0.418523, 0.0112296, 0.999007, -0.0383497
5.4115, 5.28161, 0.422348, -0.0106912, -0.999201, 0.0332671
5.41243, 5.28201, 0.422889, -0.013671, -0.999112, 0.0344882
5.41234, 5.27731, 0.420424, -0.0140586, -0.999024, 0.0299076
5.41283, 5.28294, 0.422277, 0.0128072, 0.998966, -0.0359632
5.41228, 5.28245, 0.421331, 0.012083, 0.999164, -0.0339798
5.41264, 5.28379, 0.418713, 0.012783, 0.999117, -0.0345592
5.41248, 5.28438, 0.423943, -0.0133543, -0.999066, 0.0339417
5.41226, 5.28014, 0.421889, 0.0130277, 0.999135, -0.0359432
5.41249, 5.28051, 0.420183, 0.0110968, 0.999013, -0.0370927
5.41283, 5.28587, 0.422706, 0.0123314, 0.998933, -0.0369937
5.41216, 5.27866, 0.422663, -0.0118545, -0.999197, 0.0325869
5.41191, 5.28335, 0.418247, 0.0125599, 0.999394, -0.0253927
5.41133, 5.28323, 0.421144, -0.0117412, -0.99926, 0.0309235
5.41164, 5.28315, 0.426027, -0.00963324, -0.998927, 0.0395231
5.41231, 5.27853, 0.420329, -0.0119734, -0.999341, 0.0271019
5.41215, 5.28312, 0.421485, 0.0165238, 0.999086, -0.0328198
5.41163, 5.28243, 0.420173, 0.0173897, 0.999217, -0.0296298
5.41208, 5.28223, 0.420648, 0.0138258, 0.999362, -0.0260568
5.41191, 5.28172, 0.424902, 0.013172, 0.999123, -0.030544
5.41151, 5.28239, 0.419317, 0.0167823, 0.99898, -0.0360799
5.41224, 5.27982, 0.420109, 0.0114821, 0.999343, -0.0299252
5.41124, 5.28512, 0.422717, 0.00979293, 0.999091, -0.0342926
5.41133, 5.27985, 0.42261, -0.0128072, -0.999175, 0.0311613
5.4129, 5.28016, 0.424858, 0.011212, 0.999308, -0.0295632
5.41157, 5.27912, 0.419722, 0.0151771, 0.99921, -0.0302647
5.41223, 5.28734, 0.41925, 0.0137849, 0.999068, -0.0339853
5.41194, 5.28482, 0.421064, -0.0130832, -0.999037, 0.0359509
5.41199, 5.27944, 0.422195, 0.0129965, 0.999101, -0.0365068
5.41269, 5.28133, 0.422266, 0.0116609, 0.999191, -0.0332404
5.41278, 5.28087, 0.423261, 0.0102976, 0.999069, -0.0391468
5.41265, 5.28415, 0.422424, -0.0113184, -0.998882, 0.0414885
5.41325, 5.2854, 0.419986, -0.0112472, -0.999064, 0.0349224
5.41382, 5.28411, 0.418538, 0.00763317, 0.99921, -0.0331631
5.41259, 5.28057, 0.420752, -0.0120736, -0.999004, 0.0366739
5.41213, 5.28052, 0.420461, -0.0119445, -0.999124, 0.0332756
5.41196, 5.28095, 0.422504, -0.0151726, -0.999198, 0.0292588
5.41199, 5.28404, 0.419333, -0.012367, -0.999099, 0.0339551
5.41241, 5.28245, 0.420474, 0.00866532, 0.998953, -0.0365409
5.41231, 5.28436, 0.420736, 0.0148289, 0.998631, -0.0418324
5.41237, 5.27887, 0.421745, -0.0124621, -0.999378, 0.0287701
5.41374, 5.28022, 0.419962, -0.0115625, -0.999079, 0.0333455
5.41328, 5.27877, 0.418577, 0.0120487, 0.998864, -0.0388007
5.41141, 5.28156, 0.42317, 0.0132543, 0.999263, -0.029672
5.41207, 5.28098, 0.420301, 0.0129199, 0.999001, -0.0362514
5.41143, 5.28095, 0.420215, 0.0144359, 0.999264, -0.0270005
5.41375, 5.27975, 0.419884, 0.0105319, 0.999108, -0.0355789
5.41286, 5.28203, 0.42186, 0.00987979, 0.998652, -0.0441944
5.41177, 5.28448, 0.423631, -0.0141619, -0.998955, 0.0369876
5.41273, 5.2822, 0.421457, -0.0119731, -0.999181, 0.0320475
5.4121, 5.28221, 0.421593, 0.0122435, 0.999315, -0.030038
5.4137, 5.28053, 0.417861, -0.013922, -0.999042, 0.0361388
5.41171, 5.27906, 0.422094, -0.0138955, -0.999138, 0.0322142
5.41237, 5.28233, 0.420109, 0.0142807, 0.999091, -0.0318264
5.41223, 5.28165, 0.42158, 0.0101247, 0.999124, -0.0350926
5.41269, 5.28561, 0.421428, 0.0115802, 0.999051, -0.0333374
5.4127, 5.279, 0.421044, -0.0119533, -0.999363, 0.0291753
5.41324, 5.28337, 0.421126, -0.0124175, -0.999008, 0.0368267
5.41281, 5.28191, 0.421178, -0.0131094, -0.99906, 0.0343082
5.41333, 5.28167, 0.418198, 0.013074, 0.999291, -0.0310789
5.41177, 5.28013, 0.424001, -0.0162681, -0.9989, 0.0385698
5.41213, 5.28055, 0.420638, 0.0121284, 0.999312, -0.0276113
5.41305, 5.27989, 0.420812, 0.0115318, 0.999079, -0.0346283
5.41279, 5.28228, 0.422399, 0.0149071, 0.998977, -0.0356819
5.41217, 5.27837, 0.423721, -0.0135503, -0.999189, 0.0325106
5.41174, 5.2841, 0.421491, -0.0161485, -0.998889, 0.0382978
5.41317, 5.28232, 0.421792, 0.0117839, 0.999085, -0.0349863
5.41488, 5.28728, 0.420099, 0.00915166, 0.998953, -0.0387959
5.41299, 5.28032, 0.420656, -0.0126872, -0.999047, 0.036974
5.41285, 5.28354, 0.420552, -0.0113415, -0.998936, 0.0378728
5.4123, 5.28212, 0.420657, -0.0131485, -0.999214, 0.0306078
5.41172, 5.28199, 0.423388, 0.0142231, 0.999381, -0.0288524
5.4121, 5.28059, 0.419477, 0.0127124, 0.999223, -0.0313919
5.41229, 5.28206, 0.421009, -0.0158061, -0.999252, 0.0298339
5.41143, 5.27895, 0.422403, -0.0143498, -0.999062, 0.0337932
5.41379, 5.28374, 0.419605, -0.00976775, -0.999174, 0.0354383
5.41421, 5.28358, 0.421354, -0.0132969, -0.999113, 0.0331943
5.41282, 5.27768, 0.420949, 0.0124533, 0.999014, -0.0348991
5.41119, 5.28061, 0.421598, 0.0128508, 0.999246, -0.0305231
5.41299, 5.28167, 0.420609, -0.00932376, -0.998904, 0.0384691
5.41127, 5.28125, 0.420853, -0.0131141, -0.999153, 0.0329813
5.41321, 5.28184, 0.419655, 0.00830576, 0.999199, -0.0316006
5.41231, 5.28298, 0.421034, 0.0120748, 0.999074, -0.0364652
5.41327, 5.27932, 0.421403, -0.01071, -0.999421, 0.028102
5.41155, 5.28018, 0.419856, -0.0131518, -0.999144, 0.0317292
5.41222, 5.27909, 0.424002, 0.0121112, 0.999249, -0.029678
5.41081, 5.27973, 0.420606, -0.0168649, -0.999208, 0.0304218
5.41273, 5.28172, 0.420609, -0.015314, -0.999288, 0.0278293
5.41194, 5.28984, 0.423514, -0.0147926, -0.999091, 0.0326889
5.41241, 5.28409, 0.421641, 0.0176136, 0.99904, -0.0336368
5.4121, 5.28253, 0.421555, -0.0145673, -0.999034, 0.0355546
5.41263, 5.28318, 0.423517, -0.00999501, -0.998647, 0.0464402
5.41123, 5.28133, 0.421044, -0.0148803, -0.999023, 0.0338652
5.41151, 5.28458, 0.421808, 0.00951009, 0.998908, -0.0371463
5.41272, 5.28364, 0.420338, 0.00764025, 0.999199, -0.0308033
5.41143, 5.2835, 0.423831, -0.0142109, -0.999192, 0.0299573
5.41305, 5.28178, 0.421329, -0.0106691, -0.998987, 0.0361938
5.41123, 5.27654, 0.423927, -0.0136892, -0.9992, 0.0302146
5.41246, 5.28422, 0.420932, 0.0134443, 0.99884, -0.0398863
5.41196, 5.28277, 0.421426, 0.00922119, 0.998807, -0.0436303
5.41359, 5.28182, 0.421024, -0.0133497, -0.998885, 0.037601
5.41179, 5.27897, 0.421482, 0.0161914, 0.998843, -0.0406749
5.4118, 5.28163, 0.421192, -0.0118349, -0.999115, 0.0350104
5.41283, 5.2811, 0.419662, -0.0125077, -0.999452, 0.0241734
5.41293, 5.28096, 0.421962, -0.0118217, -0.999138, 0.0321544
5.41254, 5.28217, 0.422036, -0.0113069, -0.99952, 0.0227276
5.41286, 5.28256, 0.421579, 0.0134784, 0.9989, -0.0354713
5.41155, 5.28434, 0.422627, 0.0125443, 0.999058, -0.0345122
5.4129, 5.28305, 0.419738, 0.0090726, 0.999064, -0.0361876
5.41305, 5.27878, 0.420053, 0.0123603, 0.999203, -0.0293867
5.41419, 5.28305, 0.420238, 0.0145799, 0.999196, -0.0299604
5.41149, 5.2835, 0.420467, -0.0143119, -0.999211, 0.0327936
5.41279, 5.28095, 0.421309, 0.0140735, 0.999085, -0.0312734
5.41277, 5.27995, 0.418587, -0.0142694, -0.999046, 0.0342232
5.41194, 5.27919, 0.422216, -0.0112676, -0.999235, 0.0328893
5.41206, 5.28349, 0.420856, -0.0139137, -0.998823, 0.0410883
5.41292, 5.28555, 0.421358, -0.00643907, -0.999086, 0.035538
5.41257, 5.28137, 0.424026, 0.0118469, 0.999411, -0.0281764
5.41113, 5.27934, 0.42347, 0.0122653, 0.999229, -0.0325852
5.4119, 5.28173, 0.420022, 0.0128633, 0.99924, -0.0304933
5.41118, 5.28296, 0.422111, -0.010451, -0.999401, 0.0296521
5.41413, 5.27812, 0.41952, 0.0132532, 0.999386, -0.0265324
5.41174, 5.28031, 0.422231, 0.0152361, 0.99895, -0.0393301
5.41288, 5.2848, 0.42209, 0.0113631, 0.998974, -0.038379
5.41366, 5.28396, 0.41998, 0.00914544, 0.9994, -0.0283484
5.41355, 5.28147, 0.419312, -0.0125745, -0.999335, 0.0286251
5.41186, 5.27881, 0.424389, 0.0165839, 0.999201, -0.031529
5.41165, 5.28037, 0.420146, -0.0123044, -0.999291, 0.031127
5.41227, 5.28164, 0.420729, -0.0119275, -0.999352, 0.0279342
5.41174, 5.28132, 0.419092, -0.0152658, -0.999197, 0.0314722
5.41165, 5.28608, 0.420549, -0.0128112, -0.999182, 0.0337772
5.41322, 5.28032, 0.420939, -0.014212, -0.99929, 0.0278453
5.41321, 5.28102, 0.423069, 0.015194, 0.999249, -0.0299344
5.41276, 5.27803, 0.420429, 0.0124278, 0.9994, -0.0262495
5.41263, 5.28318, 0.420286, 0.0128127, 0.999139, -0.0338135
5.41071, 5.27792, 0.419961, 0.014856, 0.999136, -0.0326809
5.412, 5.28193, 0.416568, 0.0104129, 0.999224, -0.0310158
5.4129, 5.2816, 0.419839, 0.0109072, 0.999197, -0.0310849
5.41333, 5.28201, 0.420391, 0.0118577, 0.998838, -0.0413806
5.41267, 5.28428, 0.419764, 0.0101147, 0.999048, -0.0358494
5.41317, 5.27849, 0.421375, 0.0114847, 0.999195, -0.0348034
5.41146, 5.28081, 0.420409, -0.0137274, -0.999297, 0.0279323
5.41282, 5.28326, 0.420285, -0.00949722, -0.999126, 0.0353808
5.41259, 5.28299, 0.422426, -0.00786201, -0.999055, 0.039173
5.41212, 5.27961, 0.422995, 0.00985742, 0.999067, -0.0309329
5.41188, 5.28536, 0.42399, -0.0133213, -0.998988, 0.0381855
5.41226, 5.28232, 0.421284, -0.0117284, -0.999234, 0.0296133
5.41299, 5.27873, 0.420231, -0.0104937, -0.99944, 0.0278164
5.4134, 5.28312, 0.422154, -0.00825985, -0.99883, 0.0414881
5.41167, 5.28527, 0.420698, 0.0137427, 0.999228, -0.0315385
5.41247, 5.28024, 0.421899, -0.0104278, -0.999221, 0.0332806
5.41303, 5.27924, 0.421796, -0.0101381, -0.999165, 0.028747
5.41243, 5.28383, 0.42109, 0.0118898, 0.99902, -0.0352702
5.41195, 5.28106, 0.418892, 0.012492, 0.999097, -0.0348496
5.41165, 5.27864, 0.421992, -0.0113718, -0.999256, 0.0323473
5.41211, 5.28294, 0.4185, 0.0120163, 0.999174, -0.0334595
5.41202, 5.27956, 0.422956, -0.0134911, -0.999059, 0.0351373
5.41228, 5.27888, 0.421474, -0.0142384, -0.999335, 0.0277198
5.41234, 5.28, 0.417967, -0.0137314, -0.998843, 0.0384371
5.41263, 5.28317, 0.421347, 0.0122419, 0.999216, -0.0336587
5.41266, 5.27828, 0.420155, -0.013826, -0.999066, 0.0362499
5.41238, 5.28199, 0.421902, 0.0107903, 0.999112, -0.0372969
5.41327, 5.28391, 0.417619, 0.00974822, 0.998881, -0.0358492
5.41207, 5.2813, 0.421888, 0.0135458, 0.999278, -0.0316229
5.41294, 5.28328, 0.419004, 0.0128269, 0.999225, -0.0314126
5.41225, 5.28301, 0.420115, 0.0154844, 0.99903, -0.0363414
5.41313, 5.28146, 0.419003, 0.0121583, 0.99934, -0.0286535
5.41251, 5.28033, 0.420667, -0.0140273, -0.999033, 0.0350475
5.41179, 5.28182, 0.422512, 0.01284, 0.999232, -0.0302654
5.41204, 5.27938, 0.422617, -0.0119492, -0.999354, 0.0287688
5.41188, 5.27949, 0.420597, -0.0167689, -0.999133, 0.0330173
5.41338, 5.2788, 0.418834, 0.00826482, 0.999, -0.0380217
5.4121, 5.28301, 0.41884, 0.0174814, 0.998945, -0.0363407
5.41247, 5.28326, 0.421336, 0.0144453, 0.999224, -0.0308112
5.41321, 5.28223, 0.420173, -0.0112521, -0.999002, 0.0373479
5.41191, 5.27908, 0.420147, 0.0130526, 0.999082, -0.0361606
5.4125, 5.27908, 0.424167, -0.0118643, -0.999213, 0.0327691
5.41317, 5.28258, 0.417275, 0.0143791, 0.999135, -0.030982
5.41337, 5.28269, 0.423544, -0.00859583, -0.999105, 0.0348649
5.41193, 5.27995, 0.421948, 0.0120779, 0.999068, -0.0355379
5.413, 5.27997, 0.420173, 0.0133309, 0.999313, -0.0299238
5.41379, 5.28716, 0.421018, -0.00615119, -0.998872, 0.0417065
5.41259, 5.28346, 0.422003, 0.00807524, 0.999316, -0.0301595
5.41369, 5.28313, 0.420876, 0.0139209, 0.998931, -0.0381893
5.41161, 5.2779, 0.418927, 0.0152407, 0.999443, -0.0239482
5.41121, 5.27873, 0.421909, -0.015336, -0.999319, 0.0291753
5.41238, 5.28216, 0.419728, -0.00909408, -0.999075, 0.0363646
5.41221, 5.27953, 0.423122, -0.0129778, -0.999103, 0.0341157
5.41323, 5.28021, 0.420177, 0.0118203, 0.999178, -0.0326962
5.41127, 5.2813, 0.42216, 0.0149908, 0.999199, -0.0331468
5.41138, 5.28275, 0.425554, -0.0144281, -0.999113, 0.0340136
5.41099, 5.27902, 0.423069, 0.0127494, 0.999418, -0.0266925
5.41217, 5.28579, 0.419403, 0.0115196, 0.999069, -0.0320938
5.41185, 5.28159, 0.423351, 0.0128893, 0.999087, -0.0350023
5.41273, 5.28028, 0.421045, 0.0133547, 0.999296, -0.0296143
5.4135, 5.28126, 0.419102, 0.0137608, 0.99917, -0.0326796
5.41231, 5.2799, 0.421542, 0.0103113, 0.999422, -0.0279109
5.41222, 5.28214, 0.422932, 0.0130726, 0.9992, -0.0317575
5.4111, 5.28127, 0.423375, -0.0121422, -0.999093, 0.0326964
5.41311, 5.27935, 0.420592, 0.0138759, 0.999147, -0.0316855
5.41205, 5.28044, 0.418367, -0.0131151, -0.999377, 0.0260802
5.41245, 5.2804, 0.420018, -0.0101216, -0.999101, 0.0358792
5.41208, 5.28339, 0.420203, -0.0132712, -0.999174, 0.0331003
5.41243, 5.28044, 0.42085, 0.0133257, 0.999098, -0.0329912
5.41278, 5.28179, 0.422132, -0.0120781, -0.999247, 0.0312519
5.41294, 5.28011, 0.42178, -0.0104326, -0.999262, 0.0335329
5.41168, 5.28481, 0.418263, -0.0112825, -0.999084, 0.0356761
5.41313, 5.28464, 0.41953, 0.0121358, 0.999182, -0.0303435
5.4124, 5.28208, 0.421097, 0.0153022, 0.998898, -0.0388427
5.41272, 5.28183, 0.421756, -0.0123143, -0.999102, 0.0338101
5.41086, 5.27997, 0.421373, 0.0140751, 0.999087, -0.0373068
5.41294, 5.28434, 0.422922, -0.0153927, -0.999047, 0.0362131
5.41123, 5.28149, 0.419092, -0.0145193, -0.999241, 0.0318437
5.41185, 5.27886, 0.422831, -0.0125732, -0.999223, 0.0352355
5.41233, 5.28414, 0.421605, 0.0104629, 0.99902, -0.0384831
5.41143, 5.27891, 0.422493, 0.0146966, 0.999366, -0.0268497
5.41249, 5.28225, 0.423209, 0.00981892, 0.999223, -0.0329626
5.41163, 5.28127, 0.420958, -0.0106657, -0.998732, 0.0434204
5.41191, 5.28012, 0.422199, 0.0132332, 0.999142, -0.0350992
5.41246, 5.27872, 0.423128, 0.0144599, 0.999024, -0.0363559
5.41272, 5.28024, 0.419615, -0.0119655, -0.999306, 0.0318121
5.4121, 5.2807, 0.422047, -0.0142656, -0.999174, 0.0322889
5.41278, 5.27972, 0.420834, 0.012836, 0.999212, -0.0300208
5.41217, 5.27954, 0.422234, -0.0136027, -0.999298, 0.0309486
5.4122, 5.28445, 0.421699, 0.0115846, 0.999289, -0.0306446
5.41271, 5.28341, 0.419458, 0.0101063, 0.999126, -0.0330517
5.41152, 5.28337, 0.421095, -0.0101413, -0.999218, 0.0306523
5.41334, 5.28048, 0.420959, 0.0106838, 0.999061, -0.036788
5.412, 5.28446, 0.41881, -0.0104856, -0.998975, 0.0386945
5.412, 5.27903, 0.42175, 0.0138351, 0.999022, -0.0368263
5.4113, 5.27937, 0.420958, -0.0121924, -0.999199, 0.034716
5.41269, 5.27961, 0.422356, 0.0116979, 0.999322, -0.0302794
5.41122, 5.28132, 0.421358, 0.015371, 0.999128, -0.0320935
5.41161, 5.27904, 0.42182, 0.0134991, 0.999002, -0.0378672
5.4128, 5.28202, 0.421213, -0.0110737, -0.999133, 0.0328769
5.41166, 5.28054, 0.420062, 0.0144457, 0.999214, -0.029936
5.4117, 5.28092, 0.422611, 0.0124986, 0.999259, -0.0326525
5.41406, 5.27798, 0.421502, -0.0133768, -0.99938, 0.0269824
5.41225, 5.28117, 0.423826, 0.0137217, 0.998953, -0.0382754
5.41259, 5.27954, 0.417604, -0.0122834, -0.999481, 0.0247756
5.41217, 5.28164, 0.421335, 0.0117333, 0.999183, -0.0348159
5.41066, 5.27979, 0.420633, -0.0144788, -0.999347, 0.0238408
5.41268, 5.27875, 0.420745, 0.0142898, 0.999241, -0.0304906
5.41011, 5.28001, 0.421269, 0.0142112, 0.999229, -0.0330731
5.41262, 5.2826, 0.424312, -0.0116024, -0.999115, 0.0344823
5.41276, 5.27952, 0.418677, -0.012795, -0.999273, 0.0308233
5.4132, 5.28084, 0.42082, -0.00837071, -0.999334, 0.0306323
5.41336, 5.2814, 0.42125, 0.0109854, 0.999334, -0.029705
5.41243, 5.2795, 0.420148, -0.00950026, -0.999094, 0.0360233
5.41393, 5.28315, 0.419897, -0.00912027, -0.998418, 0.0507013
5.41237, 5.28529, 0.420955, 0.0127025, 0.999297, -0.0278155
5.41203, 5.28166, 0.425897, -0.00874849, -0.999083, 0.0373416
5.41164, 5.28226, 0.421739, -0.0178751, -0.998894, 0.037505
5.4113, 5.28005, 0.421008, 0.0156217, 0.998971, -0.0324391
5.4112, 5.28188, 0.420851, 0.0139293, 0.999186, -0.0310047
5.4128, 5.27965, 0.418337, 0.0143835, 0.999306, -0.0287867
5.41229, 5.27823, 0.417904, -0.0108881, -0.999362, 0.024179
5.41208, 5.27973, 0.418215, 0.0138161, 0.999143, -0.0313183
5.41207, 5.27875, 0.419571, -0.0122295, -0.999271, 0.0275641
5.41244, 5.28004, 0.421414, 0.0124004, 0.998947, -0.0393337
5.41321, 5.28013, 0.421941, 0.0133996, 0.998799, -0.041247
5.41259, 5.27997, 0.420648, -0.0121187, -0.99928, 0.0309603
5.41438, 5.28196, 0.419052, 0.0126056, 0.999353, -0.027646
5.41226, 5.28251, 0.421129, -0.0155551, -0.998911, 0.0363678
5.41261, 5.28061, 0.420433, -0.0138448, -0.998988, 0.0369017
5.41303, 5.2786, 0.420289, 0.0128626, 0.999346, -0.0262791
5.41353, 5.28237, 0.418869, 0.0114821, 0.99911, -0.0336962
5.41251, 5.28382, 0.418753, -0.0128813, -0.999309, 0.0291919
5.41194, 5.28598, 0.419779, -0.0148952, -0.998922, 0.0348705
5.41396, 5.28361, 0.421709, -0.0107659, -0.999061, 0.0370266
5.41374, 5.28082, 0.421867, -0.0113932, -0.999246, 0.0321065
5.41195, 5.28036, 0.422352, -0.0157612, -0.999053, 0.0348998
5.41308, 5.28377, 0.422296, -0.0134009, -0.999301, 0.0291755
5.41203, 5.28456, 0.422398, -0.0109638, -0.999293, 0.031048
5.41388, 5.28792, 0.418392, -0.004651, -0.998921, 0.0419031
5.41171, 5.28324, 0.422012, 0.0138435, 0.99871, -0.0414192
5.41191, 5.28052, 0.420353, 0.01099, 0.999234, -0.0332363
5.41203, 5.27835, 0.423964, 0.011208, 0.999104, -0.0356319
5.41222, 5.28112, 0.423677, -0.0145174, -0.999036, 0.0361821
5.41185, 5.28089, 0.421525, 0.010353, 0.999082, -0.0371764
5.41374, 5.28244, 0.419418, -0.0116016, -0.999033, 0.034644
5.41157, 5.27931, 0.419412, 0.0113414, 0.999279, -0.0254882
5.41228, 5.27901, 0.420301, 0.0140022, 0.999277, -0.0297965
5.41206, 5.27804, 0.421703, 0.0137555, 0.999467, -0.0240934
5.41291, 5.27834, 0.42091, 0.0143516, 0.999008, -0.0366373
5.41312, 5.27769, 0.418792, 0.0144441, 0.999337, -0.0266942
5.41238, 5.27994, 0.419827, 0.00964197, 0.998967, -0.0364894
5.412, 5.28156, 0.418379, 0.0135819, 0.99925, -0.0293455
5.4118, 5.27895, 0.418405, 0.0136387, 0.999245, -0.0307183
5.41402, 5.27874, 0.419702, -0.00987347, -0.999177, 0.0286782
5.41266, 5.28231, 0.422617, -0.0118979, -0.999022, 0.0380178
5.41248, 5.28017, 0.419828, 0.0142103, 0.999205, -0.032652
5.4119, 5.27948, 0.421794, -0.0137449, -0.998962, 0.0372882
5.41304, 5.27684, 0.418794, -0.0128448, -0.999409, 0.025765
5.41217, 5.27991, 0.420255, 0.0104068, 0.999343, -0.0279587
5.41166, 5.2837, 0.421224, 0.0134424, 0.999116, -0.0344063
5.41219, 5.2811, 0.4214, -0.0161108, -0.998856, 0.037868
5.41267, 5.28068, 0.417758, 0.0143023, 0.998936, -0.037584
5.4124, 5.28103, 0.419798, -0.0147121, -0.998866, 0.0415113
5.41342, 5.27963, 0.417739, -0.013108, -0.999234, 0.0280001
5.41272, 5.28066, 0.420001, 0.0119488, 0.998916, -0.0357045
5.41399, 5.28052, 0.421604, 0.0119649, 0.999369, -0.0257569
5.41308, 5.2827, 0.417982, -0.0119543, -0.99912, 0.0316657
5.41249, 5.27912, 0.419749, -0.0129319, -0.999146, 0.0343368
5.41242, 5.2807, 0.420363, 0.0144316, 0.999435, -0.0236439
5.41277, 5.27948, 0.420712, 0.0145602, 0.999362, -0.0285916
5.41317, 5.28188, 0.420617, 0.013744, 0.999031, -0.0369873
5.41121, 5.27643, 0.420672, -0.0158639, -0.999236, 0.0300049
5.41219, 5.28096, 0.421299, -0.0107954, -0.999424, 0.0275324
5.41218, 5.27968, 0.416074, 0.0145457, 0.999248, -0.0303466
5.4121, 5.28312, 0.422452, -0.0127384, -0.998973, 0.0396976
5.41288, 5.28393, 0.419452, -0.0144562, -0.999071, 0.0316128
5.41247, 5.28369, 0.420769, -0.01465, -0.999029, 0.0335952
5.41165, 5.28023, 0.424934, 0.0111435, 0.998896, -0.0392817
5.41152, 5.28121, 0.424418, 0.0118896, 0.99941, -0.0283071
5.41277, 5.28183, 0.419445, 0.0134693, 0.9993, -0.0291846
5.41151, 5.27878, 0.421182, 0.0146278, 0.999171, -0.0326606
5.41249, 5.27975, 0.420815, 0.0140861, 0.998984, -0.0370962
5.41306, 5.28134, 0.419242, 0.0146472, 0.999376, -0.0278496
5.41233, 5.27939, 0.421181, 0.00780949, 0.999275, -0.0326587
5.41289, 5.2805, 0.419481, 0.012637, 0.999222, -0.0299052
5.41144, 5.27951, 0.421681, 0.0161273, 0.999068, -0.0359063
5.41297, 5.28182, 0.422307, -0.0109047, -0.999186, 0.0344228
5.4111, 5.27848, 0.423628, 0.0115441, 0.999285, -0.0287487
5.41225, 5.28091, 0.423121, 0.0129272, 0.998882, -0.0395552
5.41247, 5.28034, 0.422299, 0.0132103, 0.999009, -0.0373218
5.4108, 5.28085, 0.419752, -0.0177792, -0.998983, 0.0339823
5.41258, 5.27916, 0.419361, 0.0122879, 0.999062, -0.0341449
5.41348, 5.27969, 0.420997, 0.0118434, 0.999109, -0.0367236
5.4123, 5.27969, 0.41982, -0.0129002, -0.999343, 0.0281414
5.41345, 5.28027, 0.421651, -0.0112933, -0.999139, 0.0355385
5.41176, 5.27938, 0.422752, 0.00843606, 0.999172, -0.033905
5.4118, 5.2844, 0.420384, -0.0158945, -0.999353, 0.0260741
5.41241, 5.28228, 0.417468, 0.013914, 0.998833, -0.0407664
5.41168, 5.28022, 0.418902, -0.0150826, -0.99916, 0.0308256
5.41215, 5.27993, 0.424127, 0.0127751, 0.999122, -0.0348949
5.41232, 5.28027, 0.419419, -0.0108996, -0.999312, 0.0306359
5.41343, 5.28359, 0.420332, -0.0108428, -0.999116, 0.0337115
5.41139, 5.27825, 0.426603, -0.0146661, -0.999211, 0.0329784
5.41335, 5.28402, 0.419599, 0.0122163, 0.999015, -0.0371847
5.41261, 5.27822, 0.42288, -0.013107, -0.999189, 0.0323824
5.41215, 5.27998, 0.422655, 0.0087907, 0.99903, -0.0372988
5.41147, 5.28005, 0.42293, -0.0170058, -0.999023, 0.0338699
5.41297, 5.28027, 0.42119, -0.0121155, -0.999223, 0.0322005
5.41113, 5.27885, 0.424585, 0.0140446, 0.999236, -0.0310972
5.4129, 5.28517, 0.420219, 0.0163577, 0.998809, -0.0407247
5.41293, 5.28513, 0.421268, -0.0139951, -0.998977, 0.0365715
5.41189, 5.28179, 0.422406, -0.0117457, -0.99933, 0.0286323
5.41356, 5.28148, 0.421172, 0.0129922, 0.999216, -0.0320258
5.41197, 5.279, 0.420103, -0.0121555, -0.999326, 0.0296105
5.41274, 5.28132, 0.422796, 0.0134377, 0.999084, -0.0333689
5.41263, 5.2806, 0.421132, 0.0129584, 0.999125, -0.030478
5.41314, 5.28169, 0.420923, 0.00752297, 0.99892, -0.0396016
5.41286, 5.28132, 0.421367, -0.0122844, -0.998937, 0.0401664
5.41176, 5.28186, 0.426468, 0.0110608, 0.998964, -0.0407877
5.41246, 5.27785, 0.421766, -0.0156872, -0.999265, 0.0281041
5.41285, 5.27918, 0.420924, -0.0132155, -0.999336, 0.0305473
5.41267, 5.28397, 0.420898, 0.013998, 0.998906, -0.0371373
5.41217, 5.28333, 0.421006, -0.00952664, -0.999144, 0.0356711
5.41185, 5.28096, 0.420684, -0.0137849, -0.999318, 0.028809
5.41243, 5.28314, 0.4221, 0.0126605, 0.999037, -0.0350461
5.41328, 5.28645, 0.421532, 0.0139204, 0.998694, -0.0413789
5.41151, 5.27857, 0.423036, -0.0149985, -0.999296, 0.028239
5.41273, 5.28449, 0.42124, -0.00809253, -0.999067, 0.0358244
5.41199, 5.28045, 0.420112, 0.013465, 0.998892, -0.0388144
5.41337, 5.28434, 0.41905, 0.0117415, 0.99928, -0.0272971
5.41168, 5.27963, 0.419499, 0.0112255, 0.999006, -0.037379
5.41192, 5.27811, 0.421229, -0.0139341, -0.999218, 0.0308253
5.41206, 5.27992, 0.420476, 0.0133412, 0.999052, -0.0298986
5.41112, 5.2878, 0.422276, -0.0133742, -0.999129, 0.0321912
5.41303, 5.28137, 0.420105, -0.0101687, -0.999244, 0.0320934
5.41367, 5.28201, 0.417498, 0.0131948, 0.999484, -0.0235407
5.41181, 5.28038, 0.419926, -0.0126731, -0.99925, 0.0319472
5.41194, 5.28136, 0.422064, 0.0123169, 0.999175, -0.0332581
5.41242, 5.27944, 0.423365, 0.0151977, 0.999113, -0.0339657
5.41244, 5.28108, 0.420188, -0.014201, -0.9993, 0.0277771
5.41198, 5.28095, 0.417285, 0.0141389, 0.999215, -0.0303997
5.41258, 5.28267, 0.421774, 0.0109656, 0.999207, -0.0341097
5.41313, 5.28632, 0.420107, 0.0102977, 0.999046, -0.0375078
5.41119, 5.27826, 0.424872, -0.012141, -0.999211, 0.034014
5.41211, 5.28111, 0.420196, -0.0111109, -0.999232, 0.0310909
5.41291, 5.28615, 0.419896, -0.0142193, -0.998763, 0.0381543
5.41225, 5.27864, 0.417041, -0.0148811, -0.999111, 0.0332866
5.41241, 5.28148, 0.421202, -0.0137727, -0.998898, 0.0374938
5.41251, 5.283, 0.419805, 0.0182119, 0.998805, -0.0374114
5.41073, 5.28192, 0.420385, -0.0149144, -0.999259, 0.0297966
5.41247, 5.28354, 0.420745, -0.0111145, -0.999046, 0.0368847
5.41197, 5.27952, 0.421435, 0.0128423, 0.99913, -0.0356147
5.41215, 5.27878, 0.421653, 0.0139823, 0.999235, -0.0290617
5.41256, 5.28074, 0.420187, 0.011197, 0.999326, -0.0300289
5.41167, 5.28208, 0.42044, 0.0137438, 0.999139, -0.0315759
5.41243, 5.28119, 0.420222, 0.0156741, 0.998864, -0.0404578
5.4114, 5.27805, 0.423563, 0.0134889, 0.998747, -0.0401177
5.41195, 5.28012, 0.41915, -0.0160804, -0.999259, 0.0309475
5.41295, 5.2789, 0.420271, -0.0117094, -0.999343, 0.0286659
5.4124, 5.28231, 0.421003, 0.00790425, 0.999098, -0.0369312
5.41162, 5.28009, 0.419161, -0.0160688, -0.999088, 0.0358983
5.4127, 5.28459, 0.41955, -0.0128772, -0.99885, 0.039308
5.41236, 5.27991, 0.422211, -0.0138568, -0.999135, 0.0318029
5.41354, 5.28319, 0.421868, 0.0133722, 0.998904, -0.0392063
5.41251, 5.28268, 0.419501, -0.0157008, -0.999082, 0.0319695
5.41232, 5.28199, 0.419114, 0.0152014, 0.998888, -0.0394606
5.41242, 5.28207, 0.421502, 0.0123804, 0.999288, -0.0304583
5.41211, 5.27928, 0.423191, 0.0131128, 0.999222, -0.030905
5.41243, 5.28555, 0.421713, -0.0126159, -0.99937, 0.0232949
5.41222, 5.28013, 0.419223, -0.0155698, -0.999278, 0.0277744
5.41209, 5.28019, 0.424199, 0.0122662, 0.999068, -0.0356512
5.41253, 5.27989, 0.419312, 0.0106622, 0.999026, -0.0360827
5.41228, 5.27809, 0.421185, -0.0116897, -0.99873, 0.0398928
5.41272, 5.27953, 0.420916, -0.011193, -0.999093, 0.0355977
5.41096, 5.27813, 0.421874, 0.0136913, 0.999443, -0.0277083
5.41268, 5.28828, 0.420924, -0.00830391, -0.998876, 0.0404635
5.41182, 5.27977, 0.418862, -0.0143434, -0.999085, 0.0327419
5.41373, 5.28135, 0.418567, 0.0140718, 0.999084, -0.0336789
5.41296, 5.28268, 0.420787, -0.0128885, -0.999408, 0.0278145
5.41271, 5.28645, 0.420647, -0.0108638, -0.999118, 0.0352305
5.4116, 5.27818, 0.421697, -0.0123337, -0.999303, 0.0309476
5.41323, 5.28051, 0.417695, -0.0146714, -0.998883, 0.037333
5.41296, 5.27953, 0.418201, 0.0130764, 0.999335, -0.0288225
5.41285, 5.28687, 0.422107, -0.0137208, -0.998884, 0.0373427
5.41187, 5.28588, 0.422728, 0.0118197, 0.998904, -0.0386382
5.41142, 5.28028, 0.422784, -0.0120729, -0.998892, 0.0404808
5.41331, 5.28052, 0.420821, 0.00901707, 0.999259, -0.0336554
5.41322, 5.27957, 0.423472, 0.0114814, 0.999341, -0.0303665
5.41187, 5.28047, 0.421283, 0.0138583, 0.999389, -0.0243702
5.41175, 5.2815, 0.422693, -0.0109306, -0.998996, 0.0376652
5.41307, 5.27814, 0.417987, 0.0131172, 0.999145, -0.0352024
5.41176, 5.27744, 0.42394, -0.0122461, -0.999103, 0.0353544
5.41242, 5.27887, 0.419856, -0.0130607, -0.99936, 0.0297666
5.41185, 5.27957, 0.4241, 0.0131424, 0.998861, -0.0392877
5.41172, 5.28155, 0.423582, 0.00935306, 0.999063, -0.03586
5.4121, 5.28087, 0.424145, -0.0129629, -0.999525, 0.0249966
5.41214, 5.28144, 0.421594, -0.011918, -0.998908, 0.0398643
5.41164, 5.28046, 0.421696, -0.012623, -0.999161, 0.0328278
5.41285, 5.28076, 0.421182, -0.00972918, -0.999166, 0.03356
5.41176, 5.28156, 0.422843, 0.0122535, 0.99897, -0.0385335
5.4137, 5.28222, 0.419589, 0.0126348, 0.999192, -0.0323738
5.4112, 5.2825, 0.419003, 0.0156966, 0.998956, -0.0336786
5.41208, 5.27941, 0.421703, 0.0170543, 0.99886, -0.0393276
5.4118, 5.28219, 0.424876, -0.013551, -0.998865, 0.0404368
5.41268, 5.28216, 0.42397, -0.0127228, -0.998922, 0.0386339
5.41174, 5.27831, 0.42202, 0.0140297, 0.999234, -0.0321496
5.41238, 5.28142, 0.421303, -0.0111182, -0.999139, 0.032527
5.41312, 5.29095, 0.421585, -0.0119048, -0.998787, 0.0429652
5.41158, 5.27984, 0.424893, 0.0134895, 0.999185, -0.0331629
5.41273, 5.28266, 0.421052, -0.010538, -0.999366, 0.0305905
5.41265, 5.28036, 0.421872, -0.0142539, -0.998852, 0.0404133
5.41209, 5.28206, 0.420149, 0.0129978, 0.999168, -0.0297363
5.4124, 5.27775, 0.419464, 0.00967756, 0.999291, -0.0319847
5.41322, 5.28194, 0.420089, -0.0118155, -0.999084, 0.0363375
5.41307, 5.28158, 0.420818, 0.0111643, 0.999148, -0.0372155
5.41252, 5.28248, 0.420342, -0.011883, -0.999277, 0.0296696
5.41237, 5.27977, 0.420781, 0.0141786, 0.999155, -0.0330982
5.41116, 5.27939, 0.420473, 0.0158348, 0.998737, -0.0402762
5.41299, 5.28453, 0.419857, -0.0137234, -0.998774, 0.0392233
5.41319, 5.28039, 0.419929, -0.00778331, -0.998849, 0.0406578
5.4128, 5.28019, 0.419438, -0.0139346, -0.999202, 0.0311676
5.41221, 5.27747, 0.420688, 0.0136833, 0.999325, -0.0294112
5.41221, 5.27946, 0.424224, 0.0119537, 0.999176, -0.0328458
5.41346, 5.28592, 0.417624, 0.0078737, 0.99915, -0.0349406
5.41111, 5.28051, 0.420781, 0.0125067, 0.999202, -0.0323794
5.41191, 5.28449, 0.425539, 0.0136211, 0.999111, -0.0327839
5.41328, 5.28017, 0.419316, -0.0138587, -0.999181, 0.0310597
5.41221, 5.28055, 0.422078, -0.0124922, -0.998981, 0.0372387
5.41345, 5.2854, 0.42256, -0.0133129, -0.99919, 0.031918
5.41281, 5.28213, 0.418697, 0.0116784, 0.999219, -0.0304199
5.41236, 5.28117, 0.421631, -0.0110324, -0.999068, 0.0362542
5.41257, 5.28292, 0.419456, 0.0119069, 0.998988, -0.0367756
5.41149, 5.27868, 0.422082, 0.0136198, 0.999096, -0.0345471
5.41218, 5.28253, 0.421837, 0.00964484, 0.999207, -0.0337503
5.41095, 5.28453, 0.419724, -0.0161436, -0.998879, 0.0369945
5.41261, 5.2821, 0.419391, -0.0104455, -0.999439, 0.028022
5.41339, 5.27795, 0.42074, 0.0137689, 0.999116, -0.0343688
5.41233, 5.2804, 0.421556, 0.0125855, 0.999055, -0.0337883
5.41257, 5.28285, 0.422491, -0.00917195, -0.99912, 0.0341815
5.41321, 5.28122, 0.422459, -0.0106072, -0.999294, 0.0314317
5.41291, 5.28198, 0.419612, 0.0118058, 0.998926, -0.0390626
5.41286, 5.28103, 0.421587, 0.0142521, 0.99902, -0.0332263
5.41215, 5.27934, 0.420864, 0.0109202, 0.99888, -0.0403285
5.41317, 5.28319, 0.418729, 0.0114673, 0.999074, -0.0359253
5.41318, 5.27808, 0.418887, 0.0118819, 0.999289, -0.0285385
5.41311, 5.28181, 0.420274, -0.00964957, -0.998952, 0.0380023
5.41189, 5.28166, 0.421699, 0.0132482, 0.998818, -0.0432597
5.41228, 5.28327, 0.421714, 0.0112936, 0.999176, -0.0328598
5.41259, 5.28284, 0.42356, 0.0127515, 0.999217, -0.0322335
5.41221, 5.28333, 0.420677, 0.00953415, 0.998944, -0.0397022
5.41357, 5.28261, 0.419751, 0.0112563, 0.998963, -0.0398711
5.41219, 5.27842, 0.42065, -0.0107937, -0.9991, 0.0375393
5.41305, 5.28496, 0.421854, 0.00753614, 0.999113, -0.0361787
5.41208, 5.28194, 0.423321, 0.0148141, 0.999001, -0.0353472
5.4125, 5.28036, 0.422703, -0.0137202, -0.999073, 0.0346642
5.41303, 5.28201, 0.421789, 0.00920852, 0.999087, -0.0360608
5.41396, 5.28063, 0.421495, 0.00728842, 0.999117, -0.0360883
5.41351, 5.2827, 0.420763, 0.0111112, 0.999063, -0.0381659
5.41228, 5.28354, 0.423449, 0.00851306, 0.999162, -0.0336993
5.4133, 5.28186, 0.418751, -0.0109191, -0.99919, 0.0329479
5.41267, 5.28551, 0.420274, -0.0134265, -0.998943, 0.0374911
5.41261, 5.28501, 0.423318, -0.0110183, -0.998748, 0.0425544
5.41234, 5.28776, 0.418392, 0.0115561, 0.998938, -0.0394249
5.4139, 5.28285, 0.420532, -0.0106317, -0.999183, 0.0320097
5.41284, 5.28407, 0.425429, -0.0109947, -0.99911, 0.0345096
5.41279, 5.27968, 0.420882, -0.011015, -0.998902, 0.0420659
5.41242, 5.28029, 0.419811, 0.0151268, 0.998948, -0.0365637
5.41199, 5.28294, 0.42298, 0.0114311, 0.999205, -0.0322391
5.41314, 5.28362, 0.42077, -0.00985569, -0.999035, 0.0361681
5.41231, 5.27828, 0.419286, 0.00981441, 0.999119, -0.0351641
5.41292, 5.28152, 0.423719, 0.0110081, 0.999207, -0.0336007
5.41382, 5.28199, 0.420819, 0.00974479, 0.999026, -0.0386134
5.41234, 5.28006, 0.423066, -0.0160487, -0.999019, 0.0353862
5.41325, 5.2835, 0.42153, 0.0101484, 0.999217, -0.0335379
5.41321, 5.28186, 0.421412, -0.00968206, -0.999308, 0.0326058
5.41308, 5.2847, 0.419292, -0.0120443, -0.999067, 0.0362008
5.41399, 5.28482, 0.418808, -0.0103405, -0.999455, 0.0275051
5.41283, 5.27944, 0.421457, -0.0153757, -0.999303, 0.0281259
5.41353, 5.27981, 0.420786, 0.0106974, 0.999298, -0.0325424
5.41307, 5.28326, 0.420088, -0.0146848, -0.999251, 0.029034
5.41198, 5.27978, 0.422278, -0.00963261, -0.999285, 0.0310055
5.41288, 5.28153, 0.421502, -0.00985485, -0.999273, 0.0335888
5.41323, 5.27971, 0.42139, -0.0109553, -0.99901, 0.0389211
5.41315, 5.28051, 0.420125, 0.0130868, 0.999037, -0.0345486
5.41339, 5.28033, 0.422269, 0.0104196, 0.999062, -0.0334465
5.41265, 5.27957, 0.422013, 0.0128647, 0.999299, -0.0315137
5.41304, 5.28105, 0.4201, 0.0115559, 0.99936, -0.0295673
5.41347, 5.28067, 0.419811, -0.0123202, -0.998942, 0.0387657
5.4133, 5.28085, 0.421673, -0.0137672, -0.998859, 0.0399507
5.41335, 5.28229, 0.42006, 0.00938378, 0.998855, -0.0418406
5.41189, 5.27873, 0.420844, -0.0130115, -0.999167, 0.0334467
5.41262, 5.27884, 0.420274, 0.010451, 0.999084, -0.0339416
5.41404, 5.28665, 0.421702, 0.0123718, 0.999108, -0.0331292
5.4138, 5.28298, 0.420839, -0.0123186, -0.998826, 0.0389606
5.4132, 5.28097, 0.419872, -0.012849, -0.999034, 0.0334908
5.41255, 5.27982, 0.421611, -0.0158902, -0.998947, 0.0376526
5.41307, 5.28322, 0.420086, -0.00808554, -0.999214, 0.0313181
5.41354, 5.28324, 0.420191, -0.0111388, -0.998828, 0.0402752
5.41304, 5.27858, 0.420125, 0.0126242, 0.999331, -0.0302218
5.41256, 5.27932, 0.423608, 0.0127138, 0.999092, -0.0278533
5.41275, 5.27969, 0.419366, -0.0135469, -0.999185, 0.0324606
5.412, 5.28102, 0.423333, 0.010401, 0.999209, -0.0341426
5.41403, 5.28202, 0.420458, 0.00861908, 0.999166, -0.0346276
5.41276, 5.27917, 0.421554, 0.0117275, 0.998964, -0.0384582
5.41281, 5.27872, 0.422292, 0.00959972, 0.999385, -0.0290924
5.41256, 5.2806, 0.420567, -0.0144784, -0.99896, 0.0340141
5.41237, 5.28093, 0.422049, 0.0129892, 0.999219, -0.0303048
5.41266, 5.28058, 0.422226, 0.0141662, 0.998931, -0.0391598
5.41282, 5.2818, 0.421576, 0.0132345, 0.999066, -0.0333265
5.41248, 5.28037, 0.422459, 0.0104252, 0.999176, -0.0364493
5.41278, 5.28133, 0.421796, -0.0124985, -0.999241, 0.030583
5.41264, 5.2785, 0.42052, -0.0133044, -0.999254, 0.0300194
5.41219, 5.28312, 0.4234, -0.0112193, -0.999054, 0.0365788
5.41268, 5.28046, 0.423121, 0.0103006, 0.999113, -0.0361585
5.41197, 5.28292, 0.421415, -0.0131327, -0.998955, 0.0388183
5.41263, 5.28027, 0.419647, -0.0144171, -0.999162, 0.0332247
5.41335, 5.2822, 0.417557, 0.0078975, 0.999319, -0.0321561
5.41196, 5.28049, 0.421405, 0.01095, 0.998988, -0.0376221
5.41324, 5.28246, 0.418669, 0.0148924, 0.998798, -0.0388859
5.41295, 5.2804, 0.419903, -0.0117739, -0.9989, 0.0410297
5.41293, 5.28044, 0.420954, 0.0128776, 0.999021, -0.0355796
5.41396, 5.27949, 0.420567, -0.00959603, -0.99907, 0.0360911
5.41251, 5.28164, 0.419816, 0.0143896, 0.998966, -0.0366114
5.41194, 5.28082, 0.42089, -0.01076, -0.999398, 0.0274379
5.41243, 5.2824, 0.424008, 0.011864, 0.998864, -0.0386391
5.41233, 5.27977, 0.422354, -0.0137913, -0.999182, 0.0336911
5.41363, 5.28278, 0.420977, 0.0107456, 0.999156, -0.034011
5.4113, 5.27905, 0.425021, -0.0123488, -0.999154, 0.0358426
5.41268, 5.28141, 0.422884, 0.00779271, 0.999135, -0.037951
5.41239, 5.27891, 0.420477, -0.0105998, -0.999301, 0.0293983
5.4128, 5.27992, 0.421378, -0.0113574, -0.999263, 0.0319241
5.41225, 5.28453, 0.42415, -0.00724062, -0.998834, 0.0432725
5.41328, 5.27887, 0.418281, 0.0129682, 0.999271, -0.0322568
5.41278, 5.2824, 0.422766, -0.0106163, -0.999058, 0.0379169
5.41204, 5.28108, 0.422053, -0.0122093, -0.999401, 0.026298
5.4131, 5.28408, 0.421166, -0.0110661, -0.998923, 0.0387577
5.41371, 5.28036, 0.421887, -0.0114108, -0.999096, 0.0356282
5.41228, 5.27801, 0.424698, 0.01056, 0.999107, -0.0357906
5.41205, 5.28041, 0.420985, 0.0151954, 0.999158, -0.0320138
5.41291, 5.28224, 0.419363, 0.0107304, 0.998722, -0.0424419
5.41274, 5.28076, 0.422741, 0.0107713, 0.999186, -0.0318257
5.41237, 5.28002, 0.422386, 0.0115637, 0.998914, -0.0401664
5.41188, 5.28163, 0.421679, 0.0126816, 0.999189, -0.0324167
5.41268, 5.2798, 0.423056, -0.0144338, -0.998777, 0.03788
5.41264, 5.28421, 0.423269, -0.0114263, -0.998901, 0.0405001
5.41263, 5.28269, 0.423658, 0.0112056, 0.999121, -0.0331734
5.41184, 5.28481, 0.419692, 0.0123307, 0.999258, -0.0326126
5.4124, 5.27968, 0.421647, 0.0122327, 0.999139, -0.0368769
5.41221, 5.27914, 0.420232, 0.0109422, 0.999159, -0.0343098
5.41258, 5.28058, 0.419043, 0.0138459, 0.999012, -0.03702
5.41335, 5.28269, 0.42143, 0.0112696, 0.999011, -0.0354887
5.41267, 5.27863, 0.421698, 0.0106484, 0.999204, -0.0355124
5.41206, 5.27903, 0.426322, 0.0129326, 0.9991, -0.0360303
5.41407, 5.27975, 0.421442, 0.0105658, 0.99926, -0.0326883
5.41206, 5.27837, 0.422371, -0.0130494, -0.999456, 0.0257831
5.41206, 5.28207, 0.422605, -0.013458, -0.999314, 0.0290559
5.41256, 5.27818, 0.422399, 0.00998238, 0.999374, -0.0270859
5.41246, 5.28215, 0.420682, 0.0132761, 0.999245, -0.0316658
5.41236, 5.28118, 0.420478, 0.0125884, 0.999282, -0.0303525
5.41221, 5.27902, 0.423, 0.0137693, 0.999277, -0.0292721
5.41301, 5.2836, 0.422231, 0.0137231, 0.99886, -0.039336
5.41375, 5.28517, 0.41961, -0.00802365, -0.999088, 0.0350845
5.41199, 5.28035, 0.423212, 0.0116039, 0.999032, -0.0385084
5.41283, 5.28411, 0.420086, -0.0105472, -0.999204, 0.0328155
5.41285, 5.27805, 0.42219, -0.0116963, -0.999348, 0.0276022
5.41255, 5.28032, 0.418972, -0.0134273, -0.999211, 0.0331531
5.41385, 5.28236, 0.420301, 0.0133208, 0.998923, -0.0377091
5.41263, 5.28533, 0.420505, 0.011903, 0.999232, -0.0336179
5.4117, 5.28182, 0.424031, -0.0119702, -0.999404, 0.0279061
5.41244, 5.27747, 0.420877, 0.0112921, 0.999311, -0.0315165
5.41278, 5.28023, 0.421803, -0.0102042, -0.999271, 0.0287042
5.41176, 5.28016, 0.423013, -0.0151047, -0.999259, 0.0288374
5.41223, 5.28061, 0.419798, -0.0141695, -0.999355, 0.0270528
5.4124, 5.28019, 0.420881, -0.00968544, -0.999161, 0.0335633
5.41274, 5.28271, 0.419887, 0.0098737, 0.99906, -0.0365853
5.41167, 5.27826, 0.421052, 0.0140993, 0.99917, -0.0317665
5.41326, 5.28022, 0.419394, 0.0110635, 0.999197, -0.0343549
5.41249, 5.27764, 0.423074, 0.0127328, 0.99916, -0.0326616
5.41268, 5.27949, 0.422322, 0.0123746, 0.999097, -0.0334216
5.41289, 5.28073, 0.420746, -0.0146535, -0.999236, 0.0315675
5.41261, 5.28169, 0.421103, -0.0109917, -0.998851, 0.0421971
5.41285, 5.28576, 0.422535, -0.0109192, -0.998628, 0.047289
5.41329, 5.28087, 0.419947, -0.0124086, -0.999017, 0.0362955
5.4116, 5.28137, 0.422072, -0.011091, -0.999084, 0.0382951
5.41277, 5.279, 0.420678, -0.0108401, -0.999228, 0.0343829
5.41241, 5.27872, 0.423918, -0.0135386, -0.999259, 0.031638
5.41195, 5.28024, 0.423051, 0.0126534, 0.999181, -0.0349993
5.41293, 5.27917, 0.421357, 0.0120216, 0.999265, -0.0331069
5.4124, 5.28281, 0.422246, 0.0130586, 0.99909, -0.0352551
5.41184, 5.28408, 0.424825, -0.0109212, -0.998996, 0.0377006
5.41113, 5.28232, 0.421951, 0.014827, 0.999296, -0.0284964
5.41278, 5.2806, 0.422581, 0.016263, 0.998863, -0.0346079
5.4123, 5.28004, 0.423147, -0.015817, -0.998796, 0.0417002
5.41225, 5.279, 0.420755, -0.0104535, -0.999159, 0.0350044
5.41263, 5.28564, 0.423862, 0.0102242, 0.999254, -0.0331212
5.41357, 5.28182, 0.418193, -0.0113443, -0.999261, 0.0312963
5.41259, 5.2854, 0.418703, 0.0190555, 0.998767, -0.0400808
5.41336, 5.28335, 0.420294, -0.0100569, -0.998894, 0.0401907
5.41246, 5.28043, 0.420532, -0.0135913, -0.999239, 0.0324417
5.41377, 5.28276, 0.419581, -0.00946852, -0.999298, 0.0322684
5.41271, 5.2795, 0.419584, 0.0096539, 0.999172, -0.0348012
5.4128, 5.28212, 0.419567, 0.0142828, 0.999236, -0.0281367
5.41262, 5.28382, 0.421055, 0.0122873, 0.999049, -0.0372875
5.41245, 5.28082, 0.420991, -0.0105761, -0.999237, 0.0321817
5.41288, 5.27866, 0.420427, 0.0128167, 0.999114, -0.0335258
5.41209, 5.28144, 0.42395, 0.0140892, 0.999058, -0.0356606
5.41261, 5.2808, 0.420767, -0.0113626, -0.999155, 0.0339992
5.41209, 5.28093, 0.421521, 0.012207, 0.998901, -0.0388112
5.4115, 5.27827, 0.421987, -0.0148617, -0.999189, 0.0309832
5.41206, 5.28119, 0.422074, 0.0116211, 0.999223, -0.0327756
5.41256, 5.28317, 0.420266, 0.0173459, 0.998692, -0.0379042
5.41271, 5.28116, 0.422597, -0.0129895, -0.998843, 0.0410908
5.41209, 5.2787, 0.423155, 0.0140783, 0.999196, -0.0327121
5.4122, 5.28058, 0.424185, 0.0103152, 0.999126, -0.0367897
5.41198, 5.28204, 0.421665, -0.0118838, -0.998964, 0.0387001
5.41229, 5.28463, 0.423202, -0.0123184, -0.998951, 0.039592
5.41359, 5.28107, 0.42348, -0.0117985, -0.998781, 0.0401721
5.41235, 5.28237, 0.420415, -0.0140587, -0.998976, 0.036206
5.41221, 5.28557, 0.421679, 0.00971552, 0.999067, -0.0332894
5.41239, 5.27926, 0.42106, 0.0141386, 0.999194, -0.0322777
5.41234, 5.28172, 0.424121, -0.0110314, -0.999126, 0.0342534
5.41267, 5.28359, 0.419738, -0.0136577, -0.998819, 0.0382845
5.41362, 5.28237, 0.421337, 0.00762712, 0.99889, -0.0395161
5.41273, 5.27869, 0.42103, -0.0140174, -0.999416, 0.0268571
5.41247, 5.28022, 0.422274, 0.0144323, 0.999135, -0.0325965
5.4127, 5.28246, 0.423593, 0.0125695, 0.998842, -0.0394449
5.41249, 5.28089, 0.422033, 0.0162137, 0.99898, -0.0358259
5.41267, 5.2813, 0.42029, 0.0104712, 0.999496, -0.0266771
5.41255, 5.27939, 0.422345, 0.0125627, 0.999226, -0.0313493
5.41247, 5.27883, 0.422653, -0.0121803, -0.999097, 0.0359577
5.41179, 5.28154, 0.421058, 0.0117003, 0.999268, -0.0327364
5.41262, 5.28007, 0.422662, 0.0111559, 0.999173, -0.034619
5.41221, 5.28346, 0.425261, -0.0143231, -0.998881, 0.0370371
5.41274, 5.28012, 0.421057, -0.0121385, -0.999156, 0.0317927
5.41158, 5.28177, 0.420893, 0.0104259, 0.99903, -0.0363198
5.41251, 5.28233, 0.420973, 0.0156279, 0.998986, -0.0366499
5.41302, 5.27912, 0.417462, -0.0128108, -0.999032, 0.0343813
5.41208, 5.28204, 0.424125, 0.0149938, 0.998678, -0.0433752
5.4124, 5.27876, 0.421174, -0.0119434, -0.999201, 0.0321363
5.41211, 5.28019, 0.422404, -0.0126535, -0.999174, 0.035973
5.41233, 5.28461, 0.422308, 0.00976746, 0.999083, -0.0364567
5.41196, 5.28034, 0.421027, -0.0148081, -0.999299, 0.0310918
5.412, 5.28277, 0.422005, -0.0101004, -0.998906, 0.0399204
5.4121, 5.28236, 0.422645, 0.0128254, 0.998906, -0.0382917
5.41268, 5.27954, 0.421342, -0.0148629, -0.998664, 0.0436188
5.41208, 5.27943, 0.420766, -0.0126062, -0.998884, 0.0420681
5.41226, 5.28461, 0.421874, -0.0124377, -0.999114, 0.0350834
5.41348, 5.28274, 0.421353, -0.0129921, -0.998908, 0.0408148
5.41189, 5.28018, 0.423459, -0.0139469, -0.998979, 0.0365376
5.41146, 5.27891, 0.42199, 0.0116782, 0.999308, -0.0323307
5.41138, 5.27958, 0.426233, 0.0129369, 0.998838, -0.0397896
5.41303, 5.27899, 0.421243, -0.0115617, -0.998893, 0.0391305
5.41219, 5.28296, 0.419767, 0.0111239, 0.999443, -0.0279822
5.41261, 5.27976, 0.420531, -0.0128376, -0.999306, 0.028231
5.41184, 5.28123, 0.423144, -0.00880447, -0.999273, 0.0339546
5.41215, 5.27853, 0.423252, -0.0146342, -0.999155, 0.0324239
5.41228, 5.27999, 0.423698, -0.0110439, -0.999333, 0.0322516
5.41133, 5.28018, 0.422457, 0.015302, 0.999134, -0.032388
5.41274, 5.28083, 0.42245, 0.0124614, 0.999168, -0.0334639
5.41383, 5.28259, 0.418857, 0.0112755, 0.999001, -0.0369099
5.41289, 5.28261, 0.425052, 0.0101977, 0.998821, -0.0385162
5.41232, 5.28308, 0.422673, 0.0112583, 0.998796, -0.042236
5.41252, 5.28006, 0.423565, -0.0152407, -0.998837, 0.0405799
5.41177, 5.28311, 0.424917, -0.0149082, -0.998924, 0.0377902
5.41224, 5.27902, 0.422505, -0.0129957, -0.998999, 0.0381369
5.41255, 5.2842, 0.421133, 0.0121626, 0.999048, -0.036002
5.41241, 5.28015, 0.419637, -0.0111575, -0.998986, 0.0368059
5.41253, 5.2846, 0.423557, 0.0132713, 0.998972, -0.0362741
5.41201, 5.28186, 0.421316, -0.0107776, -0.999329, 0.0275652
5.41249, 5.28108, 0.419376, -0.0121466, -0.999124, 0.0313146
5.41193, 5.28134, 0.42125, 0.0123731, 0.999159, -0.0354115
5.41321, 5.28268, 0.421265, -0.010778, -0.999329, 0.0306172
5.41156, 5.27947, 0.422206, -0.0150307, -0.998915, 0.0379091
5.41324, 5.28039, 0.420772, -0.0106437, -0.999113, 0.0349755
5.41363, 5.28435, 0.419079, 0.00779632, 0.999057, -0.0377187
5.41312, 5.283, 0.419416, -0.00983274, -0.999242, 0.0327068
5.41265, 5.28228, 0.422527, -0.0121996, -0.999154, 0.0332166
5.41124, 5.28023, 0.422217, -0.0150711, -0.999158, 0.0314465
5.41342, 5.28043, 0.41823, -0.00874352, -0.999199, 0.0321432
5.41274, 5.28049, 0.423003, -0.012023, -0.998933, 0.0394001
5.41245, 5.27993, 0.420858, -0.015328, -0.999058, 0.0323087
5.41195, 5.28261, 0.421827, 0.0155238, 0.998768, -0.0411648
5.41233, 5.27898, 0.421256, -0.0123466, -0.999385, 0.0296105
5.41281, 5.28024, 0.420792, 0.0115108, 0.99918, -0.0329471
5.41207, 5.28128, 0.421875, -0.0145021, -0.998889, 0.0384992
5.41166, 5.28408, 0.420317, -0.0138171, -0.999006, 0.0357443
5.4129, 5.28048, 0.419753, -0.0101241, -0.999163, 0.0313403
5.41191, 5.28268, 0.421827, -0.0122278, -0.998914, 0.0391717
5.41189, 5.28259, 0.421026, -0.00795425, -0.999329, 0.0302579
5.41223, 5.28375, 0.424214, 0.0114686, 0.998934, -0.040505
5.412, 5.28348, 0.422283, -0.011784, -0.999077, 0.036209
5.41153, 5.27926, 0.420148, 0.0115797, 0.999149, -0.0344701
5.41285, 5.28085, 0.419996, -0.00891284, -0.998922, 0.0417613
5.41272, 5.28329, 0.423631, -0.00999516, -0.999024, 0.0382957
5.41323, 5.2793, 0.420696, -0.00951711, -0.999337, 0.0305629
5.41128, 5.28287, 0.423527, -0.0139188, -0.999026, 0.0386534
5.41345, 5.28198, 0.419847, 0.0109017, 0.998938, -0.0386895
5.41195, 5.28074, 0.422389, 0.0126213, 0.999064, -0.0385457
5.41167, 5.28153, 0.423209, -0.0125924, -0.998994, 0.0376998
5.41214, 5.28226, 0.42085, 0.0124043, 0.999164, -0.0331515
5.41318, 5.27878, 0.41851, 0.0111863, 0.999073, -0.0361659
5.41261, 5.27968, 0.422668, -0.0106325, -0.999039, 0.0348328
5.41263, 5.2812, 0.420871, 0.0143714, 0.99927, -0.0300437
5.41302, 5.27974, 0.419905, -0.0124533, -0.999268, 0.0303849
5.41234, 5.28426, 0.420373, 0.0126377, 0.999093, -0.0348225
5.4128, 5.28096, 0.42194, 0.0167294, 0.999106, -0.0331236
5.41375, 5.28152, 0.419465, -0.0123865, -0.998973, 0.0369098
5.4113, 5.28046, 0.421001, 0.0141588, 0.999075, -0.035161
5.41336, 5.28177, 0.419621, -0.0100221, -0.999178, 0.0327822
5.41311, 5.28295, 0.420978, -0.0145725, -0.999229, 0.0289589
5.41447, 5.28379, 0.419437, 0.0138965, 0.998772, -0.0411886
5.41271, 5.28519, 0.421338, -0.0146132, -0.998826, 0.0400563
5.41137, 5.27989, 0.420985, -0.0151164, -0.999026, 0.0372713
5.41208, 5.28159, 0.421424, 0.0141954, 0.999255, -0.0302737
5.41213, 5.27829, 0.422333, -0.0133422, -0.999279, 0.0300886
5.41272, 5.28177, 0.421972, 0.0122473, 0.998964, -0.0349956
5.41318, 5.28392, 0.421468, 0.00883619, 0.998881, -0.041192
5.41286, 5.28311, 0.420198, -0.0118424, -0.998929, 0.0382718
5.4115, 5.28014, 0.42031, -0.0140833, -0.999205, 0.0319811
5.41216, 5.27894, 0.42236, -0.0137827, -0.998814, 0.0405947
5.41281, 5.27879, 0.419297, 0.0125167, 0.999124, -0.0359195
5.41133, 5.28192, 0.422399, 0.0133832, 0.999061, -0.0368757
5.4118, 5.27807, 0.423082, 0.0110918, 0.999158, -0.0330365
5.41223, 5.28092, 0.422068, -0.0141925, -0.99918, 0.0349463
5.41259, 5.27927, 0.42263, 0.0124167, 0.999329, -0.0306354
5.41264, 5.27835, 0.423141, 0.0118734, 0.999164, -0.0357803
5.41176, 5.28162, 0.419589, 0.0148762, 0.999092, -0.0357877
5.41236, 5.28055, 0.421558, 0.010158, 0.999204, -0.0337245
5.41285, 5.2829, 0.422443, -0.0103937, -0.99916, 0.0332543
5.41275, 5.27812, 0.421092, 0.0109088, 0.999171, -0.0312757
5.41166, 5.28243, 0.422258, 0.0138412, 0.99907, -0.0358281
5.41203, 5.28058, 0.424868, -0.00966942, -0.998933, 0.0383564
5.41217, 5.28042, 0.421348, 0.0103687, 0.999456, -0.0279846
5.41221, 5.28318, 0.422691, 0.0141437, 0.999076, -0.0332963
5.41207, 5.28027, 0.422581, 0.0141036, 0.99922, -0.0310965
5.41238, 5.27831, 0.420913, -0.0115273, -0.999395, 0.0294497
5.41217, 5.27984, 0.41914, 0.0144417, 0.999086, -0.0330107
5.41099, 5.2822, 0.42203, -0.0138809, -0.999097, 0.0304752
5.41171, 5.28039, 0.420996, 0.0177579, 0.999088, -0.0296986
5.41233, 5.28061, 0.423486, 0.0116169, 0.999054, -0.0371952
5.41217, 5.28263, 0.423173, -0.0141348, -0.998854, 0.0409072
5.41239, 5.2788, 0.422862, 0.0102283, 0.999008, -0.0374263
5.4122, 5.28248, 0.420745, 0.00956938, 0.999291, -0.0327904
5.41204, 5.28181, 0.422966, -0.0108014, -0.999141, 0.0344227
5.41257, 5.27899, 0.42214, 0.012546, 0.999044, -0.0374264
5.41172, 5.2793, 0.424537, -0.012875, -0.998848, 0.0400733
5.41134, 5.28082, 0.424193, 0.0106966, 0.999237, -0.0325273
5.41186, 5.27884, 0.42248, 0.0129303, 0.999084, -0.0356138
5.41348, 5.282, 0.420421, -0.00978542, -0.999018, 0.0379308
5.4122, 5.28173, 0.423194, -0.00976502, -0.998815, 0.0423861
5.41233, 5.2788, 0.421709, 0.0143107, 0.999273, -0.0312759
5.4136, 5.28293, 0.417873, -0.0089527, -0.999515, 0.0230169
5.41287, 5.28061, 0.42064, 0.0101947, 0.999126, -0.0366799
5.41243, 5.28097, 0.420998, 0.0115372, 0.999064, -0.0369654
5.41173, 5.28131, 0.420829, 0.0148868, 0.999021, -0.0365411
5.41277, 5.28052, 0.419913, -0.0125238, -0.999279, 0.0277715
5.41204, 5.27955, 0.421401, 0.0118616, 0.999266, -0.0274781
5.41337, 5.28365, 0.420611, 0.0123419, 0.998907, -0.0351557
5.41215, 5.27966, 0.422284, -0.0149133, -0.999379, 0.0265219
5.41138, 5.28239, 0.420566, -0.0127994, -0.999023, 0.0373202
5.41194, 5.28043, 0.422329, -0.0135496, -0.999049, 0.0360547
5.41257, 5.28374, 0.418949, -0.0106253, -0.999046, 0.034082
5.41309, 5.27871, 0.423673, 0.00822899, 0.999152, -0.0333317
5.41173, 5.28156, 0.423013, 0.014794, 0.998904, -0.0395073
5.41122, 5.28159, 0.422686, -0.0142826, -0.999046, 0.0338296
5.41212, 5.27869, 0.425018, -0.0117529, -0.998974, 0.03949
5.41242, 5.2749, 0.4238, 0.0119171, 0.999354, -0.0309733
5.41278, 5.27838, 0.421141, -0.0123433, -0.999042, 0.0335253
5.4118, 5.2777, 0.422407, -0.0142171, -0.999453, 0.0250271
5.41205, 5.28045, 0.42063, 0.0122939, 0.999232, -0.0318754
5.41267, 5.2811, 0.421851, 0.0100142, 0.999195, -0.0323499
5.41235, 5.27881, 0.419382, -0.0170283, -0.999122, 0.0335565
5.41235, 5.28342, 0.425159, 0.0141813, 0.998895, -0.0381479
5.41223, 5.27867, 0.424156, 0.015275, 0.998971, -0.036497
5.41203, 5.28024, 0.419011, 0.0149973, 0.999256, -0.0285607
5.41231, 5.28157, 0.420257, -0.0140594, -0.999106, 0.0345861
5.41097, 5.27786, 0.422189, 0.016061, 0.999255, -0.0287608
5.41291, 5.2779, 0.424218, 0.0103489, 0.999334, -0.0299046
5.41234, 5.28255, 0.420586, 0.0108184, 0.999174, -0.0339093
5.41257, 5.28159, 0.422606, 0.00891938, 0.99941, -0.0273963
5.4134, 5.28119, 0.422531, 0.00901044, 0.999034, -0.0388942
5.41302, 5.28347, 0.422094, 0.0100614, 0.99922, -0.03185
5.41238, 5.27915, 0.422751, -0.0111966, -0.999246, 0.0333906
5.41192, 5.27917, 0.421731, -0.0139179, -0.999141, 0.0340127
5.41274, 5.28096, 0.419848, 0.0117544, 0.999324, -0.0305232
5.41238, 5.28074, 0.420287, -0.0106128, -0.999275, 0.0282026
5.41088, 5.2825, 0.419054, 0.0144083, 0.999075, -0.0333886
5.41258, 5.28065, 0.418865, 0.0128534, 0.999173, -0.0312639
5.41319, 5.27908, 0.420225, -0.012109, -0.999138, 0.0349652
5.41254, 5.28293, 0.421925, 0.0110451, 0.999011, -0.0378053
5.41264, 5.28147, 0.423632, 0.0106217, 0.999196, -0.0339267
5.41247, 5.28055, 0.4255, -0.00887357, -0.999031, 0.038529
5.4123, 5.27858, 0.423783, 0.0111065, 0.99926, -0.0326499
5.41167, 5.27858, 0.42374, 0.0121035, 0.999362, -0.0288554
5.4131, 5.28256, 0.420852, 0.00943189, 0.998852, -0.0398913
5.4132, 5.28036, 0.42023, -0.0127706, -0.999253, 0.0322148
5.41204, 5.27908, 0.423875, -0.0133457, -0.99906, 0.0348591
5.41287, 5.28051, 0.419384, 0.0106929, 0.998773, -0.0451517
5.41257, 5.2789, 0.421136, 0.0185542, 0.998882, -0.0361673
5.41304, 5.28182, 0.41892, -0.0113124, -0.999075, 0.0383835
5.41284, 5.28158, 0.422195, 0.0133063, 0.998688, -0.0446768
5.4117, 5.28152, 0.421331, 0.0142959, 0.998888, -0.0399124
5.41401, 5.28396, 0.419506, -0.00854961, -0.999011, 0.0343894
5.41208, 5.27921, 0.422949, -0.0105952, -0.999133, 0.0350768
5.41429, 5.28347, 0.418361, -0.011196, -0.998933, 0.0396549
5.41267, 5.28455, 0.423096, 0.0131265, 0.999183, -0.0345502
5.41214, 5.28018, 0.420505, 0.0114312, 0.999104, -0.0365743
5.41306, 5.28177, 0.422882, -0.00996758, -0.999124, 0.0346935
5.41194, 5.28068, 0.42048, -0.0149877, -0.99878, 0.04322
5.41183, 5.28073, 0.421295, 0.0140478, 0.99923, -0.026388
5.41309, 5.27831, 0.419845, 0.0127587, 0.998976, -0.0362899
5.41191, 5.27964, 0.42116, 0.0145894, 0.998927, -0.0360817
5.41171, 5.27724, 0.422791, 0.014215, 0.999315, -0.0281078
5.41218, 5.28307, 0.422097, 0.0115094, 0.999028, -0.0365023
5.41316, 5.27958, 0.422739, 0.00927447, 0.999063, -0.0375087
5.41272, 5.27949, 0.421871, -0.012146, -0.999264, 0.0323929
5.41281, 5.28098, 0.420522, 0.0106537, 0.999051, -0.0382545
5.41365, 5.28078, 0.419065, -0.0117978, -0.999183, 0.0321868
5.41224, 5.28492, 0.422644, 0.0131185, 0.999255, -0.0313739
5.41259, 5.28106, 0.42165, -0.01296, -0.999142, 0.0344621
5.41236, 5.28514, 0.420174, -0.00866012, -0.998607, 0.0467095
5.41187, 5.28219, 0.424258, 0.0121252, 0.99931, -0.0319082
5.4119, 5.28083, 0.422652, -0.0171627, -0.999198, 0.0318293
5.41233, 5.2804, 0.420419, 0.0114457, 0.999125, -0.0327789
5.41216, 5.28436, 0.423026, 0.0159205, 0.998792, -0.041263
5.41183, 5.2809, 0.421026, -0.0143336, -0.999151, 0.0332128
5.41317, 5.27949, 0.422046, -0.0111514, -0.998936, 0.0401776
5.41248, 5.27955, 0.422084, -0.00959866, -0.999249, 0.0328945
5.41203, 5.28274, 0.421839, -0.0124364, -0.999039, 0.036967
5.41281, 5.27888, 0.423652, -0.0123354, -0.999103, 0.0332212
5.41296, 5.27923, 0.42039, 0.00861748, 0.999041, -0.037931
5.41292, 5.27835, 0.423821, -0.0121222, -0.999073, 0.036086
5.41169, 5.28358, 0.426455, 0.0109246, 0.99909, -0.0362156
5.41227, 5.28379, 0.42207, 0.0102452, 0.998753, -0.0415975
5.41278, 5.27985, 0.421811, -0.00996285, -0.999054, 0.0361667
5.41203, 5.28057, 0.420718, -0.0138837, -0.998971, 0.0385912
5.41364, 5.27868, 0.422158, -0.0121355, -0.999112, 0.034509
5.41257, 5.27973, 0.422165, 0.0112073, 0.999286, -0.0316193
5.41313, 5.28337, 0.419421, 0.0118646, 0.999064, -0.0338843
5.41232, 5.28004, 0.422359, -0.0129169, -0.998918, 0.0383871
5.41235, 5.27915, 0.420223, -0.012913, -0.998927, 0.0387554
5.41329, 5.28044, 0.41976, -0.00676787, -0.999177, 0.0320539
5.41432, 5.28464, 0.420552, 0.0105678, 0.999065, -0.036218
5.41192, 5.28024, 0.422244, 0.013355, 0.999172, -0.0332148
5.41239, 5.27989, 0.422164, 0.0120606, 0.999301, -0.0294925
5.41133, 5.28165, 0.42477, -0.0131194, -0.998957, 0.0393167
5.4139, 5.28005, 0.418722, -0.0133066, -0.999224, 0.0325585
5.41318, 5.28009, 0.422496, -0.0120623, -0.999048, 0.037745
5.41282, 5.28004, 0.421445, 0.012373, 0.998911, -0.039086
5.41335, 5.27893, 0.419429, 0.00884021, 0.999056, -0.0363719
5.41215, 5.28175, 0.421805, 0.0140679, 0.998774, -0.0401082
5.41282, 5.28274, 0.420164, -0.0138328, -0.999072, 0.0353011
5.41273, 5.28202, 0.42173, 0.0118507, 0.998961, -0.0401862
5.41262, 5.27931, 0.418983, -0.0150912, -0.999111, 0.0343508
5.41381, 5.28163, 0.419853, -0.00855499, -0.999037, 0.0380268
5.41249, 5.27897, 0.421908, 0.0133715, 0.999059, -0.0388211
5.41396, 5.28355, 0.417289, 0.00982315, 0.998904, -0.0387713
5.41125, 5.28179, 0.421613, -0.0138171, -0.999164, 0.0334595
5.41336, 5.28383, 0.416964, 0.0121558, 0.998981, -0.0372456
5.41309, 5.27877, 0.420332, 0.0102084, 0.999315, -0.0311378
5.41359, 5.27912, 0.422875, 0.00991748, 0.999066, -0.0353268
5.41222, 5.27889, 0.421858, -0.0160548, -0.999057, 0.0360574
5.41206, 5.28382, 0.419874, 0.0140015, 0.998964, -0.0362142
5.41247, 5.28085, 0.422879, -0.0131191, -0.998947, 0.0390962
5.41306, 5.28284, 0.421084, 0.00972324, 0.998679, -0.044833
5.41251, 5.27895, 0.421809, -0.0128625, -0.999171, 0.0348229
5.41345, 5.28179, 0.419334, -0.00993439, -0.999109, 0.0366662
5.41269, 5.27906, 0.422642, -0.0157399, -0.999122, 0.033843
5.41307, 5.28315, 0.41923, -0.0128363, -0.99893, 0.0366663
5.41221, 5.28083, 0.423176, 0.00977991, 0.999302, -0.0309216
5.41265, 5.28023, 0.420414, -0.0117434, -0.999166, 0.0312301
5.41218, 5.27928, 0.42041, 0.01276, 0.999122, -0.035587
5.41252, 5.27854, 0.421267, -0.0120642, -0.999338, 0.0309374
5.41429, 5.28277, 0.419974, 0.0109358, 0.998958, -0.0389661
5.41237, 5.28187, 0.420801, 0.0109312, 0.99893, -0.0400886
5.41221, 5.28008, 0.425509, 0.0121894, 0.999266, -0.0320041
5.41157, 5.2828, 0.421556, 0.0131338, 0.998868, -0.0396891
5.4121, 5.28165, 0.422246, -0.0129921, -0.999134, 0.036215
5.41124, 5.27966, 0.420265, -0.0177596, -0.999047, 0.0330034
5.41212, 5.27945, 0.422827, -0.0108538, -0.998975, 0.0394494
5.41361, 5.28048, 0.418262, -0.0105165, -0.999101, 0.0357798
5.41247, 5.27994, 0.421705, -0.00763155, -0.999079, 0.0377569
5.41276, 5.27706, 0.42125, -0.0127727, -0.999175, 0.0337735
5.41171, 5.27926, 0.421724, -0.0139887, -0.999054, 0.0351012
5.41302, 5.28123, 0.418585, -0.0128473, -0.999045, 0.0361194
5.41235, 5.28197, 0.42472, -0.0141759, -0.998884, 0.0409299
5.4132, 5.28101, 0.419785, -0.00984231, -0.999208, 0.0313728
5.4122, 5.28048, 0.422257, -0.00860287, -0.9993, 0.0300165
5.41245, 5.28277, 0.421769, -0.0135677, -0.99903, 0.0357125
5.41245, 5.28027, 0.421236, 0.0125902, 0.999279, -0.029893
5.41283, 5.28076, 0.423572, -0.0135421, -0.999226, 0.0303761
5.41236, 5.27962, 0.420981, 0.018028, 0.998707, -0.044052
5.41127, 5.28039, 0.419409, -0.011697, -0.99924, 0.0338024
5.41249, 5.28473, 0.422761, -0.0140385, -0.999149, 0.0354696
5.41235, 5.28334, 0.422266, -0.0120024, -0.999139, 0.0350877
5.41258, 5.28541, 0.420284, -0.0123403, -0.998919, 0.0369767
5.41295, 5.28221, 0.42222, 0.0125897, 0.998983, -0.037221
5.41253, 5.28091, 0.421366, -0.0138146, -0.999191, 0.0332042
5.41317, 5.27991, 0.419989, -0.0110224, -0.999249, 0.0314604
5.41273, 5.28032, 0.421608, 0.00976991, 0.999368, -0.0284851
5.41298, 5.28216, 0.421855, 0.010255, 0.999221, -0.0343867
5.41264, 5.28433, 0.42158, -0.00987497, -0.998968, 0.0390985
5.41306, 5.28231, 0.420708, 0.0131795, 0.998657, -0.0439311
5.41219, 5.28179, 0.422886, 0.0106012, 0.998988, -0.0396295
5.41233, 5.28439, 0.420473, -0.0110949, -0.998793, 0.0383107
5.41241, 5.28365, 0.419939, -0.0121777, -0.999218, 0.0320985
5.41271, 5.28275, 0.422582, 0.0112048, 0.998977, -0.0397463
5.41302, 5.28071, 0.418182, -0.0147922, -0.999239, 0.0287683
5.41104, 5.28105, 0.41939, -0.016258, -0.999011, 0.0353252
5.41383, 5.28183, 0.419937, -0.00876988, -0.999173, 0.0351929
5.41309, 5.27934, 0.420654, -0.0104416, -0.999108, 0.0347396
5.41304, 5.28197, 0.421861, -0.0109257, -0.998984, 0.0399638
5.41251, 5.28061, 0.420372, 0.0117122, 0.99907, -0.0361208
5.41226, 5.28056, 0.421091, 0.01161, 0.999176, -0.0314383
5.41195, 5.28299, 0.422137, 0.0110752, 0.999004, -0.0372816
5.41208, 5.2817, 0.423665, 0.0156907, 0.998846, -0.0360607
5.4125, 5.2816, 0.421358, -0.0121291, -0.999132, 0.0343922
5.41171, 5.28079, 0.422245, 0.00955358, 0.999329, -0.0313327
5.41243, 5.28136, 0.424647, -0.015364, -0.998967, 0.0347341
5.41242, 5.28023, 0.419325, 0.0153673, 0.999165, -0.0332477
5.41156, 5.27969, 0.423961, 0.0122062, 0.99906, -0.0365982
5.41265, 5.28203, 0.418997, -0.0123652, -0.999258, 0.0324205
5.4124, 5.2789, 0.421376, -0.0103495, -0.999215, 0.0316964
5.412, 5.27869, 0.421592, 0.0129033, 0.999114, -0.0360456
5.41228, 5.27893, 0.422987, -0.00935053, -0.999038, 0.0373924
