5.42164, 5.85077, 0.421718, -0.0287642, -0.998739, 0.0343413
5.42313, 5.8461, 0.421477, -0.0278929, -0.999161, 0.0235044
5.42221, 5.84749, 0.424645, 0.0278843, 0.998919, -0.0315015
5.4227, 5.84936, 0.419908, -0.0261509, -0.999106, 0.0290317
5.42291, 5.85906, 0.422251, 0.0250244, 0.999042, -0.0315427
5.42212, 5.84434, 0.423475, 0.0275898, 0.998928, -0.0317944
5.42313, 5.84781, 0.424751, 0.02092, 0.998909, -0.0392053
5.42125, 5.84607, 0.423741, -0.0279904, -0.999123, 0.0268716
5.42257, 5.83821, 0.422596, -0.0227164, -0.999396, 0.0201265
5.42033, 5.8416, 0.427706, 0.025514, 0.998853, -0.0347277
5.42374, 5.84695, 0.420376, 0.0253032, 0.998887, -0.0349648
5.42292, 5.84526, 0.421161, 0.0206964, 0.998879, -0.0314928
5.42251, 5.84802, 0.423629, 0.0275796, 0.99912, -0.0255044
5.42182, 5.84705, 0.425391, -0.0281905, -0.999031, 0.027868
5.42176, 5.8535, 0.422761, -0.0273442, -0.999082, 0.0248596
5.42317, 5.8455, 0.422663, -0.0263363, -0.999234, 0.0242099
5.42155, 5.85263, 0.423327, 0.0293997, 0.998888, -0.0297277
5.42188, 5.83823, 0.425336, -0.028329, -0.998757, 0.0316576
5.42345, 5.8425, 0.425274, -0.0221604, -0.998868, 0.0346492
5.42095, 5.84244, 0.425617, -0.0280384, -0.9988, 0.0353275
5.42303, 5.8473, 0.42242, 0.0304219, 0.998957, -0.0312566
5.42215, 5.85017, 0.424198, -0.0285108, -0.998994, 0.0280731
5.42218, 5.84655, 0.422077, -0.0280007, -0.999044, 0.0292118
5.42351, 5.85464, 0.424186, 0.0245923, 0.998606, -0.0425762
5.42264, 5.84809, 0.423385, 0.0267118, 0.999098, -0.029013
5.4212, 5.83991, 0.424067, 0.0238883, 0.998851, -0.0330401
5.42377, 5.84127, 0.421576, 0.0274549, 0.999196, -0.0260508
5.4222, 5.8474, 0.423189, 0.0256685, 0.999063, -0.0272822
5.42199, 5.8452, 0.424623, 0.0281139, 0.998844, -0.0332922
5.42191, 5.85444, 0.426379, -0.026445, -0.99875, 0.0353507
5.42301, 5.84545, 0.422908, 0.0285531, 0.999132, -0.0262583
5.42233, 5.85217, 0.420691, 0.0230815, 0.999169, -0.0242227
5.42374, 5.84192, 0.422732, -0.0254796, -0.999132, 0.0271152
5.42362, 5.84169, 0.424412, 0.0260143, 0.999073, -0.0220444
5.4234, 5.85251, 0.421679, -0.0282321, -0.998721, 0.0327081
5.42289, 5.85209, 0.421416, 0.0257393, 0.998825, -0.030811
5.42358, 5.8627, 0.425325, -0.0259277, -0.998015, 0.0514574
5.42195, 5.84459, 0.423429, 0.026717, 0.999136, -0.0295529
5.42146, 5.84369, 0.422454, 0.0261518, 0.99917, -0.0272802
5.42284, 5.84429, 0.422705, 0.0299834, 0.999074, -0.0212155
5.42207, 5.84268, 0.423642, 0.0316179, 0.998716, -0.0328958
5.42353, 5.85117, 0.423955, -0.0322102, -0.998078, 0.0455412
5.4211, 5.8451, 0.420908, 0.0249961, 0.998884, -0.0215611
5.42101, 5.84116, 0.422542, 0.0257767, 0.999303, -0.0213789
5.42115, 5.84757, 0.4269, -0.0251468, -0.999179, 0.0211815
5.42245, 5.84501, 0.419977, -0.0305043, -0.999081, 0.0262646
5.42204, 5.8453, 0.42607, -0.0312883, -0.998903, 0.0281519
5.42151, 5.84731, 0.424149, 0.0246722, 0.999209, -0.0245615
5.42056, 5.84478, 0.423187, -0.0304515, -0.998789, 0.0336622
5.42148, 5.84415, 0.422997, 0.0313371, 0.998872, -0.0281644
5.42416, 5.85563, 0.422448, -0.0281943, -0.998466, 0.0382405
5.42136, 5.84195, 0.424462, 0.0253121, 0.999322, -0.0224207
5.42231, 5.84756, 0.424211, -0.0289473, -0.998924, 0.029733
5.42177, 5.85171, 0.423994, 0.0324821, 0.998774, -0.0321593
5.4219, 5.84251, 0.422377, -0.0268869, -0.999099, 0.0207032
5.42117, 5.84841, 0.423494, 0.0277961, 0.998732, -0.0368766
5.4219, 5.84149, 0.422253, -0.0265786, -0.998849, 0.0305432
5.42123, 5.85115, 0.422261, 0.0249458, 0.999143, -0.0287071
5.42098, 5.84245, 0.422386, 0.0301645, 0.999194, -0.0214181
5.42158, 5.84509, 0.421607, 0.0250125, 0.998926, -0.0294066
5.42197, 5.85028, 0.425572, -0.026558, -0.99903, 0.0296293
5.42145, 5.84801, 0.423281, 0.0302558, 0.99895, -0.0288323
5.42185, 5.84381, 0.426267, 0.0294263, 0.999239, -0.0224517
5.42302, 5.84464, 0.421062, -0.0223591, -0.999078, 0.0318675
5.42104, 5.83855, 0.421296, -0.0249102, -0.999415, 0.0182042
5.42369, 5.84758, 0.421404, 0.0227286, 0.999113, -0.0275039
5.42184, 5.84648, 0.422692, 0.0257662, 0.999016, -0.032392
5.42172, 5.84866, 0.41891, 0.0283798, 0.999142, -0.0262504
5.41995, 5.84352, 0.423313, -0.0294873, -0.999028, 0.0268518
5.42214, 5.85169, 0.424183, -0.0317801, -0.998822, 0.0328793
5.42273, 5.84234, 0.42269, 0.0270853, 0.999356, -0.0189043
5.42312, 5.84697, 0.420743, -0.028826, -0.998855, 0.0293271
5.42071, 5.84561, 0.424598, 0.0234489, 0.999211, -0.0263935
5.42075, 5.84027, 0.424477, 0.0306512, 0.998654, -0.0321714
5.42119, 5.85081, 0.420346, 0.0285456, 0.999323, -0.0200314
5.42152, 5.8505, 0.422263, -0.0256245, -0.998985, 0.0255243
5.42359, 5.86051, 0.422753, 0.0264114, 0.998391, -0.0444276
5.42207, 5.85074, 0.42467, 0.032272, 0.999069, -0.0246498
5.42455, 5.85501, 0.421843, -0.0327172, -0.998391, 0.03574
5.42105, 5.84637, 0.423829, 0.0314298, 0.998785, -0.0238607
5.4214, 5.84343, 0.422939, 0.0283471, 0.998957, -0.0246873
5.4217, 5.85405, 0.424797, -0.0241217, -0.999281, 0.0236195
5.42143, 5.84061, 0.426184, 0.0303152, 0.99922, -0.0174547
5.42251, 5.84412, 0.423579, 0.0256093, 0.999137, -0.0265263
5.4217, 5.85716, 0.424711, 0.0258783, 0.998896, -0.0310529
5.42233, 5.84632, 0.421006, -0.0247873, -0.998924, 0.0307575
5.4226, 5.84447, 0.424379, 0.0249208, 0.999185, -0.0218794
5.42228, 5.8574, 0.42478, -0.0260903, -0.998713, 0.0396695
5.42344, 5.84706, 0.422531, 0.0256896, 0.999244, -0.0242324
5.42188, 5.84476, 0.426005, 0.0274018, 0.999253, -0.0250272
5.42142, 5.84678, 0.423057, 0.022678, 0.999158, -0.0204344
5.42232, 5.84773, 0.428041, 0.0301238, 0.998847, -0.0318196
5.42051, 5.84081, 0.423709, -0.0281948, -0.999179, 0.0253255
5.42296, 5.85345, 0.426592, -0.027018, -0.998433, 0.0385821
5.42197, 5.8504, 0.423541, -0.0272653, -0.998899, 0.0337774
5.42163, 5.84995, 0.426001, -0.0241378, -0.998967, 0.032667
5.42369, 5.84124, 0.419267, 0.0261451, 0.999112, -0.0276814
5.42127, 5.84907, 0.426237, -0.025766, -0.999174, 0.0294452
5.42128, 5.84458, 0.422501, 0.0276281, 0.998832, -0.0320422
5.42114, 5.84618, 0.428725, 0.028919, 0.999054, -0.0287414
5.42037, 5.84703, 0.424856, 0.0269078, 0.998645, -0.0334587
5.42166, 5.84467, 0.425444, -0.0294476, -0.998651, 0.0376983
5.42185, 5.84792, 0.423237, -0.0263701, -0.999219, 0.0185043
5.42229, 5.84442, 0.422102, -0.0270501, -0.998885, 0.028992
5.42034, 5.84419, 0.423465, 0.0287196, 0.999234, -0.0237159
5.42261, 5.84218, 0.423453, 0.0258018, 0.999205, -0.0229313
5.42113, 5.84246, 0.422581, -0.0277575, -0.999014, 0.030258
5.42325, 5.84856, 0.421988, 0.0293616, 0.998894, -0.0280297
5.42128, 5.84796, 0.425564, -0.0335189, -0.99879, 0.0246589
5.42205, 5.84814, 0.422431, -0.0337717, -0.998721, 0.0293436
5.42261, 5.84544, 0.422554, 0.0273965, 0.998845, -0.0325576
5.42119, 5.85099, 0.422567, 0.0259319, 0.998884, -0.0328515
5.42127, 5.84167, 0.425475, -0.0237383, -0.999021, 0.0253673
5.42021, 5.84955, 0.421464, -0.0263481, -0.999018, 0.031127
5.4224, 5.85349, 0.424555, -0.0256524, -0.998647, 0.0378735
5.42233, 5.84843, 0.421558, -0.025064, -0.999054, 0.0312347
5.42182, 5.84577, 0.42271, 0.02538, 0.99913, -0.0272354
5.42117, 5.84011, 0.425763, 0.0300172, 0.999072, -0.0251798
5.42147, 5.85142, 0.423832, -0.0222992, -0.998856, 0.0352382
5.42306, 5.84795, 0.4203, 0.0280405, 0.998723, -0.0358946
5.42142, 5.84438, 0.42353, 0.0267944, 0.999238, -0.0240847
5.42222, 5.84038, 0.422227, -0.0260646, -0.999158, 0.0248582
5.42139, 5.84827, 0.420286, -0.0288395, -0.999134, 0.0258815
5.42147, 5.84253, 0.423509, -0.0266626, -0.998901, 0.0302717
5.42105, 5.84903, 0.426808, 0.0309585, 0.998664, -0.0374859
5.42196, 5.84775, 0.424594, 0.0326301, 0.998904, -0.0294347
5.42192, 5.85009, 0.423538, -0.0308829, -0.998691, 0.0327906
5.422, 5.84581, 0.423142, 0.0298475, 0.998872, -0.0304796
5.42222, 5.85689, 0.42406, 0.0261872, 0.998966, -0.0316025
5.42273, 5.84007, 0.420241, 0.0243258, 0.998985, -0.023453
5.42136, 5.84548, 0.425208, -0.0334418, -0.998092, 0.0458669
5.42143, 5.84167, 0.425841, -0.028604, -0.998952, 0.0282873
5.42171, 5.85014, 0.423917, -0.0325251, -0.99883, 0.0288488
5.42142, 5.84089, 0.427337, 0.0290258, 0.998813, -0.0349666
5.42113, 5.84614, 0.428277, -0.0252221, -0.999173, 0.0277416
5.42194, 5.84309, 0.422536, 0.0245357, 0.99873, -0.0371091
5.42221, 5.84067, 0.422216, -0.0275006, -0.999228, 0.0266829
5.42133, 5.85201, 0.42329, 0.0270173, 0.99836, -0.0428682
5.42111, 5.84759, 0.423449, -0.0294365, -0.998979, 0.029762
5.42241, 5.84238, 0.422212, -0.0318517, -0.998904, 0.027275
5.4207, 5.84146, 0.422512, 0.0228213, 0.999106, -0.0302139
5.42251, 5.85035, 0.426817, -0.0255258, -0.998373, 0.0431592
5.42235, 5.83883, 0.424706, -0.0254572, -0.998741, 0.0236827
5.42356, 5.84962, 0.423935, -0.0280281, -0.999113, 0.0277053
5.42189, 5.84773, 0.422655, 0.0250092, 0.999058, -0.0327826
5.42252, 5.85188, 0.424037, -0.0275615, -0.998589, 0.0395919
5.42121, 5.84571, 0.423927, -0.0281879, -0.998982, 0.027545
5.42197, 5.84739, 0.42111, 0.0250222, 0.999257, -0.0211983
5.4215, 5.85062, 0.423148, 0.0243951, 0.998894, -0.0341059
5.42206, 5.85021, 0.422848, -0.0273613, -0.99877, 0.034501
5.42316, 5.84195, 0.422717, 0.0270465, 0.998996, -0.0280281
5.42046, 5.84402, 0.421768, 0.0252951, 0.999059, -0.030186
5.42312, 5.85676, 0.424251, 0.0236286, 0.998421, -0.0455006
5.42065, 5.8513, 0.424505, -0.0336141, -0.998518, 0.0349883
5.4235, 5.84901, 0.423281, 0.0280031, 0.998818, -0.0253255
5.42142, 5.84848, 0.424065, -0.0292186, -0.998693, 0.0326195
5.42344, 5.84291, 0.424356, -0.0313301, -0.998726, 0.0362213
5.42289, 5.84349, 0.421541, -0.0248847, -0.998904, 0.0344901
5.42309, 5.84281, 0.422674, -0.0274235, -0.999019, 0.0292811
5.42167, 5.84556, 0.4263, -0.0306393, -0.998413, 0.041357
5.42196, 5.84734, 0.423785, 0.0261506, 0.999297, -0.0216403
5.42305, 5.85066, 0.423638, 0.0277064, 0.998776, -0.033979
5.42074, 5.84391, 0.424628, -0.0269527, -0.999, 0.0306792
5.42144, 5.84493, 0.42352, -0.0270652, -0.999109, 0.0283679
5.42255, 5.8462, 0.421072, 0.0294098, 0.998751, -0.0296371
5.42085, 5.85013, 0.425252, 0.0229166, 0.999073, -0.0317752
5.42313, 5.85166, 0.420405, 0.0201694, 0.998645, -0.0377708
5.42254, 5.84627, 0.425551, -0.0312566, -0.999096, 0.0228113
5.42228, 5.85269, 0.421685, 0.0321386, 0.998968, -0.0279769
5.42308, 5.84837, 0.41933, -0.0259009, -0.999061, 0.0275392
5.42095, 5.84432, 0.423945, -0.0220533, -0.999048, 0.0319098
5.42097, 5.84394, 0.423637, 0.0289591, 0.998815, -0.0336775
5.42145, 5.85455, 0.420484, -0.0329891, -0.998895, 0.0268727
5.42028, 5.84633, 0.427092, 0.0312769, 0.999123, -0.0198848
5.42338, 5.84704, 0.424321, 0.028135, 0.998988, -0.0308093
5.42137, 5.85007, 0.42104, 0.0218853, 0.999226, -0.0270114
5.4221, 5.84844, 0.425939, 0.0278213, 0.998916, -0.0217881
5.42216, 5.85037, 0.420266, 0.026206, 0.999076, -0.0242293
5.42219, 5.84485, 0.421259, -0.0300261, -0.998998, 0.0294771
5.42111, 5.85054, 0.422218, 0.0269915, 0.99914, -0.0244446
5.42215, 5.85593, 0.42394, -0.0265598, -0.998236, 0.0459472
5.42129, 5.84933, 0.4195, 0.0220613, 0.999253, -0.0184977
5.42199, 5.8488, 0.421058, -0.0283701, -0.998759, 0.0358545
5.42342, 5.84873, 0.42229, 0.0294743, 0.998884, -0.0324707
5.42153, 5.842, 0.421517, 0.0315322, 0.998769, -0.0312755
5.4217, 5.84554, 0.427195, -0.0320571, -0.9986, 0.0377207
5.42357, 5.85526, 0.423509, -0.0293432, -0.998646, 0.031423
5.42235, 5.8454, 0.425242, 0.0307698, 0.998437, -0.0406004
5.42257, 5.85537, 0.422274, 0.0285208, 0.998516, -0.0392448
5.42134, 5.85041, 0.425783, -0.0280641, -0.999183, 0.0273549
5.42234, 5.84274, 0.424351, 0.0326389, 0.998753, -0.0325256
5.42224, 5.84315, 0.423361, 0.0244134, 0.998807, -0.0393088
5.4205, 5.85262, 0.425986, -0.0287014, -0.99873, 0.0324563
5.42179, 5.83887, 0.425271, 0.025588, 0.999193, -0.0241811
5.42115, 5.84803, 0.422853, 0.0283695, 0.998766, -0.0344465
5.42149, 5.84412, 0.422432, -0.0280932, -0.999307, 0.0189388
5.42353, 5.85448, 0.422696, 0.0274177, 0.998695, -0.0333065
5.42221, 5.8459, 0.426632, -0.0319336, -0.998864, 0.032263
5.42273, 5.84204, 0.420896, 0.0261285, 0.999155, -0.0269114
5.42215, 5.8389, 0.421509, -0.0256453, -0.999117, 0.0230929
5.42116, 5.85168, 0.426962, -0.0230073, -0.998848, 0.0343763
5.42254, 5.84387, 0.420486, -0.0224362, -0.999247, 0.0256273
5.42334, 5.85431, 0.421445, 0.032146, 0.998844, -0.0294341
5.42143, 5.84617, 0.424403, 0.0305439, 0.998807, -0.0320263
5.42103, 5.84028, 0.424042, -0.0308366, -0.999058, 0.0266543
5.42075, 5.85033, 0.42263, -0.031733, -0.99868, 0.034469
5.42162, 5.85314, 0.427161, -0.0340087, -0.998206, 0.0401434
5.42149, 5.84912, 0.426389, 0.029554, 0.998936, -0.0316611
5.42309, 5.84494, 0.421272, -0.0253373, -0.999213, 0.0265152
5.42324, 5.84861, 0.42498, -0.0295521, -0.998682, 0.0382292
5.42371, 5.85339, 0.422373, -0.0282102, -0.998381, 0.0392123
5.4213, 5.84155, 0.426175, 0.0331957, 0.998836, -0.0295115
5.42128, 5.84235, 0.426607, 0.0319465, 0.998806, -0.0293255
5.42133, 5.85161, 0.421862, -0.0319071, -0.998841, 0.0220981
5.42239, 5.85279, 0.426167, 0.0284445, 0.998348, -0.04079
5.42071, 5.84825, 0.426506, -0.0303676, -0.998391, 0.0375166
5.42288, 5.84479, 0.421544, -0.0295545, -0.998679, 0.0313781
5.42157, 5.84389, 0.423855, 0.0244538, 0.999368, -0.0219701
5.42114, 5.84375, 0.42175, -0.0321717, -0.998905, 0.0283068
5.4215, 5.84786, 0.421638, 0.0281646, 0.998794, -0.0324873
5.42208, 5.8513, 0.426645, 0.0280049, 0.998995, -0.0301381
5.42181, 5.84923, 0.421259, -0.0334498, -0.998625, 0.032191
5.42122, 5.84008, 0.422497, 0.0264808, 0.999178, -0.0263746
5.42102, 5.84372, 0.422635, 0.0229812, 0.998898, -0.026759
5.42359, 5.84156, 0.423014, 0.025186, 0.99914, -0.0242572
5.42096, 5.84495, 0.42285, -0.0315378, -0.998952, 0.0276374
5.42207, 5.8477, 0.422962, 0.0270912, 0.999057, -0.0296144
5.42029, 5.856, 0.425654, -0.0362813, -0.998207, 0.0405836
5.42038, 5.84182, 0.426052, 0.0310925, 0.999244, -0.0210372
5.42202, 5.84809, 0.423404, -0.02572, -0.999023, 0.0293548
5.42078, 5.84559, 0.422305, 0.0274024, 0.999009, -0.0309396
5.42208, 5.84792, 0.428716, 0.0287737, 0.998768, -0.0357402
5.42247, 5.84724, 0.424143, 0.0276917, 0.998864, -0.0272176
5.41965, 5.84676, 0.425973, 0.031487, 0.998751, -0.0356906
5.42136, 5.84303, 0.421604, 0.0239458, 0.999226, -0.0241355
5.42044, 5.85385, 0.425672, -0.032866, -0.998296, 0.0387178
5.42244, 5.84829, 0.42534, -0.0274827, -0.998773, 0.0382178
5.42157, 5.84488, 0.423765, -0.0363986, -0.998633, 0.0333133
5.42113, 5.84893, 0.426251, -0.0215976, -0.999025, 0.0271699
5.42137, 5.8408, 0.422175, 0.0269882, 0.998736, -0.0331332
5.4239, 5.84674, 0.42502, 0.0301704, 0.998806, -0.0332217
5.42157, 5.84529, 0.423355, 0.0311854, 0.999227, -0.0211937
5.42274, 5.84771, 0.426377, 0.0297156, 0.998957, -0.0304198
5.42185, 5.84824, 0.421744, -0.0253151, -0.999157, 0.0164177
5.42052, 5.84364, 0.425116, 0.0302663, 0.998997, -0.0296212
5.42044, 5.84104, 0.427853, -0.0242359, -0.999144, 0.024884
5.4218, 5.85143, 0.425182, -0.0298338, -0.998809, 0.0314825
5.42341, 5.86195, 0.422461, 0.0285605, 0.998959, -0.0322015
5.42179, 5.84674, 0.424654, -0.0244408, -0.999164, 0.0274458
5.42161, 5.84629, 0.426016, 0.0296179, 0.998704, -0.0347683
5.42321, 5.8464, 0.421393, -0.0315116, -0.998521, 0.0350841
5.42266, 5.8481, 0.424862, -0.0265381, -0.999047, 0.0294838
5.42323, 5.84266, 0.426058, 0.02487, 0.998936, -0.0309446
5.42224, 5.84753, 0.417594, 0.0257862, 0.998825, -0.0204975
5.42308, 5.84608, 0.423068, 0.0269728, 0.999147, -0.0283991
5.42136, 5.84646, 0.41961, -0.0266157, -0.999154, 0.0244876
5.42264, 5.84551, 0.42366, -0.0325588, -0.998561, 0.0344574
5.42282, 5.84818, 0.424808, -0.0218582, -0.998842, 0.0355964
5.42241, 5.84552, 0.425749, 0.0259108, 0.99926, -0.0260309
5.42193, 5.84739, 0.424098, 0.0266465, 0.999094, -0.0294269
5.42059, 5.8419, 0.426335, -0.0276728, -0.998906, 0.0234755
5.42212, 5.84735, 0.42348, -0.0218669, -0.999412, 0.0230456
5.42311, 5.84679, 0.423556, -0.0220105, -0.998644, 0.0408585
5.42195, 5.84665, 0.424537, -0.0245048, -0.999228, 0.0236974
5.42337, 5.8488, 0.423941, 0.0292084, 0.999011, -0.029776
5.42199, 5.84858, 0.42133, 0.0307113, 0.99919, -0.0231209
5.42259, 5.85087, 0.423746, 0.0281463, 0.998804, -0.0336578
5.42222, 5.85581, 0.425095, -0.0308046, -0.99839, 0.0403618
5.42352, 5.85228, 0.425707, 0.0303554, 0.998906, -0.030919
5.42097, 5.85734, 0.429777, 0.0361182, 0.998268, -0.0428954
5.42243, 5.84323, 0.428875, 0.0322507, 0.998971, -0.0259385
5.42163, 5.85659, 0.422092, -0.0252523, -0.998905, 0.0333019
5.42124, 5.84228, 0.42313, 0.0265347, 0.999422, -0.0182007
5.42168, 5.83724, 0.423533, -0.0266113, -0.999284, 0.0164796
5.42117, 5.85305, 0.421808, 0.0296592, 0.999161, -0.0234491
5.42294, 5.84387, 0.424237, -0.0276679, -0.998752, 0.0292645
5.42305, 5.84854, 0.422927, 0.0199486, 0.998753, -0.0348636
5.42238, 5.83887, 0.422931, -0.0232922, -0.999407, 0.0207866
5.42288, 5.84593, 0.422031, -0.0266298, -0.998676, 0.0388201
5.42117, 5.8459, 0.42817, 0.0298529, 0.998678, -0.0363932
5.42284, 5.84371, 0.42283, 0.0314559, 0.998841, -0.0312953
5.42144, 5.84698, 0.427109, 0.0241799, 0.999384, -0.0232744
5.42259, 5.84071, 0.424738, 0.0302234, 0.99894, -0.0279423
5.4225, 5.85366, 0.423573, -0.0306904, -0.999, 0.0262523
5.42201, 5.83771, 0.425273, -0.0241016, -0.99904, 0.0307571
5.42041, 5.83779, 0.424919, 0.0250332, 0.999392, -0.0200997
5.42195, 5.84352, 0.425647, 0.0261304, 0.999036, -0.0315534
5.42167, 5.83988, 0.422604, -0.0276088, -0.999297, 0.0228258
5.42051, 5.85079, 0.423417, 0.0304229, 0.998904, -0.0192549
5.42237, 5.84431, 0.423083, -0.0281742, -0.998947, 0.030551
5.42185, 5.85129, 0.426317, -0.0304081, -0.99888, 0.029434
5.42298, 5.84686, 0.426381, 0.0270456, 0.999027, -0.0268877
5.42126, 5.84673, 0.425536, 0.0260612, 0.999104, -0.0292187
5.42082, 5.84102, 0.4249, -0.026172, -0.999142, 0.0256101
5.42158, 5.85169, 0.428342, -0.0340327, -0.997978, 0.046289
5.42086, 5.83937, 0.425038, 0.0269982, 0.999145, -0.0249471
5.42287, 5.85353, 0.424387, 0.0256049, 0.998755, -0.0372177
5.42292, 5.85157, 0.423426, 0.0314245, 0.998763, -0.0325059
5.42051, 5.85218, 0.426388, -0.0266585, -0.999091, 0.0298657
5.42142, 5.84768, 0.424304, -0.0289984, -0.999142, 0.0235426
5.42269, 5.84331, 0.425591, 0.0262004, 0.998977, -0.0315672
5.42152, 5.86218, 0.424989, 0.0305318, 0.998474, -0.0336757
5.42237, 5.86038, 0.423695, 0.0302257, 0.998487, -0.0408993
5.42006, 5.84375, 0.42506, -0.0282743, -0.999184, 0.0260098
5.42134, 5.84728, 0.422793, 0.0281128, 0.999185, -0.025672
5.42114, 5.84313, 0.423911, 0.0295521, 0.999072, -0.0273032
5.42287, 5.86249, 0.426621, -0.0308751, -0.997835, 0.0539618
5.42142, 5.83777, 0.426156, -0.029917, -0.99893, 0.0287107
5.42327, 5.84874, 0.421218, -0.0304367, -0.998969, 0.0247906
5.4222, 5.84621, 0.422855, 0.0253493, 0.998761, -0.0315899
5.42258, 5.84507, 0.423464, 0.0307473, 0.998586, -0.034604
5.42146, 5.84761, 0.42151, 0.0251077, 0.999287, -0.0168452
5.42177, 5.84149, 0.423332, -0.0268953, -0.999093, 0.0267067
5.42018, 5.84683, 0.425811, 0.0248871, 0.99903, -0.0295537
5.42307, 5.8482, 0.425143, 0.0250679, 0.999008, -0.0326214
5.42297, 5.84543, 0.420323, 0.0287554, 0.999163, -0.0244582
5.42222, 5.84214, 0.424595, 0.0273309, 0.999146, -0.0276275
5.42371, 5.84328, 0.421031, 0.0275378, 0.999016, -0.0282256
5.42024, 5.84544, 0.423148, -0.0312258, -0.999022, 0.0262541
5.42092, 5.84285, 0.423024, -0.0235149, -0.999226, 0.0277691
5.42054, 5.85295, 0.426612, 0.0296206, 0.998978, -0.0306986
5.4237, 5.85107, 0.422905, 0.0274378, 0.998525, -0.0396259
5.42263, 5.84703, 0.421549, -0.0249316, -0.998667, 0.0310426
5.42156, 5.8511, 0.423029, -0.0295462, -0.998991, 0.0289809
5.42118, 5.85013, 0.425619, -0.029835, -0.998919, 0.0319063
5.42307, 5.84424, 0.424676, -0.0297497, -0.999175, 0.0228594
5.42237, 5.84561, 0.425131, -0.0244174, -0.999113, 0.0281653
5.42157, 5.84464, 0.425825, 0.026874, 0.99897, -0.0291337
5.42237, 5.85662, 0.423528, -0.0226774, -0.999158, 0.0265019
5.42258, 5.84527, 0.420345, -0.0264236, -0.999358, 0.0164817
5.42195, 5.84667, 0.423438, -0.0238776, -0.999145, 0.0291063
5.42254, 5.84521, 0.422065, -0.0296449, -0.998895, 0.031347
5.42004, 5.83879, 0.423773, 0.029033, 0.99921, -0.0238514
5.42247, 5.84728, 0.426176, 0.0307583, 0.999033, -0.0261319
5.42211, 5.84134, 0.424237, -0.0260111, -0.999147, 0.0290251
5.42168, 5.84915, 0.42652, -0.0316461, -0.998479, 0.0421226
5.42176, 5.83904, 0.424294, -0.0254758, -0.99912, 0.0264313
5.42267, 5.84416, 0.425694, 0.0264132, 0.998815, -0.0315566
5.42364, 5.84225, 0.423115, 0.0264206, 0.999279, -0.0232046
5.42041, 5.84414, 0.424346, 0.0285455, 0.998944, -0.0295617
5.42298, 5.84511, 0.42072, 0.0233537, 0.99894, -0.0282332
5.42147, 5.84416, 0.423358, 0.0266193, 0.998794, -0.0333901
5.42111, 5.84367, 0.424082, 0.0296473, 0.998828, -0.0276883
5.42097, 5.8477, 0.421701, -0.0332747, -0.998568, 0.033553
5.42224, 5.85168, 0.421709, 0.0337643, 0.998893, -0.0271814
5.42207, 5.84533, 0.425252, 0.030145, 0.998787, -0.0339566
5.42313, 5.842, 0.422336, 0.0294467, 0.998793, -0.0318239
5.4207, 5.84761, 0.426583, 0.0317363, 0.999111, -0.0237639
5.42161, 5.84363, 0.422825, -0.0298646, -0.998976, 0.0298253
5.42249, 5.85223, 0.424004, 0.0301035, 0.99876, -0.034395
5.42234, 5.85239, 0.423604, 0.028369, 0.998806, -0.0351424
5.4228, 5.84787, 0.424947, 0.0262722, 0.998604, -0.0327338
5.42273, 5.84561, 0.420347, 0.0236043, 0.999071, -0.0262172
5.42252, 5.85095, 0.423389, 0.0276509, 0.998495, -0.0385248
5.42186, 5.85287, 0.422698, -0.0286732, -0.998864, 0.0329459
5.42308, 5.85266, 0.4234, -0.0350522, -0.998272, 0.0384978
5.42364, 5.85281, 0.422053, 0.0309706, 0.998804, -0.0301945
5.42171, 5.84608, 0.422559, 0.0278659, 0.998674, -0.0360006
5.41945, 5.84712, 0.428392, 0.0306755, 0.998695, -0.029739
5.42226, 5.84492, 0.421209, -0.0229245, -0.998934, 0.0350461
5.42265, 5.85066, 0.423631, 0.0271927, 0.99924, -0.0239295
5.42298, 5.84714, 0.420904, 0.0220396, 0.999147, -0.026416
5.42227, 5.84795, 0.421703, -0.0245272, -0.998967, 0.0266641
5.42241, 5.84534, 0.421917, 0.0252951, 0.999303, -0.025396
5.42236, 5.84128, 0.422467, 0.0234303, 0.999058, -0.030911
5.42246, 5.84978, 0.421704, -0.0277427, -0.998817, 0.0333578
5.42163, 5.84776, 0.422363, 0.0274176, 0.99906, -0.0202304
5.42198, 5.85069, 0.425716, -0.0281721, -0.998445, 0.0421368
5.42186, 5.83852, 0.422462, -0.0241731, -0.999199, 0.0137312
5.42306, 5.84187, 0.425243, -0.026739, -0.999266, 0.0242422
5.42299, 5.85133, 0.423917, 0.0297012, 0.998794, -0.0325114
5.42175, 5.84762, 0.424469, 0.0293349, 0.998987, -0.0299882
5.42244, 5.85002, 0.427244, -0.0321712, -0.998528, 0.0361308
5.42167, 5.85496, 0.420046, -0.0302982, -0.999031, 0.0223851
5.42402, 5.851, 0.42321, 0.0308646, 0.998751, -0.0343939
5.42281, 5.84073, 0.419312, 0.0255702, 0.999216, -0.023131
5.4214, 5.85245, 0.425471, 0.0282184, 0.998861, -0.0324405
5.42145, 5.84775, 0.424177, -0.0317239, -0.999001, 0.0254967
5.4203, 5.85092, 0.423373, 0.0287333, 0.998989, -0.0242416
5.42183, 5.83942, 0.425397, 0.0299515, 0.998957, -0.0255447
5.42182, 5.83902, 0.416908, 0.0177014, 0.999378, -0.0126275
5.42136, 5.84984, 0.424795, 0.0281455, 0.998698, -0.0371131
5.42361, 5.84965, 0.425505, -0.0286253, -0.998668, 0.0367254
5.42361, 5.84517, 0.422578, 0.0210952, 0.998911, -0.03224
5.42196, 5.84295, 0.422169, 0.0250881, 0.99868, -0.030984
5.42148, 5.8489, 0.423876, -0.0266338, -0.999126, 0.026113
5.42138, 5.84626, 0.420672, -0.0250297, -0.998898, 0.0290473
5.42254, 5.84761, 0.422065, -0.0273311, -0.998803, 0.0358527
5.42189, 5.85038, 0.425757, -0.0269019, -0.998713, 0.0388569
5.42363, 5.84268, 0.422475, 0.0264837, 0.998753, -0.0335675
5.42309, 5.84772, 0.423374, 0.0276448, 0.999007, -0.0250183
5.42195, 5.84357, 0.426601, -0.0308552, -0.998947, 0.029745
5.42317, 5.85436, 0.421544, 0.0253194, 0.99872, -0.0345601
5.42422, 5.84781, 0.421655, 0.0211151, 0.9988, -0.0375234
5.42075, 5.85212, 0.425109, 0.0253957, 0.998983, -0.0279111
5.42072, 5.84027, 0.423897, 0.0311448, 0.999289, -0.0111936
5.42144, 5.84256, 0.421681, 0.0268837, 0.999303, -0.02262
5.42163, 5.84032, 0.421133, 0.0325105, 0.999067, -0.0223483
5.4219, 5.84822, 0.423625, 0.0283994, 0.998768, -0.0330248
5.42281, 5.84465, 0.421436, -0.0322931, -0.998752, 0.0289541
5.42208, 5.85431, 0.422944, 0.0285579, 0.998428, -0.0419957
5.42269, 5.84867, 0.42403, -0.0242438, -0.998578, 0.038275
5.42212, 5.84261, 0.425488, -0.0317755, -0.998796, 0.0313752
5.42253, 5.85607, 0.422233, 0.0272753, 0.998568, -0.0339334
5.42093, 5.85569, 0.420565, 0.0283927, 0.998869, -0.0325415
5.42083, 5.84753, 0.429131, -0.0306857, -0.998765, 0.0354537
5.42226, 5.84754, 0.425244, 0.0223509, 0.998611, -0.040392
5.42219, 5.84963, 0.424062, 0.0327857, 0.998815, -0.0298075
5.42221, 5.84702, 0.420976, 0.027997, 0.998751, -0.0338358
5.42212, 5.84657, 0.42452, 0.0287136, 0.999074, -0.0274344
5.42044, 5.84093, 0.425415, -0.0322854, -0.999017, 0.0252599
5.42144, 5.84156, 0.427466, 0.0287442, 0.999212, -0.024762
5.42174, 5.84839, 0.422462, 0.02856, 0.998915, -0.0295946
5.42121, 5.84793, 0.427155, -0.0327943, -0.998741, 0.0311649
5.42008, 5.85284, 0.421971, 0.0272313, 0.999208, -0.0230851
5.42298, 5.8394, 0.426258, 0.0308749, 0.999084, -0.0243378
5.42214, 5.84061, 0.421931, 0.0284757, 0.998867, -0.0260188
5.42413, 5.8513, 0.421048, -0.0225096, -0.998596, 0.0405686
5.42177, 5.8419, 0.421898, 0.029764, 0.999012, -0.0283445
5.42374, 5.84999, 0.418924, -0.0282331, -0.999055, 0.0222828
5.42108, 5.84817, 0.42641, -0.0255903, -0.998979, 0.0293933
5.42267, 5.84386, 0.42196, -0.0288866, -0.998943, 0.031202
5.4211, 5.8447, 0.427001, 0.0283168, 0.998811, -0.0345886
5.42461, 5.84394, 0.419177, -0.0244131, -0.999279, 0.0263397
5.42158, 5.84381, 0.426145, 0.0267646, 0.99914, -0.0236556
5.42234, 5.85281, 0.422514, 0.0248469, 0.998859, -0.0337829
5.42126, 5.85181, 0.423992, 0.0294967, 0.999161, -0.0245692
5.42431, 5.8521, 0.420228, -0.026874, -0.999078, 0.0264268
5.42291, 5.85236, 0.423512, -0.0279184, -0.999042, 0.0281025
5.42257, 5.85335, 0.4251, -0.0275216, -0.999, 0.0275438
5.42339, 5.85464, 0.420601, -0.0297792, -0.998871, 0.0270429
5.42158, 5.85371, 0.424534, 0.0288759, 0.998935, -0.0326254
5.42047, 5.85019, 0.425232, -0.0281012, -0.999111, 0.0251357
5.42189, 5.84411, 0.423229, 0.0281087, 0.999137, -0.0265525
5.42131, 5.84433, 0.425712, -0.0325677, -0.998841, 0.0308801
5.42155, 5.84909, 0.426079, 0.0273192, 0.998906, -0.0325389
5.42242, 5.84198, 0.421446, 0.0261635, 0.998915, -0.0322679
5.42216, 5.84464, 0.421567, -0.0262916, -0.999, 0.0296804
5.42178, 5.84169, 0.422222, 0.0286128, 0.999105, -0.0285218
5.42197, 5.8497, 0.422438, 0.0246138, 0.99911, -0.0258002
5.42052, 5.85053, 0.42455, -0.0278083, -0.999251, 0.0200749
5.4214, 5.84311, 0.425137, 0.0310414, 0.999044, -0.026894
5.42329, 5.8438, 0.42047, 0.0302528, 0.998542, -0.0328712
5.4211, 5.84805, 0.425561, 0.0288172, 0.998994, -0.0314537
5.42412, 5.84537, 0.417993, 0.0198865, 0.998725, -0.0378666
5.42345, 5.84059, 0.424271, 0.0251446, 0.998868, -0.0250719
5.42031, 5.84509, 0.426928, -0.0354121, -0.998692, 0.0308786
5.42246, 5.84395, 0.421533, 0.0262717, 0.999046, -0.0273715
5.42137, 5.84787, 0.427159, -0.0277067, -0.998956, 0.0317429
5.42178, 5.85235, 0.427679, -0.0259788, -0.999065, 0.030472
5.42105, 5.85142, 0.422564, -0.0254976, -0.999097, 0.0226195
5.42171, 5.84011, 0.424027, -0.0247868, -0.999196, 0.0288695
5.4216, 5.84537, 0.42456, 0.0299178, 0.999079, -0.026184
5.42237, 5.84219, 0.422994, 0.0268272, 0.999179, -0.0244147
5.42212, 5.84916, 0.421665, 0.026967, 0.999015, -0.0265342
5.42122, 5.84097, 0.424882, 0.0277346, 0.998602, -0.0359135
5.42187, 5.84727, 0.423402, 0.0279863, 0.999094, -0.0211531
5.42156, 5.84098, 0.423667, -0.0346313, -0.999003, 0.0229842
5.42098, 5.85255, 0.426628, 0.0302047, 0.998625, -0.0388783
5.42202, 5.8533, 0.42232, 0.0239107, 0.999135, -0.0281847
5.4238, 5.84853, 0.423013, -0.028822, -0.999151, 0.0267412
5.42304, 5.84955, 0.423259, 0.0237648, 0.998641, -0.0379472
5.42305, 5.83515, 0.422572, 0.024731, 0.999467, -0.0191725
5.42271, 5.85783, 0.419829, 0.0296998, 0.998827, -0.0214229
5.42152, 5.83793, 0.424727, 0.0311373, 0.999121, -0.0238992
5.4234, 5.85654, 0.42497, -0.0304007, -0.998569, 0.036983
5.4219, 5.85049, 0.423006, 0.0287556, 0.998934, -0.0309794
5.42202, 5.8427, 0.427282, 0.0361558, 0.998634, -0.0326775
5.42268, 5.84624, 0.424222, -0.0248032, -0.999007, 0.0308586
5.42211, 5.84899, 0.426465, 0.0269162, 0.998865, -0.0305216
5.42196, 5.84733, 0.423593, 0.0263244, 0.999164, -0.0269735
5.42397, 5.84798, 0.422289, -0.0287999, -0.998562, 0.0354175
5.42154, 5.84819, 0.421387, -0.0285256, -0.99911, 0.0267482
5.42276, 5.84991, 0.423167, -0.0232886, -0.998921, 0.0307215
5.42268, 5.84759, 0.42502, 0.0262437, 0.998672, -0.0365579
5.42071, 5.85098, 0.423312, 0.0283939, 0.9987, -0.037086
5.42277, 5.84539, 0.422596, 0.0197922, 0.998787, -0.0379773
5.42223, 5.84739, 0.425236, -0.0276483, -0.99891, 0.0319343
5.42091, 5.84592, 0.423901, -0.0288803, -0.999087, 0.0269276
5.42215, 5.8483, 0.420371, 0.0309476, 0.998749, -0.0317311
5.42174, 5.839, 0.423734, 0.0243737, 0.99906, -0.0303595
5.42208, 5.8529, 0.424801, -0.0279035, -0.998853, 0.035407
5.42232, 5.84012, 0.423861, 0.0275194, 0.998964, -0.0317414
5.42191, 5.84806, 0.425051, -0.0262296, -0.999262, 0.0256761
5.42161, 5.8451, 0.420823, 0.0289076, 0.998909, -0.0278192
5.42275, 5.84958, 0.422888, -0.0235676, -0.998631, 0.0326745
5.42153, 5.84408, 0.423879, -0.0294174, -0.999105, 0.0237673
5.42286, 5.84421, 0.425269, -0.0294786, -0.998786, 0.0341734
5.4227, 5.84622, 0.423615, 0.0309676, 0.998777, -0.0287504
5.42294, 5.84761, 0.419872, -0.0285389, -0.998906, 0.0206179
5.42205, 5.84562, 0.421819, -0.0275953, -0.99903, 0.0294155
5.4208, 5.84518, 0.426174, 0.0287047, 0.998951, -0.0236933
5.42131, 5.84425, 0.423445, -0.0266449, -0.998572, 0.0405177
5.42298, 5.84288, 0.422317, 0.0214865, 0.998783, -0.0231508
5.42296, 5.85304, 0.42351, 0.0271927, 0.999062, -0.0293084
5.42211, 5.84655, 0.425684, -0.025059, -0.999147, 0.0297099
5.42023, 5.84541, 0.425134, 0.0304278, 0.998699, -0.0335958
5.42314, 5.84863, 0.421822, 0.0264518, 0.998957, -0.0302247
5.41927, 5.84993, 0.425289, -0.0280227, -0.999003, 0.0249376
5.42199, 5.84815, 0.423898, 0.0321888, 0.998734, -0.0292036
5.41946, 5.85126, 0.426928, 0.0284733, 0.998885, -0.0352717
5.42044, 5.83795, 0.425965, -0.0238695, -0.99908, 0.021572
5.42176, 5.85219, 0.427659, 0.0283643, 0.998755, -0.0332987
5.42133, 5.85054, 0.423814, -0.0319046, -0.998946, 0.0274486
5.42209, 5.84706, 0.423829, -0.0296208, -0.999075, 0.0274013
5.42205, 5.84881, 0.421946, -0.0296853, -0.999106, 0.027036
5.42136, 5.84612, 0.424771, -0.0325481, -0.998611, 0.0343663
5.42352, 5.85319, 0.423435, -0.0256608, -0.998835, 0.0343876
5.42196, 5.84256, 0.42589, 0.0284647, 0.99877, -0.0326537
5.422, 5.85314, 0.423915, 0.0354983, 0.998708, -0.0300298
5.42274, 5.84527, 0.424645, 0.027594, 0.998702, -0.0350677
5.42243, 5.85305, 0.424067, -0.027343, -0.998916, 0.0324813
5.42269, 5.8405, 0.422615, -0.0282869, -0.999104, 0.026435
5.42289, 5.84887, 0.421977, 0.028886, 0.999211, -0.0249624
5.42095, 5.84065, 0.422892, 0.0246453, 0.999192, -0.0229431
5.42218, 5.8461, 0.425904, -0.0287629, -0.998995, 0.0299891
5.42312, 5.84739, 0.424842, -0.0309009, -0.998577, 0.0363616
5.42252, 5.83638, 0.421619, 0.0298283, 0.999191, -0.0179366
5.42189, 5.84547, 0.419516, -0.0269069, -0.999249, 0.0168496
5.42363, 5.83976, 0.41913, 0.0269157, 0.99918, -0.0250692
5.42259, 5.84398, 0.42286, 0.0263157, 0.998842, -0.03252
5.42349, 5.84695, 0.424863, -0.0248519, -0.999051, 0.0271249
5.42146, 5.84155, 0.423547, -0.0232233, -0.998919, 0.0220671
5.4219, 5.84988, 0.423013, 0.0261206, 0.998985, -0.0262128
5.42064, 5.85089, 0.424094, -0.027829, -0.999, 0.0270982
5.42231, 5.84757, 0.421781, -0.0288757, -0.998883, 0.0298873
5.42163, 5.85135, 0.424785, -0.0272639, -0.998657, 0.0348043
5.42173, 5.84819, 0.4227, 0.0316807, 0.998874, -0.0269089
5.42208, 5.85148, 0.421927, 0.0277849, 0.998987, -0.0283254
5.42444, 5.84857, 0.423369, 0.0275559, 0.998957, -0.0307851
5.4207, 5.84894, 0.426966, 0.0261902, 0.998731, -0.034851
5.42188, 5.84852, 0.424457, 0.0255918, 0.999051, -0.0261558
5.42177, 5.85125, 0.418229, 0.0329875, 0.99873, -0.0317873
5.42244, 5.84612, 0.427182, -0.029438, -0.99879, 0.0323601
5.42149, 5.84922, 0.424952, 0.0296238, 0.998915, -0.0291426
5.4222, 5.85334, 0.424456, -0.0314451, -0.998393, 0.0407652
5.42173, 5.85035, 0.42265, -0.0329854, -0.998824, 0.0269934
5.42189, 5.84386, 0.424591, 0.0276811, 0.99865, -0.0351246
5.42298, 5.85594, 0.424578, 0.0259079, 0.999249, -0.0260837
5.42318, 5.84658, 0.424132, 0.0273398, 0.998356, -0.0420716
5.42124, 5.84602, 0.423083, -0.0321177, -0.998832, 0.0333236
5.42277, 5.84469, 0.425692, 0.0245195, 0.998879, -0.0363803
5.421, 5.85072, 0.424058, 0.0299915, 0.99911, -0.0276285
5.42072, 5.84724, 0.423411, 0.0311234, 0.998669, -0.02936
5.4212, 5.84577, 0.424101, -0.0312786, -0.99893, 0.0290214
5.42193, 5.84733, 0.422417, 0.0305551, 0.998651, -0.0340336
5.42318, 5.85433, 0.425862, 0.0209138, 0.998904, -0.0349478
5.42153, 5.84199, 0.424535, 0.028118, 0.999056, -0.0196393
5.42195, 5.84488, 0.424653, 0.0295946, 0.998897, -0.0307177
5.4214, 5.84775, 0.423858, -0.0263653, -0.999038, 0.0318434
5.42247, 5.85337, 0.425535, 0.0303081, 0.998205, -0.0435143
5.42183, 5.85202, 0.421731, 0.025112, 0.998776, -0.0374779
5.42373, 5.85943, 0.423948, -0.0248185, -0.998279, 0.0466852
5.42139, 5.84492, 0.422794, -0.0322583, -0.999172, 0.0179599
5.42249, 5.8486, 0.427228, -0.0287824, -0.998995, 0.0294003
5.42159, 5.84661, 0.423881, -0.0284725, -0.999105, 0.0262711
5.42019, 5.85136, 0.423011, -0.0318106, -0.998848, 0.0267813
5.42183, 5.84241, 0.422572, 0.0273606, 0.99899, -0.0169831
5.42167, 5.84227, 0.424216, -0.0260851, -0.999065, 0.0233121
5.42172, 5.85556, 0.423176, 0.0266377, 0.99882, -0.027363
5.42047, 5.84134, 0.424486, 0.0274031, 0.99927, -0.0223314
5.42039, 5.84516, 0.42282, -0.0301991, -0.999259, 0.0202509
5.42262, 5.83853, 0.423901, -0.0284633, -0.998991, 0.0279974
5.4219, 5.85262, 0.429097, 0.0300253, 0.998571, -0.0327435
5.42289, 5.84676, 0.419808, -0.0292626, -0.99911, 0.0253318
5.42332, 5.84592, 0.420661, 0.0280918, 0.999197, -0.0209082
5.42142, 5.85116, 0.426064, -0.0340201, -0.998579, 0.0350297
5.42293, 5.84766, 0.422681, 0.0242684, 0.998869, -0.0333145
5.42073, 5.84171, 0.423327, 0.0255727, 0.999064, -0.0242456
5.42334, 5.85089, 0.422592, 0.031145, 0.99864, -0.0333143
5.42158, 5.84945, 0.425283, 0.032618, 0.998666, -0.0300186
5.42196, 5.84768, 0.424023, 0.0253661, 0.999207, -0.0233546
5.42215, 5.84759, 0.42176, 0.0260888, 0.999424, -0.0152941
5.4219, 5.85372, 0.424205, -0.0266144, -0.999028, 0.0274053
5.42092, 5.84921, 0.423011, 0.0283392, 0.999135, -0.0205728
5.42341, 5.84064, 0.421548, 0.0230987, 0.999309, -0.024268
5.4235, 5.85103, 0.425286, -0.0249022, -0.998865, 0.0345424
5.42185, 5.84777, 0.427459, 0.0320209, 0.998694, -0.0370213
5.42076, 5.85021, 0.424932, -0.0265932, -0.999074, 0.0270187
5.42378, 5.84951, 0.422667, -0.0240296, -0.998922, 0.0324475
5.42288, 5.84219, 0.423265, 0.0289394, 0.999001, -0.0303319
5.4224, 5.84895, 0.427832, 0.0303193, 0.998634, -0.0360734
5.42194, 5.85162, 0.42357, -0.0287954, -0.998705, 0.0343979
5.42037, 5.84595, 0.42615, -0.0250411, -0.998815, 0.0343614
5.42053, 5.84645, 0.427006, 0.02407, 0.999399, -0.021222
5.42328, 5.84496, 0.423275, -0.0257446, -0.998895, 0.0329451
5.42194, 5.85188, 0.421876, 0.0193367, 0.998935, -0.0363502
5.42107, 5.84633, 0.420298, 0.026528, 0.998979, -0.0298064
5.42149, 5.85122, 0.425611, -0.0291139, -0.99864, 0.0378691
5.42194, 5.8413, 0.424832, 0.0279911, 0.999046, -0.026895
5.42107, 5.85139, 0.425346, -0.0321709, -0.998815, 0.0282628
5.42246, 5.84355, 0.421443, -0.0253269, -0.999133, 0.0238499
5.42237, 5.84491, 0.424696, 0.0267926, 0.998878, -0.0321158
5.4217, 5.84316, 0.421544, 0.0269438, 0.998879, -0.0310341
5.42289, 5.85025, 0.42493, 0.023369, 0.998694, -0.0406554
5.42199, 5.84674, 0.420512, 0.0239521, 0.999223, -0.0210476
5.4228, 5.84966, 0.426084, -0.0278223, -0.998803, 0.0356557
5.42301, 5.84823, 0.426904, 0.0285021, 0.998837, -0.0347498
5.423, 5.84385, 0.423285, 0.0290747, 0.998968, -0.0286196
5.42058, 5.84939, 0.422922, -0.0259363, -0.999033, 0.027817
5.42422, 5.84381, 0.42073, -0.0236199, -0.998799, 0.0335398
5.42111, 5.84784, 0.424405, -0.0289983, -0.999133, 0.024754
5.42193, 5.85588, 0.424232, 0.0294858, 0.998741, -0.0315531
5.4222, 5.84274, 0.421351, -0.0268886, -0.999208, 0.0239499
5.42086, 5.8446, 0.422168, 0.0274359, 0.999058, -0.0259126
5.42017, 5.83835, 0.425316, 0.0266204, 0.998995, -0.0244695
5.42294, 5.84498, 0.425677, -0.0323056, -0.998968, 0.027276
5.42175, 5.85089, 0.426681, -0.0301022, -0.998922, 0.0300089
5.42145, 5.85146, 0.425015, 0.030005, 0.999075, -0.0230701
5.42153, 5.84666, 0.423276, 0.0301595, 0.999044, -0.0252403
5.42327, 5.84192, 0.421528, 0.0282855, 0.999042, -0.0295403
5.4209, 5.84696, 0.42438, -0.0299631, -0.998791, 0.0253055
5.42118, 5.85129, 0.424058, -0.029575, -0.998901, 0.0292184
5.4217, 5.84519, 0.425373, -0.0254399, -0.998779, 0.0362571
5.42273, 5.84728, 0.423102, -0.0276348, -0.998835, 0.0337461
5.42317, 5.84464, 0.423375, 0.0277074, 0.998969, -0.0232846
5.4223, 5.84663, 0.421644, 0.0245746, 0.999235, -0.0251062
5.42209, 5.84517, 0.423862, -0.0226453, -0.998979, 0.0330138
5.4205, 5.84807, 0.427372, -0.0362849, -0.998495, 0.0334939
5.42239, 5.84128, 0.422838, 0.0270371, 0.999104, -0.0266395
5.42256, 5.84565, 0.423564, 0.0250203, 0.999186, -0.0235334
5.42221, 5.84952, 0.423969, -0.0292629, -0.998777, 0.0301343
5.42156, 5.84853, 0.425354, -0.029158, -0.999033, 0.0287152
5.42189, 5.84054, 0.424765, -0.0300147, -0.999005, 0.0284588
5.42143, 5.85783, 0.426655, -0.0318646, -0.998863, 0.0311847
5.42204, 5.85417, 0.426294, 0.0324073, 0.998707, -0.0336395
5.42265, 5.84682, 0.423393, 0.0275705, 0.99903, -0.0305044
5.42057, 5.84937, 0.428267, 0.027309, 0.999048, -0.0279325
5.42117, 5.84771, 0.423838, 0.0294443, 0.998971, -0.0298565
5.42188, 5.84519, 0.423069, -0.0257662, -0.99917, 0.0206811
5.4228, 5.84748, 0.425079, 0.0293546, 0.99881, -0.0337304
5.42097, 5.84227, 0.421235, -0.0234753, -0.9993, 0.0257885
5.42238, 5.84521, 0.422015, -0.0224273, -0.999037, 0.0276829
5.4227, 5.85576, 0.423388, 0.0296644, 0.998412, -0.040304
5.42213, 5.84354, 0.427884, -0.0352098, -0.998811, 0.0264833
5.42265, 5.85001, 0.424154, 0.0309214, 0.998596, -0.0312637
5.42102, 5.84325, 0.425648, 0.0299942, 0.998657, -0.0368823
5.42193, 5.8539, 0.42571, 0.0267978, 0.998979, -0.0305622
5.42184, 5.84213, 0.418907, 0.0236922, 0.999358, -0.0194695
5.42224, 5.84866, 0.426136, 0.0317502, 0.999013, -0.0235115
5.42276, 5.84841, 0.423129, -0.0234042, -0.999104, 0.0303792
5.42148, 5.85018, 0.4253, 0.0294821, 0.99875, -0.0355033
5.4217, 5.85367, 0.423074, -0.0289973, -0.998587, 0.0347983
5.42372, 5.8572, 0.423904, 0.0247787, 0.998854, -0.0354868
5.42232, 5.84257, 0.421856, 0.026021, 0.999251, -0.0243982
5.42256, 5.84204, 0.42224, 0.0254031, 0.999101, -0.0274303
5.42313, 5.85043, 0.42291, 0.0277393, 0.998787, -0.034434
5.42096, 5.84458, 0.42381, 0.0257404, 0.999217, -0.0282008
5.4229, 5.84048, 0.421995, 0.0255644, 0.999161, -0.0242981
5.42264, 5.84962, 0.423997, -0.0247553, -0.99913, 0.0257287
5.42295, 5.84266, 0.422618, -0.0288812, -0.998854, 0.0299883
5.42236, 5.84536, 0.423597, 0.0288637, 0.998903, -0.0318555
5.42239, 5.84219, 0.422975, 0.026072, 0.998929, -0.0313087
5.42142, 5.84421, 0.42342, 0.0337966, 0.998959, -0.0186386
5.42365, 5.84835, 0.419242, 0.0239271, 0.999345, -0.0169324
5.42171, 5.84506, 0.422046, -0.0324265, -0.998923, 0.0272333
5.42212, 5.84067, 0.427088, -0.0296126, -0.999154, 0.0256392
5.42162, 5.8444, 0.422149, 0.0298667, 0.998603, -0.0374046
5.42282, 5.84144, 0.423645, -0.0266299, -0.998959, 0.0305595
5.42169, 5.845, 0.42218, 0.0309456, 0.999207, -0.0190712
5.42303, 5.84909, 0.42764, 0.0273578, 0.999083, -0.0292455
5.42245, 5.85159, 0.423859, -0.0291415, -0.998899, 0.0315546
5.42228, 5.85295, 0.422897, 0.029024, 0.998841, -0.0300703
5.42179, 5.84496, 0.427066, -0.0279144, -0.999164, 0.0269779
5.42074, 5.84992, 0.421219, -0.0283173, -0.998627, 0.0363137
5.42204, 5.84439, 0.422994, -0.0250483, -0.999025, 0.0320598
5.42194, 5.84437, 0.42128, 0.021384, 0.998959, -0.035254
5.42131, 5.84894, 0.423297, -0.0266168, -0.998882, 0.030029
5.42189, 5.83855, 0.424411, 0.0287645, 0.999089, -0.0291297
5.42233, 5.8409, 0.428152, -0.032258, -0.999046, 0.0237105
5.42086, 5.84695, 0.420581, 0.0300483, 0.999273, -0.0194945
5.42054, 5.84796, 0.424735, 0.0295524, 0.998971, -0.0265261
5.42175, 5.84205, 0.424459, -0.02901, -0.999146, 0.0258409
5.42299, 5.8523, 0.421925, -0.0187159, -0.999225, 0.0250843
5.42189, 5.85766, 0.427412, 0.0269643, 0.998825, -0.0321974
5.42147, 5.8458, 0.423944, -0.0289242, -0.999181, 0.0237304
5.42225, 5.85603, 0.424915, 0.0303779, 0.998992, -0.0287528
5.42013, 5.84372, 0.420554, 0.0261978, 0.999111, -0.0274032
5.42174, 5.85458, 0.425802, -0.0303797, -0.998722, 0.035831
5.42272, 5.84759, 0.419521, 0.0282911, 0.999278, -0.0169237
5.42359, 5.84546, 0.421461, -0.0246591, -0.998838, 0.0356459
5.42166, 5.84434, 0.422264, -0.0254606, -0.99911, 0.0254095
5.42293, 5.85169, 0.422094, -0.0248044, -0.999139, 0.0277461
5.42161, 5.84496, 0.425007, -0.0285572, -0.999074, 0.0264839
5.42284, 5.85322, 0.421184, -0.0264877, -0.999107, 0.0280953
5.42143, 5.85196, 0.425016, -0.0254617, -0.998856, 0.0296859
5.42224, 5.84397, 0.422229, -0.0336166, -0.998834, 0.0285348
5.42144, 5.84385, 0.423471, -0.0261097, -0.999214, 0.0236335
5.42015, 5.85001, 0.428165, -0.0298067, -0.998605, 0.0380458
5.42243, 5.84752, 0.423179, -0.0307418, -0.998814, 0.0303195
5.42296, 5.84649, 0.422802, 0.0257452, 0.999138, -0.0244876
5.42211, 5.8434, 0.423048, -0.0271865, -0.998863, 0.0326967
5.42394, 5.84865, 0.423752, 0.0303096, 0.998727, -0.0331068
5.42119, 5.84732, 0.423974, -0.0232823, -0.999389, 0.022383
5.42236, 5.84842, 0.420563, -0.0241175, -0.998772, 0.0348474
5.42307, 5.8447, 0.425961, 0.0263897, 0.998722, -0.036654
5.42135, 5.84216, 0.423843, 0.0269537, 0.9991, -0.0282265
5.42332, 5.84544, 0.421021, 0.0267359, 0.998833, -0.0325043
5.42094, 5.85486, 0.421494, 0.0308085, 0.998914, -0.0235703
5.42191, 5.84096, 0.423688, 0.0269127, 0.999023, -0.029694
5.42141, 5.8447, 0.422256, -0.0237638, -0.999165, 0.0249748
5.42289, 5.84468, 0.425153, -0.0250143, -0.999125, 0.0296105
5.42089, 5.84513, 0.42472, -0.0315461, -0.998904, 0.028479
5.4212, 5.84967, 0.422821, 0.0236896, 0.998778, -0.0279706
5.42288, 5.83849, 0.423353, 0.0285658, 0.999076, -0.0200896
5.42145, 5.84179, 0.422698, -0.0291575, -0.999114, 0.0200033
5.42267, 5.84577, 0.425599, 0.0253816, 0.998995, -0.0300978
5.42121, 5.8535, 0.422911, 0.0288229, 0.998648, -0.0336024
5.42139, 5.84755, 0.4226, -0.0281518, -0.999207, 0.0254994
5.42182, 5.83916, 0.42357, 0.0282551, 0.999276, -0.0196366
5.41909, 5.84836, 0.424816, -0.0283192, -0.999004, 0.0244337
5.42062, 5.84435, 0.421983, -0.0318389, -0.998737, 0.0310126
5.42303, 5.84836, 0.423005, 0.0317591, 0.998911, -0.0300289
5.42202, 5.84947, 0.425081, 0.0283446, 0.998932, -0.029612
5.42139, 5.84647, 0.427928, -0.0295643, -0.998683, 0.0295308
5.42294, 5.84819, 0.423769, -0.0259369, -0.999146, 0.0267974
5.42074, 5.84152, 0.425155, -0.0273587, -0.999403, 0.0189894
5.42248, 5.84716, 0.419853, -0.0232824, -0.999292, 0.0236958
5.42308, 5.83791, 0.423983, 0.0244375, 0.999453, -0.0159626
5.42155, 5.84169, 0.424859, 0.0283155, 0.999165, -0.023434
5.4229, 5.84798, 0.420941, 0.0268691, 0.999156, -0.0230741
5.4232, 5.84593, 0.422878, -0.0214146, -0.999225, 0.0295648
5.42218, 5.84845, 0.423855, -0.0249222, -0.999169, 0.0264323
5.42169, 5.84003, 0.422029, -0.027784, -0.999106, 0.0241147
5.42123, 5.8425, 0.424985, -0.0290671, -0.999066, 0.0271486
5.42207, 5.84869, 0.423839, 0.0288546, 0.998626, -0.0390225
5.42058, 5.84822, 0.422244, 0.0290711, 0.999209, -0.0223259
5.42247, 5.8392, 0.423933, -0.0297845, -0.998954, 0.029398
5.4216, 5.84919, 0.42767, -0.0308189, -0.998724, 0.0345399
5.42187, 5.8534, 0.423693, 0.0293747, 0.998835, -0.0318348
5.42069, 5.84545, 0.423088, -0.0272719, -0.999002, 0.0287519
5.42016, 5.84009, 0.424736, -0.0263708, -0.999107, 0.0207766
5.42269, 5.84167, 0.424824, -0.0236271, -0.998967, 0.0337705
5.41946, 5.85016, 0.423226, 0.0313604, 0.998923, -0.0272886
5.42188, 5.85118, 0.425973, 0.033934, 0.998764, -0.0274463
5.41949, 5.84543, 0.423588, 0.0274458, 0.999173, -0.0249543
5.42009, 5.85717, 0.422068, -0.0342719, -0.998269, 0.0312426
5.42239, 5.84119, 0.422839, -0.0277176, -0.998996, 0.0307889
5.4212, 5.84257, 0.424268, 0.0297848, 0.998964, -0.0294563
5.42286, 5.84836, 0.423961, 0.0295294, 0.999109, -0.0266289
5.42252, 5.8452, 0.422829, -0.029476, -0.998782, 0.0326241
5.42244, 5.85169, 0.422161, -0.0312734, -0.99889, 0.0309433
5.41949, 5.84798, 0.423514, 0.0251656, 0.998768, -0.0359191
5.42204, 5.84712, 0.423921, -0.0273713, -0.998971, 0.0286491
5.42366, 5.84055, 0.421735, 0.029149, 0.999109, -0.0218245
5.42252, 5.85633, 0.423937, -0.0261181, -0.999031, 0.0269057
5.42132, 5.83366, 0.421441, -0.0254561, -0.999212, 0.00406472
5.42362, 5.84836, 0.424742, -0.0295421, -0.998902, 0.0307502
5.42269, 5.85075, 0.424663, -0.03795, -0.997956, 0.0395794
5.42128, 5.84136, 0.421399, -0.0281249, -0.998973, 0.0295871
5.42254, 5.85385, 0.421987, 0.026139, 0.998727, -0.0391139
5.42256, 5.85034, 0.426139, 0.0316952, 0.998848, -0.0301946
5.42262, 5.84572, 0.424088, 0.0267811, 0.999224, -0.0221209
5.41938, 5.84647, 0.421693, -0.0274625, -0.999009, 0.0281533
5.42259, 5.83897, 0.420924, 0.0289639, 0.999129, -0.0266298
5.42143, 5.84113, 0.426037, -0.0322257, -0.998699, 0.0339665
5.4216, 5.8457, 0.423257, -0.027669, -0.998621, 0.0361343
5.42189, 5.8468, 0.423723, 0.0182488, 0.998956, -0.0359602
5.42137, 5.841, 0.42503, 0.0245592, 0.998918, -0.0301126
5.42082, 5.84278, 0.424606, 0.030896, 0.999071, -0.0244587
5.42298, 5.84456, 0.422493, 0.0270379, 0.999138, -0.0268194
5.42245, 5.85229, 0.425847, -0.0268607, -0.998996, 0.0317263
5.42215, 5.84668, 0.425215, 0.031944, 0.998735, -0.0306193
5.4216, 5.84478, 0.422573, 0.0228593, 0.999131, -0.0289764
5.42244, 5.8381, 0.424319, 0.0258464, 0.99915, -0.0226546
5.4242, 5.8403, 0.421247, -0.0209882, -0.999139, 0.0265587
5.42311, 5.849, 0.420312, -0.0218247, -0.999233, 0.0258484
5.42145, 5.8468, 0.422558, 0.0250044, 0.999039, -0.0269582
5.42108, 5.84435, 0.42346, 0.0301147, 0.998758, -0.0339707
5.42289, 5.85653, 0.424196, -0.0300138, -0.998857, 0.02806
5.42116, 5.8435, 0.425907, -0.0272682, -0.999282, 0.0168479
5.42257, 5.85286, 0.420478, -0.0276428, -0.998639, 0.0342469
5.42284, 5.84744, 0.4273, 0.0348483, 0.9984, -0.0404235
5.42231, 5.85246, 0.424243, 0.0301147, 0.999024, -0.0240819
5.42239, 5.84575, 0.424003, 0.0255522, 0.998809, -0.0320636
5.42344, 5.84337, 0.419794, -0.0318161, -0.998841, 0.0268115
5.42269, 5.84533, 0.423959, 0.0225845, 0.999159, -0.0267376
5.42243, 5.85401, 0.420135, -0.0248166, -0.999129, 0.029743
5.42174, 5.85061, 0.424499, 0.0306188, 0.998558, -0.0331459
5.42361, 5.84019, 0.423712, -0.0212984, -0.999292, 0.0262102
5.4213, 5.85086, 0.422831, -0.0277587, -0.998726, 0.0302197
5.42342, 5.85368, 0.421355, 0.0251087, 0.999134, -0.0250308
5.42209, 5.83952, 0.422723, 0.0295097, 0.999159, -0.0241245
5.42188, 5.85066, 0.42438, -0.0328191, -0.998225, 0.0399263
5.42164, 5.84989, 0.425991, -0.0266075, -0.99899, 0.0308999
5.42252, 5.84718, 0.425613, -0.0247262, -0.998975, 0.0341937
5.422, 5.85235, 0.422732, 0.0255616, 0.999215, -0.0266846
5.42289, 5.84445, 0.425314, -0.025818, -0.998982, 0.0312753
5.42153, 5.83952, 0.424753, 0.0281191, 0.999228, -0.0250021
5.42197, 5.84691, 0.428059, 0.026093, 0.999239, -0.0253688
5.42318, 5.84864, 0.421029, -0.027516, -0.998994, 0.0308848
5.42191, 5.84461, 0.423343, 0.0329857, 0.998786, -0.0281572
5.42191, 5.84523, 0.42483, 0.0287297, 0.998915, -0.0334781
5.42273, 5.86354, 0.41922, 0.0297521, 0.998535, -0.0354765
5.42256, 5.84808, 0.423849, 0.0257659, 0.999111, -0.029454
5.42261, 5.84274, 0.422539, -0.0222933, -0.999259, 0.0276371
5.42266, 5.83878, 0.42501, -0.0223595, -0.999374, 0.0164754
5.4222, 5.8502, 0.423403, 0.0242344, 0.999158, -0.0303133
5.42179, 5.84231, 0.422045, 0.0283079, 0.999155, -0.0233452
5.42159, 5.85302, 0.426129, 0.0267573, 0.998888, -0.0335903
5.42206, 5.84769, 0.424621, -0.0303933, -0.99868, 0.0352375
5.42186, 5.8527, 0.427853, -0.031503, -0.998846, 0.0320071
5.4233, 5.853, 0.422921, -0.0259108, -0.998856, 0.0329834
5.4231, 5.85219, 0.421216, -0.0177825, -0.998958, 0.0299039
5.42133, 5.85212, 0.423465, -0.0242395, -0.999041, 0.0243454
5.42202, 5.84452, 0.421903, 0.0275094, 0.998993, -0.0295136
5.42132, 5.84535, 0.424594, 0.0257594, 0.998953, -0.0306775
5.42038, 5.84828, 0.423273, -0.0303993, -0.998523, 0.0372503
5.42217, 5.84129, 0.427045, 0.030489, 0.998971, -0.0282545
5.42269, 5.84078, 0.422854, -0.024861, -0.999204, 0.0246238
5.4233, 5.84513, 0.426102, 0.0303578, 0.998904, -0.0299066
5.42318, 5.84812, 0.422683, 0.0325881, 0.998483, -0.0376625
5.42111, 5.83858, 0.426083, 0.0284053, 0.99905, -0.0284348
5.42325, 5.84856, 0.421729, 0.0236778, 0.999189, -0.028471
5.42204, 5.83834, 0.426009, -0.0271002, -0.999067, 0.0279444
5.4209, 5.84753, 0.425653, 0.0276909, 0.99916, -0.0244727
5.42191, 5.84805, 0.423789, 0.0268903, 0.998877, -0.0304263
5.42212, 5.8415, 0.425367, 0.0318376, 0.998635, -0.0344394
5.42356, 5.8436, 0.4232, 0.0275929, 0.998991, -0.02765
5.42037, 5.84728, 0.423605, 0.0279841, 0.999125, -0.0202648
5.42279, 5.84934, 0.42344, -0.0304549, -0.998482, 0.0384765
5.42252, 5.85101, 0.423858, -0.0260919, -0.998901, 0.0327172
5.42175, 5.83494, 0.424928, 0.0206094, 0.999435, -0.019183
5.42175, 5.84458, 0.418982, -0.0287088, -0.999067, 0.0245401
5.42253, 5.85473, 0.423669, -0.0248861, -0.999093, 0.0303283
5.42288, 5.85023, 0.422194, -0.0275919, -0.998688, 0.0379375
5.42063, 5.8476, 0.426132, 0.0263995, 0.99894, -0.0331368
5.42153, 5.85186, 0.423852, -0.0254668, -0.999217, 0.0238341
5.42237, 5.84024, 0.424089, -0.0291881, -0.998936, 0.0295497
5.42333, 5.84381, 0.423809, -0.0276131, -0.999022, 0.0258952
5.42314, 5.84396, 0.424997, -0.0283895, -0.9987, 0.0335087
5.42225, 5.84257, 0.42502, 0.0313749, 0.998911, -0.0284779
5.42121, 5.85057, 0.426134, 0.0297432, 0.999138, -0.0260837
5.42078, 5.84815, 0.423673, 0.0235324, 0.999266, -0.0224618
5.42247, 5.84263, 0.423429, 0.0297419, 0.998846, -0.0261058
5.42239, 5.84668, 0.422506, 0.0277922, 0.999165, -0.0258608
5.4223, 5.84227, 0.423281, 0.0228486, 0.999329, -0.0203652
5.42035, 5.8455, 0.430002, -0.0287555, -0.99879, 0.0353978
5.42243, 5.84464, 0.421434, 0.0246469, 0.999409, -0.0194013
5.42357, 5.84875, 0.423413, -0.0309251, -0.998955, 0.0291126
5.42151, 5.84224, 0.420968, 0.0272024, 0.999278, -0.0233379
5.4229, 5.84928, 0.420533, -0.0240881, -0.999019, 0.0300062
5.42201, 5.85144, 0.421699, -0.0310538, -0.998776, 0.0352034
5.42231, 5.84442, 0.423687, 0.025545, 0.999102, -0.0227182
5.42323, 5.85629, 0.42151, -0.0256418, -0.998385, 0.0447291
5.42085, 5.84986, 0.428909, 0.0306231, 0.999104, -0.0265031
5.42363, 5.84633, 0.421458, -0.0234415, -0.999047, 0.0307296
5.4211, 5.83872, 0.421166, -0.0267664, -0.999292, 0.0145347
5.42226, 5.85117, 0.422677, 0.0264686, 0.998263, -0.0440575
5.42268, 5.84039, 0.425425, 0.0290547, 0.999045, -0.0255722
5.42044, 5.84052, 0.426768, 0.0239248, 0.999048, -0.0302836
5.42226, 5.8537, 0.424285, 0.0223619, 0.998838, -0.038493
5.42273, 5.85295, 0.421825, 0.0226564, 0.9991, -0.0237722
5.42157, 5.84811, 0.423514, 0.0285223, 0.998781, -0.0363662
5.42122, 5.84584, 0.423657, 0.0289317, 0.998976, -0.029598
5.42234, 5.84501, 0.419711, -0.0240163, -0.998701, 0.0355626
5.42289, 5.8427, 0.422306, 0.0291896, 0.999221, -0.0212641
5.42142, 5.84198, 0.424569, -0.0252329, -0.998771, 0.0389322
5.42183, 5.84587, 0.42575, -0.0246626, -0.999107, 0.0309546
5.42213, 5.84403, 0.424202, -0.0294283, -0.999083, 0.0288348
5.42271, 5.85357, 0.42334, -0.0263654, -0.998649, 0.0386111
5.42017, 5.84228, 0.425321, -0.0261984, -0.998937, 0.0347101
5.42199, 5.8429, 0.422123, 0.0284207, 0.999238, -0.0229895
5.42132, 5.84967, 0.421641, 0.0267103, 0.999082, -0.0273265
5.42193, 5.84785, 0.421693, -0.0291166, -0.998871, 0.0293352
5.42248, 5.85171, 0.422375, -0.0294093, -0.999025, 0.025758
5.4209, 5.85225, 0.425838, 0.0260031, 0.998581, -0.0407922
5.4228, 5.84908, 0.421981, 0.0277662, 0.999038, -0.0276837
5.42419, 5.84313, 0.420089, 0.0226574, 0.999285, -0.0222523
5.42246, 5.845, 0.419923, 0.0217369, 0.999355, -0.0206251
5.42369, 5.84181, 0.422439, 0.0315129, 0.998953, -0.0248133
5.42189, 5.84249, 0.42352, -0.0238193, -0.999181, 0.0217139
5.42018, 5.83786, 0.422128, 0.0225483, 0.999337, -0.0115183
5.42321, 5.85164, 0.420062, -0.0320073, -0.998466, 0.0378634
5.42172, 5.84054, 0.426514, -0.0268283, -0.999385, 0.0181343
5.42153, 5.84698, 0.424713, -0.0306645, -0.998827, 0.0328796
5.42279, 5.84723, 0.420207, 0.0221194, 0.999174, -0.026505
5.42137, 5.84692, 0.425979, -0.0299365, -0.998565, 0.0391134
5.42138, 5.84891, 0.424918, -0.0288544, -0.999089, 0.0164476
5.42197, 5.8432, 0.419761, -0.0274767, -0.998738, 0.0370544
5.42366, 5.84827, 0.424202, -0.0237695, -0.999077, 0.0265174
5.42163, 5.84543, 0.422482, -0.0270196, -0.999068, 0.0315981
5.42203, 5.85421, 0.420646, -0.0301783, -0.998734, 0.031307
5.42244, 5.85659, 0.423407, -0.0282113, -0.998989, 0.0301232
5.42212, 5.83771, 0.422906, 0.0275581, 0.999228, -0.0226703
5.42331, 5.85001, 0.419494, 0.0257836, 0.998927, -0.0326123
5.42358, 5.84428, 0.423724, 0.0281574, 0.998978, -0.0262407
5.42228, 5.85317, 0.423158, -0.0315836, -0.998815, 0.0313574
5.42104, 5.84691, 0.425992, 0.0260217, 0.99923, -0.0273552
5.42345, 5.84852, 0.418717, 0.0295627, 0.998643, -0.0347712
5.42145, 5.8503, 0.423733, 0.031576, 0.998474, -0.0375701
5.42113, 5.83992, 0.423297, -0.0283139, -0.999066, 0.023959
5.42245, 5.843, 0.423955, -0.0295285, -0.999142, 0.0258567
5.42128, 5.84427, 0.42713, -0.0262102, -0.99884, 0.0309636
5.42187, 5.84684, 0.425247, -0.0340493, -0.998841, 0.0248264
5.4221, 5.84731, 0.422942, -0.0262077, -0.99882, 0.0355632
5.42027, 5.84256, 0.426024, 0.029176, 0.998732, -0.0371656
5.42212, 5.84699, 0.423954, 0.0264775, 0.999146, -0.0255065
5.42351, 5.84621, 0.420921, -0.029297, -0.999093, 0.0221038
5.42018, 5.8494, 0.422872, -0.0260375, -0.99923, 0.0221386
5.42144, 5.84935, 0.424446, -0.0312363, -0.998381, 0.0397081
5.42193, 5.84831, 0.424204, -0.0250802, -0.998932, 0.0323148
5.42209, 5.84729, 0.426763, -0.0276655, -0.999293, 0.0223165
5.42341, 5.85716, 0.422078, 0.0258024, 0.998789, -0.0355815
5.42123, 5.84252, 0.424871, 0.0285176, 0.999282, -0.0219838
5.42304, 5.85101, 0.419081, 0.0263052, 0.998878, -0.027296
5.42317, 5.84079, 0.423276, 0.0288801, 0.999181, -0.0193788
5.42263, 5.84485, 0.424555, 0.0251263, 0.998772, -0.0347333
5.42097, 5.84282, 0.428592, 0.0271353, 0.999243, -0.0259827
5.42126, 5.84405, 0.424455, -0.0303434, -0.999078, 0.0211624
5.42033, 5.84742, 0.424317, 0.025636, 0.999002, -0.0301187
5.41916, 5.84753, 0.426112, 0.0335639, 0.998884, -0.0279554
5.42231, 5.84703, 0.423311, 0.0305355, 0.998775, -0.0299253
5.42227, 5.84544, 0.42629, -0.0316513, -0.998861, 0.0276562
5.42121, 5.84652, 0.424765, -0.0310558, -0.998538, 0.0322894
5.42225, 5.85171, 0.423351, -0.0278746, -0.999118, 0.026019
5.42201, 5.84681, 0.424407, -0.0280339, -0.998885, 0.0326648
5.42207, 5.84833, 0.425211, -0.0315066, -0.999109, 0.0255169
5.42097, 5.84373, 0.422799, -0.0295024, -0.999072, 0.0253373
5.42131, 5.85081, 0.426422, 0.0288209, 0.99847, -0.038729
5.42213, 5.85135, 0.425556, -0.0320191, -0.998938, 0.0276465
5.42165, 5.84207, 0.423062, 0.0277692, 0.999117, -0.0260988
5.42359, 5.85431, 0.422129, 0.0255117, 0.998609, -0.037794
5.42188, 5.85032, 0.423259, -0.0241031, -0.999172, 0.0276403
5.42323, 5.84187, 0.42147, -0.0273232, -0.998991, 0.0274317
5.42257, 5.8451, 0.425246, -0.0233707, -0.99925, 0.0246527
5.42205, 5.84539, 0.425, 0.0292817, 0.999025, -0.0284012
5.42294, 5.84544, 0.422395, 0.0265008, 0.999297, -0.0233875
5.42187, 5.84232, 0.424465, 0.0249601, 0.999309, -0.0240618
5.42155, 5.84388, 0.42126, -0.0244414, -0.99885, 0.030586
5.42265, 5.84008, 0.424748, -0.0281724, -0.999123, 0.024337
5.42021, 5.83849, 0.424817, 0.0276458, 0.999198, -0.0227596
5.42124, 5.84502, 0.421, 0.0295279, 0.999073, -0.0170896
5.42115, 5.84784, 0.425839, -0.029997, -0.998923, 0.0316286
5.4235, 5.85996, 0.425255, -0.0288458, -0.998462, 0.0412911
5.4215, 5.85062, 0.424624, 0.0310484, 0.998929, -0.0306936
5.42359, 5.84726, 0.423188, 0.0253693, 0.999202, -0.0263134
5.4242, 5.83933, 0.421173, 0.0283325, 0.999187, -0.0212076
5.42211, 5.85098, 0.423465, 0.0250981, 0.99878, -0.0349237
5.4209, 5.84646, 0.422607, 0.0324639, 0.998716, -0.0318992
5.42295, 5.83951, 0.423823, 0.0283195, 0.999124, -0.0211207
5.42189, 5.83832, 0.420312, -0.0238855, -0.999328, 0.0185505
5.4221, 5.84506, 0.423915, 0.0238728, 0.998836, -0.0364806
5.42289, 5.85998, 0.421898, -0.0246281, -0.998266, 0.0464952
5.42134, 5.85064, 0.424283, 0.0274516, 0.998816, -0.0327605
5.42315, 5.8431, 0.419279, -0.027, -0.99887, 0.0258284
5.42137, 5.84619, 0.421852, 0.0282966, 0.998809, -0.0300024
5.42269, 5.84028, 0.424873, 0.0301093, 0.999126, -0.023063
5.42102, 5.84198, 0.424813, 0.0289581, 0.999079, -0.0237041
5.42222, 5.84267, 0.420948, -0.0345316, -0.998428, 0.038423
5.42289, 5.84507, 0.425852, -0.0221854, -0.999196, 0.0262399
5.42286, 5.84984, 0.424023, -0.0236623, -0.998947, 0.0305386
5.42131, 5.84409, 0.42541, -0.0308324, -0.998565, 0.0381839
5.42147, 5.85761, 0.424535, 0.0295984, 0.998545, -0.0366713
5.42276, 5.84371, 0.421823, 0.0250196, 0.999311, -0.0149216
5.42189, 5.84798, 0.424565, 0.028688, 0.999025, -0.0291468
5.42363, 5.8511, 0.420281, -0.0297464, -0.998336, 0.0414461
5.42226, 5.85127, 0.420874, 0.0268247, 0.99881, -0.0342393
5.42263, 5.84499, 0.422861, -0.0231792, -0.998404, 0.0335187
5.42075, 5.84768, 0.426417, -0.0254588, -0.998709, 0.0375863
5.42302, 5.85058, 0.424846, -0.0324019, -0.998755, 0.0317114
5.42308, 5.84519, 0.422393, -0.0289286, -0.998964, 0.023429
5.42308, 5.84417, 0.422525, 0.0238834, 0.998591, -0.0392815
5.42266, 5.84018, 0.423775, 0.0261357, 0.999126, -0.0288119
5.42215, 5.84585, 0.425493, -0.0290725, -0.99861, 0.0393584
5.41965, 5.84392, 0.423287, 0.0281552, 0.999052, -0.0280091
5.4221, 5.85655, 0.422852, 0.0282343, 0.998537, -0.0415029
5.42107, 5.84522, 0.42534, 0.0270068, 0.999033, -0.0292641
5.42331, 5.84426, 0.425642, 0.0299069, 0.998807, -0.0292631
5.42105, 5.85068, 0.421579, 0.0286806, 0.999247, -0.0212112
5.42281, 5.84741, 0.426419, -0.0317004, -0.998717, 0.0301739
5.42278, 5.84219, 0.427062, 0.0259053, 0.998467, -0.0409118
5.4193, 5.85925, 0.427433, -0.0224648, -0.998572, 0.0421788
5.42252, 5.84821, 0.423259, -0.0249178, -0.99913, 0.0248366
5.41904, 5.84601, 0.425501, 0.0306426, 0.998668, -0.0293009
5.42035, 5.84522, 0.426307, 0.0314455, 0.998765, -0.0342463
5.42093, 5.84178, 0.424019, 0.0272052, 0.999136, -0.0255233
5.42299, 5.84195, 0.421718, 0.0225789, 0.999116, -0.0293815
5.42167, 5.83777, 0.424695, 0.0278157, 0.999145, -0.0263695
5.42316, 5.83906, 0.424576, -0.0278593, -0.999337, 0.020216
5.42351, 5.84755, 0.42095, -0.0245936, -0.999352, 0.019594
5.42215, 5.84838, 0.425581, 0.0261409, 0.9992, -0.0223649
5.42104, 5.84803, 0.424441, -0.0204804, -0.999152, 0.0293525
5.4214, 5.84196, 0.424997, -0.0300763, -0.99878, 0.0333927
5.4229, 5.84074, 0.425446, -0.0266247, -0.998785, 0.0307181
5.42195, 5.83786, 0.425972, -0.0323794, -0.998627, 0.0336009
5.4209, 5.85132, 0.422426, 0.0280144, 0.998956, -0.0227215
5.42233, 5.84362, 0.421815, -0.0272318, -0.999344, 0.0199999
5.42259, 5.85572, 0.426127, 0.0249098, 0.998879, -0.0345126
5.42056, 5.85322, 0.42433, 0.0298087, 0.998883, -0.0297837
5.42306, 5.8422, 0.422856, 0.0248242, 0.999183, -0.0222125
5.42268, 5.84371, 0.424892, 0.0307791, 0.999071, -0.0262683
5.42303, 5.85272, 0.424855, 0.0255388, 0.998988, -0.032194
5.42193, 5.84752, 0.424466, 0.0261083, 0.999172, -0.0270433
5.42212, 5.84736, 0.425902, -0.0297861, -0.998998, 0.0302928
5.42282, 5.84845, 0.424292, -0.0291246, -0.999182, 0.025811
5.42246, 5.84488, 0.420926, 0.0262825, 0.999082, -0.0255038
5.4219, 5.85115, 0.42512, 0.0311915, 0.998612, -0.034035
5.42373, 5.84855, 0.421851, -0.0326427, -0.998525, 0.0382705
5.42228, 5.84189, 0.422996, 0.025373, 0.998813, -0.0328934
