5.4119, 5.27958, 0.419709, 0.0147589, 0.999176, -0.034391
5.411, 5.27666, 0.421046, 0.014189, 0.998959, -0.0350336
5.41211, 5.28275, 0.419568, -0.0157878, -0.999101, 0.0320557
5.41237, 5.28423, 0.421186, -0.00879845, -0.998769, 0.0426369
5.41267, 5.27953, 0.418806, -0.0159184, -0.999123, 0.0335457
5.41262, 5.2785, 0.420056, -0.0125199, -0.998992, 0.0354585
5.4117, 5.28341, 0.422123, -0.0135069, -0.998888, 0.0406218
5.41143, 5.27932, 0.421904, 0.0123125, 0.99929, -0.0302811
5.41242, 5.28117, 0.421308, 0.0124822, 0.999019, -0.0383394
5.41159, 5.27808, 0.417347, 0.0129926, 0.999238, -0.0303632
5.41301, 5.28084, 0.421707, -0.0135325, -0.998786, 0.0395762
5.41121, 5.27751, 0.422226, 0.0098692, 0.998883, -0.0370538
5.40913, 5.27878, 0.421214, 0.0161106, 0.999146, -0.0315264
5.41137, 5.28063, 0.416184, -0.0158483, -0.999186, 0.0311037
5.41221, 5.28135, 0.416554, -0.0147894, -0.999119, 0.0314721
5.41229, 5.27744, 0.4211, -0.011324, -0.999211, 0.0304063
5.41177, 5.28382, 0.422466, 0.0145607, 0.999087, -0.0339918
5.41319, 5.28111, 0.421675, 0.0104711, 0.999057, -0.0357976
5.41156, 5.28012, 0.421383, -0.0154454, -0.999391, 0.0221873
5.41348, 5.28975, 0.417851, 0.00629186, 0.998782, -0.0445208
5.40969, 5.27992, 0.421199, -0.00998091, -0.999277, 0.0314739
5.41284, 5.27899, 0.421927, 0.00843896, 0.998735, -0.0456283
5.41214, 5.28263, 0.422529, -0.012757, -0.998831, 0.0391863
5.41108, 5.2804, 0.423994, 0.0112372, 0.999035, -0.0343533
5.41136, 5.2806, 0.420348, 0.0156004, 0.99916, -0.0321389
5.41258, 5.28035, 0.419664, -0.0189154, -0.999012, 0.0348956
5.4119, 5.27906, 0.420197, 0.011912, 0.999216, -0.0308409
5.41148, 5.27999, 0.419498, 0.0143673, 0.999205, -0.0330101
5.41231, 5.2782, 0.416686, 0.0141917, 0.998976, -0.035846
5.41267, 5.28041, 0.420784, 0.0103446, 0.999091, -0.0360441
5.41319, 5.2832, 0.419913, 0.0111143, 0.998804, -0.0388954
5.41135, 5.28138, 0.421273, -0.015754, -0.998637, 0.0426376
5.41122, 5.27968, 0.416267, -0.0133707, -0.999205, 0.03217
5.41345, 5.28086, 0.420907, 0.0126944, 0.99917, -0.0325429
5.41261, 5.28241, 0.418935, 0.0160233, 0.998839, -0.0375746
5.41283, 5.27862, 0.421226, 0.0142367, 0.99928, -0.0298323
5.41248, 5.28469, 0.421429, 0.0167542, 0.99865, -0.0406285
5.41388, 5.28135, 0.420001, 0.01139, 0.999084, -0.0376636
5.4129, 5.28324, 0.423036, 0.0176887, 0.998896, -0.0368311
5.41016, 5.2785, 0.421819, -0.0147002, -0.999162, 0.0347197
5.41199, 5.27825, 0.42107, 0.0165637, 0.999187, -0.0313164
5.41386, 5.27915, 0.417269, 0.0142017, 0.999108, -0.0314507
5.41359, 5.28513, 0.422086, 0.0104681, 0.99893, -0.0368634
5.41158, 5.27897, 0.420989, 0.0163157, 0.998858, -0.0411511
5.41187, 5.2804, 0.420085, -0.0198731, -0.998988, 0.0334573
5.41117, 5.28138, 0.424476, -0.0158736, -0.999162, 0.0318845
5.41145, 5.28264, 0.424542, -0.0125516, -0.999402, 0.0272856
5.41217, 5.27972, 0.422455, -0.0183612, -0.999014, 0.03398
5.41248, 5.28408, 0.421179, 0.0134079, 0.999071, -0.0352309
5.41355, 5.28191, 0.423167, 0.0147374, 0.999175, -0.0344818
5.41126, 5.28022, 0.420542, 0.0138314, 0.999294, -0.030479
5.41182, 5.27917, 0.420904, 0.0125562, 0.999053, -0.035795
5.41223, 5.2842, 0.422139, 0.0111127, 0.998949, -0.0402849
5.41239, 5.27924, 0.419986, 0.013342, 0.999412, -0.0241824
5.41263, 5.27992, 0.421141, -0.0121809, -0.999288, 0.0301629
5.41233, 5.28426, 0.421475, 0.0124168, 0.999165, -0.0325
5.41251, 5.28348, 0.420593, 0.0113591, 0.99904, -0.0358013
5.41296, 5.28104, 0.422387, 0.0147627, 0.998946, -0.0400073
5.41152, 5.28535, 0.422092, 0.0120526, 0.999397, -0.0248792
5.41249, 5.28177, 0.422685, 0.010645, 0.999013, -0.0357537
5.41289, 5.28089, 0.422135, 0.00993567, 0.999038, -0.0391034
5.41146, 5.28327, 0.421583, 0.0166729, 0.998938, -0.0377195
5.41175, 5.28483, 0.422928, -0.0171285, -0.998631, 0.0420914
5.4131, 5.27946, 0.422486, 0.012876, 0.999252, -0.0319996
5.41165, 5.28074, 0.420918, -0.0104628, -0.999239, 0.0299268
5.41142, 5.28248, 0.421741, -0.00900002, -0.999128, 0.0281917
5.41224, 5.28134, 0.420106, -0.0165958, -0.998837, 0.0382645
5.41139, 5.28308, 0.421604, 0.0162462, 0.999097, -0.0302997
5.4119, 5.28435, 0.422984, 0.0154698, 0.999037, -0.0356268
5.41292, 5.28023, 0.423165, 0.0153542, 0.999116, -0.0298849
5.41307, 5.28066, 0.418984, 0.0181666, 0.998866, -0.0356543
5.4104, 5.28033, 0.422813, 0.0126134, 0.999158, -0.0315854
5.41162, 5.28348, 0.422093, -0.0143258, -0.998917, 0.0383899
5.41229, 5.28305, 0.422893, -0.0101723, -0.999174, 0.0348981
5.4114, 5.2767, 0.422665, -0.0141854, -0.9991, 0.0352915
5.41199, 5.28576, 0.423534, -0.00989161, -0.998797, 0.0410525
5.41178, 5.28118, 0.419528, 0.0151203, 0.999248, -0.0298806
5.41199, 5.28168, 0.420229, -0.0135763, -0.999195, 0.0331941
5.41229, 5.28068, 0.421717, 0.0160554, 0.998895, -0.039789
5.41242, 5.28074, 0.421256, 0.0146342, 0.998863, -0.0412343
5.4124, 5.28102, 0.419013, -0.0130612, -0.999042, 0.0338782
5.41198, 5.28319, 0.420981, 0.0181046, 0.999165, -0.0273439
5.41146, 5.28078, 0.421363, -0.0131798, -0.999084, 0.0342459
5.41256, 5.2776, 0.418876, 0.0120374, 0.999053, -0.0356402
5.41209, 5.27852, 0.420183, 0.0148196, 0.999118, -0.0299032
5.41341, 5.28496, 0.418069, -0.0109127, -0.998882, 0.0412673
5.41398, 5.28279, 0.418668, 0.0137742, 0.999199, -0.0329591
5.41245, 5.2836, 0.420831, -0.0140515, -0.998959, 0.0349651
5.4132, 5.27823, 0.42044, -0.0106787, -0.999351, 0.0292788
5.41245, 5.28112, 0.420729, -0.0154112, -0.99878, 0.0398951
5.4123, 5.28035, 0.420683, 0.014254, 0.999115, -0.0335515
5.41195, 5.2789, 0.42406, -0.0116925, -0.999221, 0.0329447
5.4119, 5.27834, 0.42076, -0.0113228, -0.998944, 0.038996
5.41233, 5.28007, 0.422589, -0.0155887, -0.998844, 0.0365967
5.41097, 5.27991, 0.421247, 0.0132297, 0.998934, -0.0384273
5.4118, 5.28511, 0.422242, 0.0160559, 0.998882, -0.0381581
5.41286, 5.27906, 0.422986, 0.0160463, 0.998975, -0.0364271
5.41168, 5.28221, 0.423039, 0.0119383, 0.999201, -0.0320557
5.41297, 5.28193, 0.41974, -0.0120409, -0.999207, 0.0333988
5.41282, 5.27942, 0.417539, 0.0110165, 0.999119, -0.0357897
5.41123, 5.2794, 0.423231, -0.0153488, -0.99865, 0.0438781
5.41108, 5.28087, 0.421234, -0.0132165, -0.998694, 0.0429426
5.41171, 5.28741, 0.418871, 0.0154846, 0.998768, -0.0390072
5.41142, 5.28146, 0.421237, -0.0128518, -0.99905, 0.0366673
5.41321, 5.27968, 0.416879, -0.0135445, -0.999166, 0.0312582
5.41092, 5.27911, 0.420342, 0.0122588, 0.999092, -0.034164
5.41059, 5.27889, 0.422061, -0.0165141, -0.999026, 0.0341625
5.41278, 5.28122, 0.417953, 0.0117429, 0.999201, -0.0303992
5.41146, 5.27803, 0.424876, 0.0155762, 0.998744, -0.0399213
5.41188, 5.27806, 0.421107, 0.0138601, 0.999047, -0.0375499
5.4124, 5.27953, 0.420772, -0.0121571, -0.998365, 0.0482422
5.41272, 5.28339, 0.419127, -0.0161164, -0.998874, 0.0385079
5.4114, 5.28306, 0.42265, 0.0140345, 0.999059, -0.0360161
5.41136, 5.28189, 0.419988, -0.012833, -0.999099, 0.0339969
5.41275, 5.27862, 0.423871, 0.01512, 0.999142, -0.0337989
5.41075, 5.27842, 0.419834, -0.0128824, -0.999034, 0.0367091
5.41212, 5.28113, 0.421033, 0.0131546, 0.998952, -0.0391714
5.41497, 5.28291, 0.418758, 0.00941894, 0.999408, -0.0279753
5.41261, 5.27823, 0.420408, 0.0119586, 0.998977, -0.0365656
5.41271, 5.28292, 0.42411, 0.01134, 0.998964, -0.0378047
5.41243, 5.27836, 0.420081, -0.0115243, -0.999039, 0.0359267
5.41206, 5.28069, 0.41832, 0.014828, 0.999251, -0.0267465
5.41384, 5.28323, 0.422233, -0.0116069, -0.999146, 0.0348701
5.41036, 5.27974, 0.422227, -0.0153436, -0.998975, 0.036912
5.41408, 5.28341, 0.418887, -0.00915647, -0.998823, 0.0401791
5.41133, 5.27863, 0.423472, 0.0155039, 0.999073, -0.0350673
5.41148, 5.27834, 0.42006, 0.0199578, 0.999309, -0.022807
5.41186, 5.27983, 0.418059, 0.0187281, 0.999153, -0.0300359
5.41188, 5.28221, 0.418239, -0.0169525, -0.99916, 0.0299337
5.41392, 5.28184, 0.421242, -0.00837397, -0.99906, 0.0361749
5.41113, 5.28126, 0.42193, 0.0134202, 0.999352, -0.0283566
5.4119, 5.28314, 0.421057, -0.0166653, -0.999271, 0.0283516
5.41207, 5.28069, 0.423702, 0.0122993, 0.999195, -0.0334877
5.41348, 5.28182, 0.417713, -0.0142358, -0.998997, 0.0331905
5.41263, 5.28982, 0.422272, -0.0146568, -0.998855, 0.0415318
5.41117, 5.2797, 0.421299, -0.0108539, -0.998709, 0.046898
5.41214, 5.28111, 0.41894, -0.0129724, -0.999248, 0.028866
5.41172, 5.28128, 0.421204, 0.0174663, 0.999101, -0.0317645
5.41245, 5.28355, 0.421131, 0.0182982, 0.999232, -0.0274752
5.41163, 5.2847, 0.425124, 0.0142184, 0.998714, -0.0442739
5.41324, 5.28443, 0.419985, 0.0143712, 0.999104, -0.0324516
5.41266, 5.28261, 0.418638, -0.0128894, -0.99911, 0.0337774
5.41295, 5.28426, 0.421837, -0.0109852, -0.999287, 0.0313671
5.41197, 5.27769, 0.422023, 0.0148187, 0.998981, -0.0316682
5.41143, 5.28015, 0.422001, 0.00955036, 0.999055, -0.0372805
5.41132, 5.28119, 0.424492, -0.012896, -0.999366, 0.0271357
5.41146, 5.28204, 0.423872, -0.0132299, -0.999218, 0.0320549
5.41209, 5.2798, 0.420091, 0.0154682, 0.998854, -0.0353519
5.4123, 5.28165, 0.420641, -0.0159722, -0.999039, 0.0312067
5.4124, 5.28981, 0.418006, -0.0136567, -0.998799, 0.0419919
5.41336, 5.28445, 0.423087, 0.0153281, 0.998692, -0.0427456
5.41219, 5.28433, 0.423012, 0.0117264, 0.999077, -0.0360419
5.41184, 5.27944, 0.419888, 0.0123377, 0.999333, -0.0314643
5.41039, 5.27826, 0.424209, 0.0174514, 0.999081, -0.0311048
5.41149, 5.27933, 0.422281, -0.0171981, -0.99899, 0.0369136
5.41247, 5.28284, 0.420247, -0.013551, -0.999041, 0.0352696
5.41362, 5.28194, 0.421746, 0.0127268, 0.999232, -0.0333701
5.41114, 5.28425, 0.423289, 0.0130647, 0.999188, -0.034077
5.41183, 5.28108, 0.421094, -0.0171599, -0.998596, 0.0423137
5.41181, 5.28321, 0.420267, 0.0153408, 0.999205, -0.0333474
5.41289, 5.28636, 0.419021, -0.0107804, -0.998807, 0.0392328
5.41255, 5.28486, 0.418896, -0.0133801, -0.999101, 0.0334905
5.41173, 5.27803, 0.423165, 0.0174497, 0.999045, -0.0341695
5.41089, 5.28166, 0.421909, -0.0144475, -0.99912, 0.0351388
5.41288, 5.27781, 0.419419, -0.0107686, -0.999386, 0.0287494
5.41232, 5.27984, 0.423036, -0.0116903, -0.999062, 0.0364166
5.41202, 5.28206, 0.425247, -0.0107014, -0.998817, 0.040675
5.4135, 5.28185, 0.421242, 0.0109651, 0.999125, -0.0363681
5.41143, 5.28168, 0.4231, 0.0172386, 0.998837, -0.03921
5.41308, 5.27989, 0.420564, 0.0101798, 0.999142, -0.0315055
5.41117, 5.27851, 0.422336, -0.0134926, -0.999092, 0.0371867
5.41121, 5.28154, 0.419599, 0.0161405, 0.998861, -0.0369606
5.41129, 5.28076, 0.421493, 0.012039, 0.998938, -0.0391699
5.41272, 5.28201, 0.419402, -0.00889609, -0.999069, 0.0366635
5.41123, 5.27845, 0.422386, -0.0174089, -0.999023, 0.0318802
5.41209, 5.28231, 0.42122, -0.00997568, -0.998878, 0.0373383
5.41041, 5.28024, 0.420772, 0.015529, 0.999325, -0.0286207
5.41212, 5.28004, 0.422555, -0.0132707, -0.998819, 0.0391051
5.41158, 5.28189, 0.41956, 0.0123579, 0.999284, -0.0302675
5.41271, 5.28139, 0.417624, -0.0161438, -0.999207, 0.0291391
5.41329, 5.28389, 0.420563, -0.0111127, -0.999038, 0.0395165
5.41182, 5.28074, 0.420884, -0.0129156, -0.998963, 0.03436
5.41184, 5.27999, 0.420052, -0.016391, -0.998781, 0.0395159
5.41291, 5.28348, 0.420436, 0.0114247, 0.999092, -0.0356364
5.41101, 5.28417, 0.424711, -0.0201644, -0.998625, 0.0391029
5.41209, 5.28278, 0.422528, 0.0138137, 0.999012, -0.036055
5.4119, 5.28509, 0.424101, -0.0109037, -0.99892, 0.0415862
5.4142, 5.27875, 0.421538, -0.0107603, -0.998975, 0.0347314
5.41141, 5.27885, 0.422278, 0.0143696, 0.998986, -0.0381097
5.41342, 5.27985, 0.420642, 0.0117308, 0.998926, -0.0389372
5.41245, 5.28388, 0.419622, 0.0157055, 0.999314, -0.0309072
5.41254, 5.28036, 0.419494, -0.0168099, -0.999263, 0.0240476
5.41129, 5.27964, 0.420094, -0.013995, -0.999151, 0.0335653
5.41137, 5.27988, 0.421169, -0.00983606, -0.998999, 0.037836
5.41075, 5.28332, 0.421758, 0.0189954, 0.998879, -0.0380657
5.41148, 5.27912, 0.425673, 0.0137894, 0.998999, -0.0329915
5.41281, 5.28032, 0.421128, 0.0174958, 0.998878, -0.0349639
5.41221, 5.27915, 0.420946, -0.0101724, -0.999074, 0.0335525
5.41241, 5.27881, 0.421151, 0.0136336, 0.999026, -0.0363868
5.41081, 5.27972, 0.422753, 0.0116809, 0.999128, -0.0355485
5.41239, 5.28145, 0.42051, 0.0119196, 0.999071, -0.0291946
5.41202, 5.27917, 0.424395, 0.0161725, 0.998762, -0.0409734
5.41265, 5.28174, 0.419609, -0.0105631, -0.999426, 0.0263674
5.41201, 5.28347, 0.420376, 0.0173754, 0.999006, -0.0348226
5.41135, 5.28208, 0.419144, -0.014735, -0.999007, 0.0390357
5.41165, 5.28103, 0.423297, -0.0129854, -0.999026, 0.0369472
5.40943, 5.28177, 0.426931, 0.0149107, 0.998326, -0.0498047
5.41334, 5.28254, 0.421941, 0.00830364, 0.999142, -0.0352483
5.41075, 5.28238, 0.422976, -0.0148095, -0.999029, 0.0344886
5.41257, 5.27777, 0.420452, -0.0142102, -0.999348, 0.0271807
5.41033, 5.27997, 0.425992, -0.0111285, -0.999143, 0.0352174
5.41141, 5.28403, 0.419486, 0.0129082, 0.999183, -0.0309118
5.41284, 5.2813, 0.421161, -0.0120173, -0.998879, 0.0417619
5.41105, 5.27978, 0.422227, 0.0137436, 0.999341, -0.0281187
5.41294, 5.278, 0.417578, -0.0108955, -0.998847, 0.0393738
5.41083, 5.2811, 0.424249, -0.0146416, -0.999069, 0.0345416
5.41271, 5.28031, 0.416939, -0.0172815, -0.998865, 0.0401053
5.41199, 5.2787, 0.421251, 0.00989485, 0.999203, -0.0336199
5.4123, 5.28618, 0.422964, -0.0114091, -0.998774, 0.0428721
5.41167, 5.27898, 0.422441, -0.014444, -0.999033, 0.0365322
5.41067, 5.2813, 0.421057, 0.0154456, 0.99915, -0.0331252
5.41162, 5.28251, 0.424697, -0.0108312, -0.998983, 0.0386128
5.41232, 5.28201, 0.42297, 0.0125037, 0.998728, -0.0434153
5.4135, 5.28126, 0.418495, -0.0167976, -0.998998, 0.0350372
5.41202, 5.27885, 0.422857, -0.0127644, -0.999178, 0.0302515
5.41255, 5.28097, 0.422303, 0.0118618, 0.998956, -0.038753
5.41157, 5.28692, 0.419869, 0.0097328, 0.998995, -0.0350776
5.41195, 5.28356, 0.422924, 0.0147255, 0.998952, -0.0361339
5.41067, 5.28643, 0.421188, -0.015685, -0.999139, 0.0329861
5.41308, 5.2822, 0.418969, -0.0148042, -0.998995, 0.0356866
5.41143, 5.27781, 0.420945, 0.0171709, 0.999271, -0.0271212
5.41109, 5.28385, 0.421243, -0.0183525, -0.998998, 0.0324343
5.412, 5.27866, 0.425056, -0.0108458, -0.999034, 0.0355818
5.41194, 5.28238, 0.421624, -0.01366, -0.99883, 0.038691
5.41212, 5.27923, 0.424339, -0.0186073, -0.998943, 0.0360466
5.41305, 5.2775, 0.42072, -0.0112012, -0.999066, 0.0359302
5.41242, 5.27834, 0.423788, -0.0136568, -0.999374, 0.0225824
5.41246, 5.27986, 0.422745, 0.0156514, 0.999154, -0.033314
5.4112, 5.27915, 0.42366, -0.0152441, -0.998946, 0.036599
5.4114, 5.27799, 0.422077, 0.012033, 0.999044, -0.0366047
5.41386, 5.27913, 0.419233, 0.0141844, 0.999113, -0.0339751
5.41236, 5.28068, 0.419892, -0.0162164, -0.999205, 0.0298361
5.41166, 5.2791, 0.421665, 0.0115746, 0.999097, -0.0331405
5.41129, 5.28814, 0.422271, 0.0177933, 0.998434, -0.0461063
5.4105, 5.27846, 0.425117, -0.0143279, -0.999104, 0.0338607
5.41217, 5.27587, 0.41963, 0.0112378, 0.999297, -0.0288998
5.4108, 5.27946, 0.422616, -0.0105421, -0.999126, 0.0352279
5.41066, 5.28444, 0.423147, -0.0124442, -0.999205, 0.0341084
5.41185, 5.28013, 0.420981, -0.0174819, -0.999323, 0.027395
5.41038, 5.28082, 0.42098, -0.0151442, -0.998909, 0.0372347
5.41138, 5.28619, 0.420595, -0.0144751, -0.998911, 0.038828
5.41081, 5.28949, 0.421365, 0.0105189, 0.998569, -0.0451211
5.41258, 5.27964, 0.422883, 0.0121028, 0.999288, -0.0319917
5.41212, 5.28676, 0.423478, -0.0092048, -0.998934, 0.0387721
5.41226, 5.27845, 0.423475, 0.0103247, 0.999344, -0.0290683
5.41293, 5.27897, 0.420591, -0.0151225, -0.998955, 0.0382043
5.41261, 5.27793, 0.420497, -0.0140289, -0.999125, 0.0331486
5.4105, 5.28125, 0.423391, 0.0141015, 0.998887, -0.0379758
5.41217, 5.27823, 0.421721, 0.0133294, 0.999227, -0.0286059
5.41247, 5.2788, 0.420493, 0.0102159, 0.999108, -0.0318999
5.41287, 5.28153, 0.418957, 0.0118296, 0.999196, -0.0319297
5.41264, 5.28071, 0.422012, 0.0148005, 0.998997, -0.0364294
5.41047, 5.2784, 0.423841, -0.0109752, -0.999422, 0.0264681
5.41185, 5.27565, 0.419812, -0.0141661, -0.999582, 0.0205036
5.41228, 5.27963, 0.421018, 0.0138317, 0.9992, -0.0312962
5.41089, 5.28083, 0.418831, -0.0167668, -0.999074, 0.0319839
5.41166, 5.28334, 0.42166, 0.0178686, 0.998646, -0.0436999
5.41168, 5.2787, 0.420608, 0.0182081, 0.998985, -0.0372343
5.41275, 5.28345, 0.420462, -0.00800085, -0.999245, 0.0320752
5.41159, 5.281, 0.421326, -0.0191323, -0.998887, 0.0350812
5.41093, 5.28238, 0.42214, -0.0163368, -0.999136, 0.0347808
5.41271, 5.28247, 0.41971, -0.0124632, -0.99914, 0.0308843
5.41261, 5.27789, 0.419798, 0.0169227, 0.999321, -0.0261593
5.41247, 5.28037, 0.421045, 0.0142265, 0.999187, -0.0338343
5.41258, 5.28072, 0.421041, 0.0152386, 0.998818, -0.0374376
5.41289, 5.28339, 0.418311, 0.0150797, 0.998929, -0.0367663
5.41104, 5.28023, 0.42263, -0.011523, -0.999, 0.0383264
5.41233, 5.28022, 0.422662, 0.0117114, 0.998729, -0.040789
5.41242, 5.28157, 0.419424, 0.0121494, 0.998973, -0.0354106
5.41118, 5.28041, 0.421189, -0.0138595, -0.998939, 0.0391909
5.41292, 5.28819, 0.419229, -0.012559, -0.998958, 0.0351576
5.41165, 5.28133, 0.423055, 0.0153887, 0.999118, -0.0329199
5.41231, 5.2822, 0.420678, -0.0182824, -0.998889, 0.0385838
5.4113, 5.28121, 0.424247, 0.0128406, 0.998861, -0.0388692
5.41245, 5.28701, 0.422243, -0.00714931, -0.999063, 0.0355199
5.41172, 5.27805, 0.423561, -0.0139797, -0.998653, 0.0440992
5.41211, 5.27913, 0.42409, 0.013554, 0.999146, -0.031663
5.41112, 5.27977, 0.421947, 0.0165096, 0.998928, -0.0378039
5.4122, 5.28298, 0.422885, 0.0122232, 0.998779, -0.0380601
5.41329, 5.28489, 0.422296, 0.0095052, 0.998975, -0.0380767
5.41153, 5.28383, 0.421559, 0.0135213, 0.999011, -0.035788
5.41195, 5.27992, 0.423729, 0.011106, 0.999254, -0.0324053
5.41063, 5.281, 0.42158, 0.0155067, 0.999163, -0.0301218
5.41296, 5.27673, 0.420068, -0.0110895, -0.999349, 0.0284295
5.41272, 5.28161, 0.423294, 0.0129174, 0.998928, -0.0401841
5.41253, 5.27812, 0.420728, 0.0123702, 0.999273, -0.0286373
5.41229, 5.28108, 0.420636, 0.0134471, 0.999169, -0.0309354
5.41337, 5.28146, 0.421471, 0.0132625, 0.998939, -0.0381873
5.4111, 5.28186, 0.426546, 0.0151735, 0.998837, -0.0403858
5.41164, 5.27996, 0.421384, -0.0133423, -0.999305, 0.0275649
5.413, 5.28168, 0.418594, 0.0129633, 0.999087, -0.0340049
5.41207, 5.28443, 0.420572, 0.0130756, 0.998853, -0.0404888
5.41198, 5.27827, 0.420702, 0.0153438, 0.999352, -0.0260822
5.4107, 5.28134, 0.424434, -0.0152281, -0.999263, 0.0261831
5.40997, 5.28496, 0.42557, 0.0124139, 0.998818, -0.0399306
5.41169, 5.28455, 0.420974, 0.0172253, 0.998999, -0.0337716
5.41197, 5.27779, 0.421695, 0.0120399, 0.999318, -0.0292452
5.41293, 5.28155, 0.420259, -0.0115913, -0.999471, 0.0254343
5.41164, 5.28096, 0.423013, 0.0101146, 0.999167, -0.0315246
5.41154, 5.27992, 0.423458, -0.0172019, -0.998913, 0.0381574
5.411, 5.28081, 0.424956, 0.0146944, 0.999225, -0.0275888
5.41196, 5.27909, 0.422656, 0.0128363, 0.998992, -0.037236
5.41313, 5.28003, 0.422959, 0.0137517, 0.998587, -0.0461773
5.41228, 5.28127, 0.418091, 0.0123866, 0.999065, -0.0327885
5.41205, 5.27846, 0.421193, 0.0125557, 0.999172, -0.0329967
5.41352, 5.28169, 0.420422, -0.0145629, -0.998776, 0.038192
5.41249, 5.27979, 0.420367, 0.00998644, 0.999441, -0.0259715
5.41226, 5.27964, 0.422393, -0.0124579, -0.999258, 0.0292257
5.41176, 5.27967, 0.42099, -0.0145081, -0.99914, 0.0341262
5.41185, 5.27709, 0.421577, 0.0169503, 0.998805, -0.0398404
5.41201, 5.28216, 0.419601, -0.0165601, -0.998979, 0.0352095
5.41131, 5.28065, 0.418548, 0.0147515, 0.998913, -0.0376674
5.41286, 5.28448, 0.420175, -0.0137755, -0.998536, 0.0461383
5.41206, 5.28041, 0.41744, 0.0136683, 0.999239, -0.0305403
5.41234, 5.288, 0.421877, -0.010096, -0.998528, 0.0461544
5.41162, 5.27957, 0.41933, -0.0147443, -0.998901, 0.0383257
5.41206, 5.28105, 0.421404, -0.0114761, -0.999009, 0.037914
5.41077, 5.27915, 0.418786, 0.0151679, 0.999353, -0.0275575
5.4122, 5.27842, 0.421041, -0.0126603, -0.999323, 0.029657
5.41152, 5.27983, 0.42277, -0.0147173, -0.999098, 0.0350555
5.41234, 5.28134, 0.42024, -0.0118714, -0.998975, 0.0384474
5.41159, 5.28025, 0.424267, 0.011969, 0.999082, -0.0356851
5.41127, 5.27971, 0.421527, 0.0147379, 0.999447, -0.0247676
5.41225, 5.28056, 0.419472, 0.0140373, 0.999103, -0.0340345
5.41238, 5.27937, 0.42046, 0.0100988, 0.998956, -0.0389699
5.41069, 5.28158, 0.420145, -0.0214789, -0.998658, 0.0390771
5.41229, 5.2796, 0.419738, 0.0108349, 0.999248, -0.0316199
5.41275, 5.28439, 0.420256, -0.0148656, -0.998927, 0.0352894
5.41142, 5.27925, 0.423382, 0.0172344, 0.998999, -0.0339667
5.4121, 5.28069, 0.422346, -0.0137181, -0.999043, 0.0360784
5.4123, 5.28066, 0.422268, -0.0163838, -0.998846, 0.0367185
5.41237, 5.28359, 0.418707, 0.0152015, 0.998916, -0.0390282
5.41209, 5.27975, 0.422807, 0.0130137, 0.999233, -0.0324499
5.41217, 5.28115, 0.418322, 0.0139666, 0.999345, -0.0254975
5.41149, 5.28173, 0.423689, 0.0122266, 0.998564, -0.0475896
5.41195, 5.28178, 0.424326, 0.0134085, 0.998815, -0.043421
5.41112, 5.28186, 0.419606, 0.0141174, 0.999165, -0.032555
5.41176, 5.27859, 0.421561, 0.0125662, 0.999203, -0.031807
5.41267, 5.28109, 0.41839, -0.0109488, -0.998628, 0.0420453
5.41198, 5.27918, 0.416593, 0.0149594, 0.998903, -0.0372145
5.41288, 5.28063, 0.419538, -0.0145786, -0.99886, 0.0384354
5.41183, 5.28182, 0.423515, -0.0121542, -0.998581, 0.0464903
5.41301, 5.27829, 0.419466, -0.0150266, -0.998928, 0.0365217
5.41271, 5.28285, 0.418656, -0.0135322, -0.998822, 0.0401202
5.41276, 5.27864, 0.42178, 0.0118493, 0.999002, -0.0360902
5.41181, 5.2798, 0.423487, -0.0094619, -0.998956, 0.0377147
5.41335, 5.27861, 0.419944, -0.0111567, -0.998894, 0.040307
5.41216, 5.28264, 0.420347, 0.01164, 0.998954, -0.0374475
5.4118, 5.28045, 0.419013, 0.0138143, 0.999261, -0.027976
5.4125, 5.28946, 0.421021, -0.0134316, -0.998596, 0.0458804
5.41338, 5.28261, 0.418443, -0.0143631, -0.999096, 0.0334949
5.4125, 5.27956, 0.422163, -0.0145533, -0.999265, 0.0285446
5.41127, 5.28106, 0.418481, -0.0138426, -0.999121, 0.0336401
5.41289, 5.27897, 0.419822, 0.0117106, 0.999014, -0.0375165
5.41093, 5.27747, 0.422346, 0.0122882, 0.999252, -0.030933
5.41162, 5.28119, 0.421047, 0.0104995, 0.999111, -0.0332665
5.41173, 5.28112, 0.419596, 0.0150706, 0.999132, -0.0302876
5.41211, 5.28227, 0.42331, 0.0134955, 0.998764, -0.0405959
5.41119, 5.28394, 0.418615, 0.0111638, 0.999036, -0.0380924
5.41215, 5.28037, 0.421629, -0.0122278, -0.999097, 0.0357388
5.41253, 5.2783, 0.418185, 0.0128409, 0.999175, -0.0314832
5.41219, 5.28094, 0.423718, -0.00929777, -0.998997, 0.0344807
5.41237, 5.28021, 0.421145, 0.0119223, 0.999049, -0.0370924
5.41113, 5.28135, 0.423362, 0.0126313, 0.999064, -0.0330038
5.41182, 5.27731, 0.423085, -0.0113346, -0.999056, 0.0386024
5.4117, 5.27922, 0.422205, -0.0141882, -0.999316, 0.0315358
5.41197, 5.27975, 0.423212, 0.0129526, 0.998947, -0.0383568
5.41277, 5.28074, 0.420553, 0.0168393, 0.999124, -0.0326382
5.41177, 5.28062, 0.423118, 0.01324, 0.999068, -0.0356703
5.41226, 5.27827, 0.4201, 0.0111157, 0.999224, -0.0315844
5.4127, 5.27996, 0.421673, -0.0112899, -0.998852, 0.0418773
5.4131, 5.27683, 0.421131, 0.0118486, 0.998902, -0.0387099
5.41256, 5.2798, 0.419109, 0.0102408, 0.999128, -0.0360386
5.41217, 5.28173, 0.421069, 0.0121008, 0.999329, -0.0270145
5.41132, 5.28105, 0.419776, -0.0154674, -0.999143, 0.0338096
5.41262, 5.28217, 0.418132, 0.0116145, 0.999242, -0.0317544
5.41213, 5.2803, 0.418407, 0.0142183, 0.999032, -0.0357191
5.41239, 5.27694, 0.422386, -0.0121155, -0.999111, 0.0319973
5.41273, 5.27903, 0.423674, 0.0127556, 0.999227, -0.0318176
5.4127, 5.2785, 0.419127, -0.0133958, -0.999236, 0.0319159
5.41079, 5.2836, 0.423091, 0.0190696, 0.998757, -0.0400574
5.41308, 5.28435, 0.421784, 0.017993, 0.998606, -0.0404889
5.4129, 5.28137, 0.419132, -0.00932877, -0.999199, 0.0293071
5.41176, 5.28052, 0.424705, -0.0111304, -0.998832, 0.0440935
5.41191, 5.27986, 0.423589, 0.0138342, 0.999125, -0.034
5.41222, 5.27907, 0.417929, -0.0146939, -0.998862, 0.038649
5.41232, 5.27968, 0.421708, 0.0116049, 0.999304, -0.0301854
5.41172, 5.28017, 0.422774, 0.0143162, 0.999256, -0.0315372
5.4126, 5.27919, 0.422421, 0.0101925, 0.998993, -0.0371092
5.41212, 5.28228, 0.419481, 0.0127999, 0.998826, -0.0333875
5.41303, 5.27955, 0.422618, -0.01129, -0.999365, 0.0304648
5.41138, 5.27956, 0.423939, 0.0134947, 0.999252, -0.0273518
5.41359, 5.28048, 0.420007, 0.0108943, 0.999152, -0.0327241
5.41236, 5.27775, 0.424247, 0.0130393, 0.999353, -0.0276068
5.41113, 5.28084, 0.42114, 0.0151774, 0.99904, -0.035776
5.41166, 5.28058, 0.422169, 0.0111692, 0.999313, -0.0286071
5.41208, 5.28011, 0.424016, 0.00886009, 0.999088, -0.0363381
5.41174, 5.27942, 0.421176, 0.0110176, 0.999317, -0.0314651
5.41363, 5.28126, 0.419579, 0.0101432, 0.999127, -0.0340114
5.4113, 5.28195, 0.421998, -0.011932, -0.998924, 0.0391656
5.41135, 5.279, 0.420592, 0.0117437, 0.999159, -0.0340425
5.41184, 5.28254, 0.422894, -0.00896975, -0.999186, 0.0344069
5.41246, 5.28221, 0.420247, 0.0160748, 0.998791, -0.0395702
5.41283, 5.2859, 0.419371, 0.0158567, 0.998663, -0.0420469
5.41201, 5.28, 0.421568, -0.0143658, -0.999128, 0.0332569
5.4136, 5.28258, 0.417344, 0.0123065, 0.998845, -0.0408345
5.41115, 5.2837, 0.421458, 0.0133515, 0.999139, -0.0327957
5.41157, 5.28229, 0.422333, -0.0105356, -0.999161, 0.0334462
5.41059, 5.2822, 0.421289, 0.0120443, 0.998803, -0.0418877
5.4117, 5.28232, 0.419867, -0.0168298, -0.998984, 0.0311616
5.41261, 5.28126, 0.419056, 0.0135194, 0.998897, -0.0400671
5.41137, 5.2833, 0.424154, 0.0166505, 0.999026, -0.0328618
5.41258, 5.28398, 0.419023, 0.0101722, 0.99874, -0.0433888
5.41189, 5.27868, 0.420842, -0.0131411, -0.999209, 0.0313764
5.41238, 5.27719, 0.419884, 0.0127636, 0.999077, -0.0357542
5.41373, 5.28271, 0.420097, 0.00699348, 0.999049, -0.0349593
5.4128, 5.28092, 0.422332, 0.0130694, 0.999014, -0.0357177
5.41275, 5.27871, 0.422774, -0.0133996, -0.998935, 0.0403459
5.41216, 5.27819, 0.422498, 0.0128474, 0.9991, -0.0341895
5.41234, 5.27976, 0.423881, -0.0121894, -0.998834, 0.0408641
5.41185, 5.28398, 0.421183, 0.0130146, 0.99885, -0.0412484
5.41152, 5.28099, 0.420871, 0.0171121, 0.998904, -0.0389199
5.41327, 5.28241, 0.419614, 0.0142995, 0.999084, -0.0348307
5.41272, 5.27811, 0.422263, 0.0187417, 0.999013, -0.0259784
5.41227, 5.28444, 0.421784, 0.011899, 0.998948, -0.0396507
5.41048, 5.28008, 0.421231, 0.0123001, 0.99912, -0.036654
5.41162, 5.27883, 0.421138, -0.0148711, -0.998816, 0.0403066
5.41243, 5.27805, 0.421438, -0.0113272, -0.999035, 0.0373818
5.41271, 5.28116, 0.41886, -0.0105746, -0.999049, 0.0350715
5.4137, 5.28129, 0.422284, 0.0137651, 0.998871, -0.0393408
5.41311, 5.27823, 0.419009, -0.0140835, -0.999049, 0.0375825
5.41154, 5.28177, 0.420438, -0.0168607, -0.99887, 0.0366789
5.41406, 5.28219, 0.418343, -0.00286273, -0.998878, 0.0417407
5.4105, 5.278, 0.425453, -0.0138018, -0.998912, 0.0385049
5.41192, 5.28424, 0.419268, 0.013904, 0.998912, -0.0377464
5.41258, 5.27887, 0.422277, -0.0118895, -0.998936, 0.0352434
5.41298, 5.28278, 0.421096, -0.0137023, -0.999072, 0.0333648
5.41206, 5.28116, 0.420908, -0.0142252, -0.998769, 0.0411501
5.41205, 5.2797, 0.418927, -0.0129272, -0.998943, 0.0388649
5.41301, 5.28338, 0.420605, -0.0131076, -0.999149, 0.0327524
5.41193, 5.28078, 0.421136, 0.0173514, 0.99881, -0.0404213
5.41242, 5.28173, 0.421231, 0.0118272, 0.999151, -0.0327384
5.41137, 5.27654, 0.422053, 0.0141463, 0.999315, -0.0291976
5.41277, 5.28009, 0.422281, 0.0117613, 0.999226, -0.0305908
5.41219, 5.27918, 0.418244, -0.0126162, -0.999227, 0.0308004
5.41118, 5.27959, 0.423214, 0.0134347, 0.999096, -0.0357057
5.41283, 5.27893, 0.420465, -0.0131267, -0.999365, 0.028466
5.41149, 5.28297, 0.420824, -0.0163512, -0.999168, 0.0328738
5.41148, 5.28066, 0.421319, -0.0125955, -0.998942, 0.0356527
5.41277, 5.27992, 0.422757, 0.0123645, 0.998951, -0.0395866
5.41362, 5.28138, 0.417195, -0.0156301, -0.99888, 0.0358798
5.41219, 5.28228, 0.41544, 0.0126878, 0.99867, -0.0448308
5.41195, 5.28015, 0.41882, 0.0153981, 0.999018, -0.0353908
5.41137, 5.27808, 0.419659, -0.0181161, -0.999202, 0.0282615
5.41212, 5.27626, 0.421399, 0.0111354, 0.999306, -0.0311133
5.41263, 5.28079, 0.42291, -0.0123191, -0.998941, 0.0383134
5.41201, 5.28217, 0.420978, 0.0150456, 0.999235, -0.0305778
5.41251, 5.28078, 0.420315, 0.0136442, 0.999117, -0.033513
5.41159, 5.27877, 0.421922, -0.0152818, -0.998849, 0.038377
5.41161, 5.2803, 0.423622, -0.015918, -0.999119, 0.033647
5.41239, 5.28062, 0.421395, 0.0132924, 0.999059, -0.0377766
5.41202, 5.27612, 0.422445, -0.0111516, -0.998969, 0.0378677
5.41257, 5.27607, 0.420099, -0.0172714, -0.998709, 0.0419839
5.41159, 5.28179, 0.424097, -0.0147521, -0.999063, 0.0329183
5.41219, 5.27642, 0.422553, 0.0108009, 0.999217, -0.0320673
5.41161, 5.28238, 0.421848, 0.0143104, 0.999195, -0.0306622
5.41244, 5.27841, 0.422247, 0.0114972, 0.998988, -0.0353139
5.41212, 5.28327, 0.420767, -0.0131126, -0.999147, 0.032901
5.41214, 5.28176, 0.420803, 0.0111108, 0.998992, -0.0367679
5.41295, 5.28148, 0.421073, -0.010677, -0.999233, 0.032514
5.41147, 5.27852, 0.424519, 0.0152471, 0.999062, -0.0371557
5.41217, 5.28621, 0.421803, 0.0156227, 0.998789, -0.0368731
5.41171, 5.28027, 0.423997, -0.0151422, -0.998845, 0.0385771
5.41309, 5.28069, 0.418775, 0.0113775, 0.998913, -0.0368864
5.41063, 5.27942, 0.419105, 0.0152103, 0.999288, -0.0299948
5.41129, 5.28028, 0.421465, 0.0135817, 0.999235, -0.0306871
5.41279, 5.27804, 0.420731, -0.0148294, -0.999274, 0.0296721
5.41222, 5.28154, 0.422163, -0.0169188, -0.99901, 0.0341858
5.41199, 5.27807, 0.42153, -0.0112752, -0.999251, 0.0299364
5.41201, 5.28412, 0.424112, -0.0131948, -0.998776, 0.0414617
5.413, 5.27837, 0.422357, -0.0103331, -0.999247, 0.0308402
5.41225, 5.27877, 0.421042, -0.0140198, -0.998741, 0.0420802
5.41291, 5.27957, 0.419988, 0.0118455, 0.99882, -0.0408201
5.41252, 5.28045, 0.420845, 0.011753, 0.999111, -0.034076
5.41305, 5.27905, 0.419504, -0.0138537, -0.999146, 0.0316152
5.41024, 5.27562, 0.421796, -0.0173489, -0.999406, 0.0251631
5.41167, 5.28382, 0.422326, -0.014634, -0.999127, 0.0342412
5.41232, 5.27831, 0.422365, -0.0140374, -0.999177, 0.0327928
5.41132, 5.2795, 0.421858, 0.0146605, 0.998853, -0.0372506
5.41246, 5.2819, 0.421335, 0.0134582, 0.999073, -0.0330939
5.41303, 5.28101, 0.421985, -0.0132133, -0.99895, 0.0375654
5.41171, 5.27986, 0.423341, 0.0122784, 0.999129, -0.033747
5.41281, 5.2842, 0.420772, 0.00960294, 0.998975, -0.0398386
5.41153, 5.28193, 0.422813, 0.0131908, 0.999163, -0.0329326
5.41245, 5.2805, 0.418605, 0.0122812, 0.999417, -0.027775
5.41386, 5.28261, 0.420931, -0.0115138, -0.998824, 0.0413988
5.41304, 5.28009, 0.422076, 0.0118857, 0.999425, -0.0285889
5.41311, 5.28343, 0.420191, -0.00973684, -0.999284, 0.0301018
5.41255, 5.28076, 0.420874, 0.0126806, 0.999043, -0.0363791
5.41299, 5.28007, 0.420201, 0.0127848, 0.999156, -0.0335172
5.4111, 5.27962, 0.419157, -0.0167022, -0.99897, 0.0345161
5.41236, 5.2804, 0.423851, -0.0118526, -0.99938, 0.0281496
5.41237, 5.28224, 0.420907, -0.0112047, -0.999331, 0.0296408
5.41308, 5.28144, 0.41953, -0.0132036, -0.998828, 0.0412501
5.4132, 5.2799, 0.419422, -0.0144001, -0.999439, 0.0230997
5.41163, 5.27809, 0.423128, -0.0169693, -0.998821, 0.0410104
5.41164, 5.28158, 0.420236, -0.0171989, -0.99923, 0.0266972
5.41292, 5.28113, 0.423704, -0.014981, -0.998904, 0.0381939
5.41141, 5.27852, 0.421067, -0.0112979, -0.998944, 0.0381263
5.41276, 5.27979, 0.418062, 0.0164311, 0.998941, -0.0361537
5.41257, 5.2791, 0.419071, 0.0137866, 0.99923, -0.0298607
5.41291, 5.27823, 0.421861, -0.0111438, -0.998916, 0.0404275
5.41219, 5.27886, 0.418862, -0.0148245, -0.999039, 0.0341618
5.41201, 5.27818, 0.419032, -0.0160744, -0.999292, 0.0272029
5.41099, 5.28071, 0.422444, 0.0141194, 0.999337, -0.0244594
5.41202, 5.27882, 0.420508, 0.0155204, 0.999081, -0.0331709
5.41229, 5.28415, 0.419902, -0.013411, -0.999378, 0.0275698
5.41224, 5.27907, 0.419955, -0.0148268, -0.999086, 0.0353783
5.41218, 5.27876, 0.42314, -0.0119418, -0.999059, 0.0344317
5.41181, 5.28076, 0.420196, -0.0156505, -0.998908, 0.0385718
5.41311, 5.28363, 0.420366, 0.0138778, 0.998912, -0.0364154
5.41224, 5.28683, 0.419493, -0.0128458, -0.998714, 0.0426889
5.41228, 5.27952, 0.419971, -0.0144071, -0.998822, 0.0392659
5.41223, 5.27911, 0.42035, 0.0139826, 0.99903, -0.0357564
5.41152, 5.27973, 0.420797, 0.0138838, 0.999205, -0.031919
5.41239, 5.28191, 0.426111, -0.00612779, -0.998952, 0.0411883
5.4114, 5.28243, 0.422038, 0.010337, 0.999182, -0.0357294
5.4119, 5.28399, 0.423075, 0.013323, 0.99905, -0.0347165
5.41222, 5.27927, 0.419116, 0.0132766, 0.998909, -0.0390176
5.41213, 5.28054, 0.42192, -0.0178534, -0.998905, 0.0382028
5.41086, 5.28251, 0.421587, 0.0136086, 0.999248, -0.0273942
5.41161, 5.28597, 0.418568, 0.0185242, 0.998736, -0.0386808
5.41253, 5.28355, 0.418479, -0.0155199, -0.999079, 0.032381
5.41306, 5.28249, 0.421927, 0.00995729, 0.999231, -0.030826
5.41288, 5.28028, 0.418435, 0.0105586, 0.999021, -0.0372038
5.41207, 5.28321, 0.420543, 0.0111168, 0.999045, -0.0368302
5.41243, 5.27951, 0.419579, 0.0136129, 0.998676, -0.0454819
5.41146, 5.28123, 0.423257, -0.0156617, -0.999031, 0.0364189
5.41203, 5.28047, 0.424277, 0.0112971, 0.998995, -0.0345476
5.41123, 5.27867, 0.422575, 0.0124754, 0.999178, -0.0324419
5.41183, 5.27736, 0.418724, -0.0137227, -0.9994, 0.0243958
5.41243, 5.28321, 0.422717, 0.0132472, 0.999054, -0.0357269
5.41302, 5.28254, 0.420481, -0.00987619, -0.999243, 0.0291849
5.41186, 5.28189, 0.419689, 0.0143549, 0.998965, -0.0367427
5.41165, 5.27912, 0.423065, -0.0128298, -0.998878, 0.0393985
5.41084, 5.28611, 0.425253, -0.0203374, -0.998988, 0.0356529
5.41278, 5.2788, 0.420983, -0.0104245, -0.999038, 0.0378787
5.41186, 5.2798, 0.420048, 0.0157616, 0.999338, -0.0266159
5.412, 5.28408, 0.423403, -0.0152326, -0.999093, 0.0316719
5.4124, 5.27873, 0.422624, 0.0157167, 0.999057, -0.0330725
5.41281, 5.27819, 0.42012, 0.0134241, 0.999097, -0.0344774
5.41173, 5.28, 0.420269, -0.0101838, -0.999184, 0.0329984
5.4136, 5.27813, 0.421394, -0.00912627, -0.999211, 0.0333714
5.41122, 5.281, 0.420826, 0.0141796, 0.999242, -0.0314264
5.41201, 5.28283, 0.42434, -0.0130282, -0.998928, 0.0387992
5.4123, 5.27862, 0.421369, 0.0141031, 0.998948, -0.0383877
5.41285, 5.28053, 0.420584, 0.0126401, 0.999223, -0.0342935
5.41325, 5.28072, 0.419223, -0.0114751, -0.999092, 0.0350515
5.41355, 5.28725, 0.418987, -0.00968525, -0.998704, 0.0442283
5.41215, 5.27886, 0.421966, -0.0137722, -0.999261, 0.0303531
5.41263, 5.2801, 0.420804, -0.0127919, -0.999047, 0.0348091
5.41194, 5.27941, 0.421432, -0.0118978, -0.999346, 0.0267333
5.4114, 5.28055, 0.421437, 0.016998, 0.998788, -0.0376366
5.41125, 5.27972, 0.422079, -0.0145052, -0.999185, 0.0320142
5.41135, 5.27969, 0.422479, -0.0154984, -0.999126, 0.0342945
5.41182, 5.28319, 0.420356, 0.0150069, 0.998964, -0.0363593
5.4123, 5.2846, 0.421379, 0.0134514, 0.999152, -0.0345709
5.41186, 5.27928, 0.420287, -0.0164801, -0.999105, 0.0329306
5.41218, 5.28248, 0.420129, 0.0148423, 0.999213, -0.0317558
5.41269, 5.28296, 0.42016, -0.0106511, -0.999009, 0.0380056
5.41179, 5.2789, 0.420056, 0.0112784, 0.999146, -0.0349161
5.41119, 5.28194, 0.422041, 0.0109715, 0.99922, -0.0314495
5.41158, 5.28714, 0.420746, -0.011463, -0.998833, 0.0391461
5.41131, 5.28115, 0.422218, 0.0120151, 0.998899, -0.042059
5.412, 5.28284, 0.421321, 0.00934204, 0.999331, -0.0294888
5.41207, 5.27894, 0.420265, 0.0130882, 0.9993, -0.0287514
5.41056, 5.28021, 0.423366, -0.0146692, -0.999036, 0.0355
5.41168, 5.27924, 0.419108, -0.013122, -0.999326, 0.0266203
5.41294, 5.28319, 0.421881, -0.0135744, -0.99899, 0.0369278
5.41306, 5.27918, 0.418831, -0.0136012, -0.999363, 0.0244551
5.41278, 5.27894, 0.418995, -0.015498, -0.998984, 0.0347332
5.41171, 5.28067, 0.423518, -0.0094698, -0.999253, 0.0320067
5.41202, 5.27825, 0.423905, -0.0106594, -0.99905, 0.0390531
5.41259, 5.2801, 0.422653, -0.0115455, -0.999287, 0.030837
5.41124, 5.28001, 0.421548, 0.0105981, 0.999295, -0.0325318
5.41103, 5.27659, 0.421173, 0.0130812, 0.998939, -0.0400462
5.41297, 5.28006, 0.420178, 0.0139047, 0.998975, -0.0381948
5.41049, 5.27861, 0.42306, -0.0154992, -0.999063, 0.0348996
5.41394, 5.28332, 0.421873, -0.00802088, -0.998994, 0.0360384
5.41177, 5.28099, 0.419849, 0.0149154, 0.999283, -0.0250419
5.41158, 5.27881, 0.420033, -0.0136221, -0.999226, 0.0321419
5.41281, 5.28246, 0.41888, -0.0139164, -0.999121, 0.0317841
5.41295, 5.28084, 0.417047, 0.0119303, 0.999257, -0.0298513
5.41173, 5.2842, 0.422004, -0.0162807, -0.998704, 0.0393546
5.4122, 5.27711, 0.421272, -0.0129874, -0.999054, 0.0294742
5.41147, 5.2838, 0.422076, 0.0142229, 0.999231, -0.0314896
5.41092, 5.28075, 0.421621, 0.0186992, 0.998803, -0.0371764
5.41204, 5.28153, 0.417334, 0.016202, 0.998979, -0.0349003
5.41123, 5.27895, 0.424204, 0.0104022, 0.999323, -0.0311253
5.41341, 5.28361, 0.415203, -0.0142561, -0.998934, 0.0361698
5.41183, 5.27949, 0.418404, 0.0123806, 0.999168, -0.0328634
5.41248, 5.28257, 0.42129, 0.0118507, 0.998896, -0.0379762
5.41233, 5.28562, 0.426144, 0.0117493, 0.998892, -0.0402601
5.41186, 5.2817, 0.423347, -0.0137604, -0.998636, 0.0414318
5.41087, 5.28185, 0.423046, -0.0146235, -0.999082, 0.0349398
5.41315, 5.28073, 0.419069, 0.0133701, 0.999162, -0.033106
5.41121, 5.27884, 0.422739, 0.0132193, 0.998975, -0.0360989
5.41212, 5.27788, 0.422298, -0.0125212, -0.999183, 0.0346678
5.41281, 5.28034, 0.419547, 0.00865807, 0.999096, -0.0336395
5.41221, 5.28264, 0.4209, -0.0108087, -0.99889, 0.0375243
5.41195, 5.28139, 0.419158, 0.0161169, 0.998865, -0.0369603
5.4139, 5.28288, 0.420826, 0.0156208, 0.998489, -0.0484929
5.41188, 5.2791, 0.420908, 0.0120958, 0.998897, -0.0385508
5.4118, 5.28466, 0.420005, 0.0111467, 0.999058, -0.0380733
5.41105, 5.27949, 0.421516, -0.0117726, -0.999161, 0.0315998
5.41219, 5.28095, 0.419773, 0.0138552, 0.99882, -0.0397318
5.41239, 5.2799, 0.421425, 0.0151855, 0.999058, -0.0357483
5.41209, 5.27998, 0.421125, 0.013824, 0.999058, -0.0338257
5.41147, 5.27964, 0.421355, -0.0132974, -0.998973, 0.034388
5.41109, 5.27815, 0.421312, -0.0157333, -0.999017, 0.036292
5.41397, 5.28535, 0.419838, -0.00790667, -0.998764, 0.044224
5.41244, 5.28069, 0.419867, 0.0155797, 0.998967, -0.0366788
5.4114, 5.27766, 0.423191, -0.0144543, -0.99917, 0.0321606
5.41284, 5.28002, 0.418609, 0.00940463, 0.999324, -0.0278554
5.41257, 5.27812, 0.422368, -0.0183954, -0.999174, 0.0257038
5.41279, 5.27995, 0.42062, 0.0142126, 0.999047, -0.0362231
5.4121, 5.28051, 0.420235, -0.0169342, -0.998775, 0.0388272
5.41248, 5.28429, 0.422105, -0.0164012, -0.999135, 0.0295196
5.41133, 5.27802, 0.422199, 0.0157764, 0.998942, -0.0363741
5.41072, 5.28205, 0.421074, 0.0155928, 0.999162, -0.0319447
5.413, 5.28167, 0.42101, 0.0147832, 0.998788, -0.0370365
5.41205, 5.2773, 0.422127, 0.0159291, 0.99921, -0.0294099
5.41254, 5.28135, 0.419436, -0.0168674, -0.99856, 0.0444885
5.41078, 5.28111, 0.423827, -0.0125864, -0.999181, 0.0301453
5.41238, 5.27986, 0.422954, 0.0151591, 0.999044, -0.0305652
5.41161, 5.27951, 0.423473, -0.0118734, -0.998987, 0.0359356
5.41265, 5.27831, 0.421593, 0.00916039, 0.999118, -0.0280347
5.41263, 5.2839, 0.419785, 0.0163323, 0.999218, -0.0295827
5.41182, 5.27805, 0.420859, 0.0144183, 0.999191, -0.029689
5.41313, 5.27999, 0.420649, 0.0103837, 0.999176, -0.0330196
5.41131, 5.27823, 0.422102, 0.0134869, 0.999368, -0.0260269
5.41281, 5.28107, 0.423449, 0.0134147, 0.999309, -0.0298482
5.41191, 5.28304, 0.419412, -0.0169223, -0.998855, 0.037615
5.41154, 5.28021, 0.419012, -0.0146332, -0.999321, 0.029106
5.4129, 5.27757, 0.42436, -0.00940931, -0.999145, 0.0362306
5.41215, 5.27778, 0.420828, 0.0170135, 0.999308, -0.0259552
5.41397, 5.28436, 0.417973, -0.00550532, -0.999018, 0.0378102
5.41187, 5.28415, 0.419172, 0.0115428, 0.999017, -0.0354213
5.41164, 5.28246, 0.4169, -0.0172004, -0.998856, 0.0389678
5.41253, 5.28177, 0.417696, -0.0148687, -0.999014, 0.0344508
5.41232, 5.28376, 0.421171, -0.0118155, -0.998875, 0.0383262
5.41231, 5.27953, 0.421252, -0.0115364, -0.999007, 0.03734
5.41263, 5.28155, 0.423199, 0.0141051, 0.999081, -0.0358517
5.41256, 5.2786, 0.422856, 0.0136335, 0.99894, -0.0367759
5.41203, 5.28051, 0.424227, -0.00910111, -0.998856, 0.0392423
5.41134, 5.28005, 0.423867, 0.0125295, 0.999045, -0.036737
5.41285, 5.27785, 0.420621, -0.0112879, -0.999305, 0.0295589
5.41132, 5.28233, 0.421815, 0.0145937, 0.998741, -0.0418017
5.41188, 5.27937, 0.422222, -0.0167284, -0.999034, 0.0310223
5.41156, 5.27977, 0.420169, 0.0153336, 0.999005, -0.0360315
5.41162, 5.28219, 0.420783, 0.0171022, 0.998862, -0.0356747
5.41209, 5.28218, 0.423911, -0.0106171, -0.999037, 0.0362696
5.41219, 5.27863, 0.421807, 0.0164808, 0.998789, -0.0415031
5.41341, 5.28018, 0.42036, -0.0121737, -0.998883, 0.039671
5.41205, 5.28284, 0.421733, 0.0108596, 0.998936, -0.038057
5.41075, 5.27766, 0.423518, 0.0145928, 0.998976, -0.0381743
5.41188, 5.27915, 0.420285, 0.0192762, 0.998869, -0.0362524
5.41166, 5.27902, 0.418691, -0.0130131, -0.998977, 0.0380278
5.41244, 5.27824, 0.421168, 0.0106791, 0.999261, -0.0302574
5.4122, 5.28028, 0.423262, -0.0121722, -0.999233, 0.0310386
5.41126, 5.27898, 0.422984, -0.0104196, -0.999, 0.0376765
5.41159, 5.27788, 0.424148, -0.00987742, -0.99921, 0.0339395
5.41242, 5.27853, 0.420909, -0.0164347, -0.999299, 0.0278888
5.41297, 5.2784, 0.421471, -0.0164455, -0.998656, 0.0427313
5.41245, 5.27931, 0.421974, 0.0126539, 0.99889, -0.039483
5.41207, 5.28371, 0.424726, 0.0115456, 0.99914, -0.0319503
5.41181, 5.28148, 0.418684, -0.016673, -0.999267, 0.0262051
5.41281, 5.28582, 0.421697, 0.0155571, 0.998387, -0.0491648
5.41321, 5.28139, 0.421001, 0.0135125, 0.999369, -0.0258296
5.41335, 5.28085, 0.420145, -0.00834256, -0.999359, 0.0301248
5.41215, 5.28646, 0.418099, 0.0130707, 0.999089, -0.0348547
5.41268, 5.28072, 0.420739, -0.0104859, -0.999012, 0.0358895
5.41165, 5.28131, 0.422018, -0.0151893, -0.999094, 0.0331604
5.41156, 5.2797, 0.422825, -0.0161723, -0.998625, 0.0412144
5.41176, 5.28529, 0.42219, 0.00868433, 0.999314, -0.0280499
5.41463, 5.28374, 0.418305, 0.00916259, 0.998992, -0.036111
5.41294, 5.28485, 0.421333, -0.0152388, -0.998751, 0.0396538
5.41283, 5.2799, 0.420602, -0.0134238, -0.999008, 0.0347609
5.41154, 5.28131, 0.417921, 0.0131107, 0.999078, -0.0354859
5.41245, 5.27906, 0.418888, -0.0168993, -0.999241, 0.0288697
5.41189, 5.27835, 0.417786, -0.0150137, -0.999146, 0.0329431
5.41301, 5.28066, 0.423153, -0.0117122, -0.998853, 0.0397479
5.41278, 5.28123, 0.41958, -0.0144045, -0.998958, 0.0372232
5.41253, 5.27954, 0.426452, -0.016767, -0.999221, 0.0303953
5.41182, 5.28083, 0.419603, 0.0139976, 0.999064, -0.0347385
5.41266, 5.27984, 0.422605, 0.0113288, 0.999351, -0.0301194
5.41388, 5.27971, 0.419734, -0.0136026, -0.998559, 0.0468734
5.4117, 5.27809, 0.425049, 0.0125002, 0.99891, -0.0380304
5.41249, 5.2811, 0.420238, -0.0150871, -0.99875, 0.0378774
5.41268, 5.27818, 0.420395, -0.0152701, -0.998999, 0.03504
5.4117, 5.28027, 0.424685, 0.012592, 0.999274, -0.0287813
5.41161, 5.28029, 0.418834, -0.0145607, -0.999119, 0.0310413
5.41126, 5.2778, 0.424748, -0.0114548, -0.999137, 0.0327633
5.41082, 5.27943, 0.422012, 0.0109468, 0.998932, -0.0367828
5.41245, 5.27843, 0.421807, -0.0129725, -0.998933, 0.037944
5.41241, 5.279, 0.423404, 0.0128636, 0.999068, -0.0328002
5.41325, 5.28505, 0.416685, -0.0121495, -0.99853, 0.0453087
5.412, 5.28165, 0.419247, -0.0162797, -0.999071, 0.0312041
5.41276, 5.2787, 0.420639, 0.0123311, 0.999053, -0.0325863
5.41324, 5.28391, 0.421615, 0.00716723, 0.998976, -0.0383397
5.41267, 5.27717, 0.419991, 0.0180001, 0.998828, -0.0412436
5.41237, 5.27873, 0.421931, -0.0131875, -0.999089, 0.0354976
5.41263, 5.28293, 0.423219, -0.0151062, -0.999039, 0.0358708
5.41317, 5.28058, 0.419814, 0.0122018, 0.998326, -0.0526578
5.41221, 5.28071, 0.421431, -0.0123047, -0.99873, 0.0425687
5.41211, 5.28131, 0.42036, -0.00870238, -0.999103, 0.0360116
5.41193, 5.28022, 0.422517, 0.0121705, 0.99928, -0.0314803
5.41134, 5.27775, 0.419494, 0.0166998, 0.99932, -0.028071
5.41262, 5.28232, 0.418082, 0.0154371, 0.999075, -0.0301408
5.41199, 5.27958, 0.42077, -0.0117689, -0.999264, 0.0293084
5.41274, 5.28564, 0.422196, 0.0121737, 0.999233, -0.0278596
5.41221, 5.28111, 0.418115, -0.0106761, -0.99897, 0.0357045
5.41348, 5.28055, 0.420659, 0.0101943, 0.998932, -0.0388071
5.41228, 5.2809, 0.420339, -0.0140827, -0.999013, 0.0340315
5.41212, 5.28125, 0.419081, -0.0108051, -0.999288, 0.0304692
5.41181, 5.27909, 0.422722, 0.0114716, 0.999241, -0.0309395
5.41158, 5.27852, 0.423601, -0.0112282, -0.999113, 0.0363195
5.41265, 5.27913, 0.418471, 0.013534, 0.998788, -0.0420087
5.4121, 5.27991, 0.420433, 0.0137034, 0.999289, -0.0299093
5.4128, 5.28291, 0.422003, -0.0135541, -0.999084, 0.0353889
5.41253, 5.27975, 0.420979, -0.0120681, -0.999453, 0.0251426
5.41225, 5.27787, 0.418521, 0.0146421, 0.999131, -0.0311339
5.41208, 5.27848, 0.421728, 0.015451, 0.998997, -0.0348311
5.41214, 5.28072, 0.424557, -0.0136155, -0.998981, 0.0390748
5.41297, 5.28374, 0.418873, 0.0154096, 0.998788, -0.0408669
5.41313, 5.283, 0.420309, -0.0144565, -0.999064, 0.0349847
5.41277, 5.27764, 0.423006, 0.0126143, 0.99884, -0.0393406
5.4116, 5.2806, 0.42517, 0.00901477, 0.998943, -0.0397309
5.41219, 5.28171, 0.421908, 0.0142255, 0.999177, -0.0309791
5.41265, 5.27993, 0.422374, 0.0112541, 0.999326, -0.0289254
5.41259, 5.27616, 0.420473, 0.0128467, 0.999064, -0.0325038
5.41317, 5.2796, 0.418124, -0.0123259, -0.999144, 0.0333126
5.41291, 5.28254, 0.42278, 0.00952074, 0.999004, -0.0371544
5.41301, 5.27821, 0.421692, -0.0116022, -0.999308, 0.0308204
5.4143, 5.287, 0.417391, -0.00549969, -0.99907, 0.0355622
5.41265, 5.29045, 0.416652, -0.0125061, -0.998872, 0.0404328
5.4121, 5.27918, 0.424532, 0.0139288, 0.999433, -0.025938
5.41291, 5.28257, 0.414814, 0.0147049, 0.999098, -0.027491
5.41199, 5.27939, 0.419705, -0.0144834, -0.999182, 0.0335367
5.41219, 5.27873, 0.423158, -0.0128061, -0.998997, 0.0356952
5.4127, 5.27805, 0.422785, 0.0111358, 0.998996, -0.0380545
5.41263, 5.28454, 0.422352, -0.01364, -0.999155, 0.0330646
5.4124, 5.28249, 0.419085, -0.00954917, -0.998979, 0.0386934
5.41138, 5.2783, 0.422276, 0.0147729, 0.999201, -0.0318995
5.41179, 5.28076, 0.421578, 0.0178788, 0.998776, -0.0392758
5.41231, 5.28243, 0.42129, 0.0137071, 0.999238, -0.0324135
5.41252, 5.28596, 0.421261, -0.0154524, -0.998875, 0.0409894
5.41216, 5.27968, 0.423702, 0.0148124, 0.999118, -0.0312316
5.41122, 5.28014, 0.423409, 0.0122604, 0.999141, -0.0329178
5.41207, 5.28163, 0.421461, -0.0176377, -0.998774, 0.0369021
5.41195, 5.27987, 0.422535, -0.0140483, -0.999273, 0.0281177
5.41249, 5.27962, 0.417946, -0.0101267, -0.999377, 0.0282151
5.41041, 5.2798, 0.421063, 0.0147354, 0.999168, -0.0308715
5.41246, 5.27854, 0.420978, -0.012773, -0.999409, 0.0295327
5.41254, 5.28046, 0.421392, 0.0122936, 0.999249, -0.0321152
5.41228, 5.28005, 0.418397, 0.0151423, 0.999219, -0.0314509
5.41125, 5.27977, 0.419292, 0.0133493, 0.999197, -0.0294953
5.41189, 5.28247, 0.424941, 0.0138755, 0.999251, -0.0287066
5.41294, 5.27974, 0.420891, -0.0164751, -0.99915, 0.0307454
5.41281, 5.28458, 0.419733, -0.00886027, -0.999041, 0.0395683
5.41269, 5.28006, 0.420614, -0.0130062, -0.998882, 0.0416792
5.41303, 5.28299, 0.421396, 0.0127239, 0.999032, -0.0339195
5.41334, 5.2821, 0.420488, 0.0140788, 0.999031, -0.0366168
5.41168, 5.27798, 0.421406, -0.0144261, -0.999313, 0.0286816
5.41165, 5.27812, 0.421347, 0.0131178, 0.999082, -0.0333656
5.41174, 5.27849, 0.420322, 0.0116399, 0.999161, -0.0338481
5.41192, 5.27943, 0.421781, 0.0129492, 0.999241, -0.03232
5.41183, 5.27983, 0.419545, 0.015515, 0.999265, -0.0281331
5.41307, 5.27813, 0.418486, 0.0129796, 0.999153, -0.0339516
5.41154, 5.27839, 0.417982, 0.0136424, 0.99922, -0.0284858
5.4131, 5.27977, 0.419794, -0.0112652, -0.998984, 0.0377035
5.41328, 5.27894, 0.41958, 0.0135724, 0.998764, -0.0428033
5.41325, 5.28087, 0.417464, 0.0117295, 0.999176, -0.0329774
5.41135, 5.28, 0.422159, -0.0147215, -0.999119, 0.0334735
5.4121, 5.2808, 0.420346, 0.0121826, 0.999376, -0.0297846
5.41205, 5.27903, 0.42223, 0.015934, 0.998879, -0.0365427
5.41165, 5.28294, 0.425463, 0.0147779, 0.999219, -0.0315045
5.41149, 5.2798, 0.4245, 0.0117076, 0.99909, -0.0363173
5.41166, 5.28218, 0.419632, -0.0120323, -0.999142, 0.0339609
5.41302, 5.2816, 0.421613, -0.0111825, -0.99924, 0.0299918
5.41263, 5.27986, 0.420935, 0.0123583, 0.999042, -0.0369045
5.41148, 5.27935, 0.421673, -0.0126523, -0.999385, 0.0256378
5.41282, 5.28172, 0.421217, 0.0133377, 0.999328, -0.0306838
5.41181, 5.27918, 0.425895, 0.0123189, 0.999069, -0.0351625
5.41165, 5.28309, 0.422341, -0.0119908, -0.999347, 0.0294825
5.41216, 5.27877, 0.420573, -0.00930133, -0.999435, 0.0272467
5.41202, 5.27866, 0.423654, -0.0100857, -0.999227, 0.0356587
5.41321, 5.27953, 0.420183, -0.0112829, -0.999232, 0.0317725
5.41234, 5.28023, 0.421381, 0.0123612, 0.999272, -0.0281345
5.41243, 5.28282, 0.423965, 0.0118746, 0.999014, -0.0366474
5.41242, 5.28034, 0.418492, 0.014894, 0.99926, -0.0293013
5.41139, 5.28407, 0.422127, 0.0101797, 0.999315, -0.03052
5.41237, 5.27732, 0.422544, -0.0114914, -0.999036, 0.0352648
5.41189, 5.27965, 0.421938, -0.0137812, -0.999206, 0.0310859
5.41153, 5.27934, 0.421611, -0.0128562, -0.999132, 0.0326319
5.41202, 5.27943, 0.421434, -0.0127769, -0.999035, 0.0327312
5.41074, 5.28323, 0.424056, 0.0174777, 0.999192, -0.0308981
5.41207, 5.27871, 0.420527, -0.0124494, -0.999198, 0.033168
5.41251, 5.28603, 0.420796, -0.0139585, -0.998839, 0.0367272
5.41164, 5.28054, 0.421952, -0.0148375, -0.999107, 0.0315264
5.41181, 5.27961, 0.423026, -0.0165611, -0.998862, 0.0397998
5.41192, 5.27794, 0.42017, 0.0120843, 0.999251, -0.0306213
5.414, 5.27992, 0.418798, 0.0109982, 0.998958, -0.0404109
5.41199, 5.28192, 0.420838, -0.014888, -0.999044, 0.0352342
5.41207, 5.28021, 0.422825, 0.0138973, 0.999129, -0.0332028
5.41258, 5.28522, 0.420508, -0.00975436, -0.998988, 0.036274
5.41149, 5.28656, 0.422756, -0.0125611, -0.999054, 0.0329678
5.4128, 5.28034, 0.418133, -0.010761, -0.999048, 0.0361606
5.41228, 5.28368, 0.418368, 0.0147418, 0.998939, -0.0373101
5.41172, 5.28047, 0.421347, -0.0147493, -0.999329, 0.0268919
5.41293, 5.28205, 0.420148, 0.0083613, 0.999393, -0.0307074
5.41286, 5.27828, 0.419771, -0.0145263, -0.999086, 0.0353712
5.4106, 5.28354, 0.423399, -0.0150271, -0.998806, 0.0422012
5.41282, 5.28083, 0.419068, 0.0134642, 0.998992, -0.0355084
5.41176, 5.27896, 0.422502, 0.0147717, 0.999154, -0.0333109
5.41206, 5.28338, 0.423265, 0.0103493, 0.999195, -0.0349166
5.41129, 5.28016, 0.426222, 0.0154746, 0.999236, -0.0290334
5.41262, 5.28562, 0.419536, 0.0136901, 0.998715, -0.0415281
5.41248, 5.28103, 0.424622, 0.014775, 0.99908, -0.0316434
5.41186, 5.27927, 0.422689, -0.0154841, -0.999177, 0.032581
5.41182, 5.28011, 0.420186, 0.0152384, 0.999445, -0.0216788
5.41277, 5.27917, 0.423239, 0.0119353, 0.998979, -0.0344788
5.41306, 5.2796, 0.422061, -0.0117862, -0.999324, 0.0293744
5.41147, 5.28088, 0.420216, -0.0158381, -0.998806, 0.0400432
5.4132, 5.2896, 0.419983, -0.00913843, -0.998691, 0.0424899
5.41274, 5.28033, 0.422304, 0.0130863, 0.998744, -0.0404294
5.41196, 5.28506, 0.419773, 0.0163671, 0.999068, -0.0304828
5.41203, 5.27859, 0.420517, 0.0161202, 0.999167, -0.0330466
5.41278, 5.28427, 0.418491, 0.0100659, 0.999137, -0.0341663
5.41281, 5.28019, 0.420186, -0.010268, -0.999397, 0.0221084
5.41321, 5.27965, 0.419686, -0.0135539, -0.999117, 0.0338346
5.41178, 5.28008, 0.420147, -0.01935, -0.998931, 0.0364151
5.41188, 5.27889, 0.420896, -0.0155348, -0.99896, 0.0354846
5.41125, 5.27817, 0.424347, -0.0137296, -0.999185, 0.0320059
5.4129, 5.28058, 0.424436, 0.0120399, 0.998881, -0.0385233
5.41198, 5.28175, 0.425114, 0.0116376, 0.998924, -0.0396056
5.41252, 5.28226, 0.420843, -0.0111758, -0.998627, 0.0438179
5.41279, 5.28056, 0.421394, 0.0157719, 0.998827, -0.0400792
5.41234, 5.28418, 0.41961, 0.0160975, 0.998844, -0.0389051
5.41224, 5.28218, 0.421135, -0.0100484, -0.999286, 0.0308632
5.41159, 5.28379, 0.419707, -0.0130245, -0.999334, 0.0265067
5.41186, 5.27993, 0.420701, 0.0148081, 0.999131, -0.0321854
5.4126, 5.28083, 0.422512, 0.0104239, 0.998994, -0.0363879
5.41194, 5.28299, 0.422365, 0.00996556, 0.999189, -0.0342912
5.41163, 5.27971, 0.419182, -0.0144297, -0.999061, 0.0338408
5.41194, 5.2776, 0.423145, -0.0161182, -0.99922, 0.0305294
5.41313, 5.28475, 0.421196, 0.0113833, 0.998758, -0.0427486
5.41152, 5.28084, 0.421222, 0.0123386, 0.999018, -0.0372852
5.41157, 5.2798, 0.423592, -0.0121855, -0.999259, 0.0341009
5.41194, 5.2811, 0.421095, -0.0127131, -0.999157, 0.0336304
5.41268, 5.2791, 0.421014, -0.0115333, -0.999135, 0.0361513
5.41196, 5.27589, 0.420849, 0.0161966, 0.999342, -0.0261755
5.41236, 5.28059, 0.421301, -0.011973, -0.9993, 0.030007
5.41259, 5.27985, 0.421638, -0.0118681, -0.998861, 0.0393752
5.41234, 5.27777, 0.420422, -0.012333, -0.999154, 0.0322382
5.41179, 5.28095, 0.420357, 0.011564, 0.998997, -0.0358153
5.41148, 5.2791, 0.419505, -0.0160164, -0.999066, 0.0288858
5.41303, 5.2863, 0.420916, -0.0113571, -0.998831, 0.039961
5.41231, 5.28047, 0.416725, 0.0146519, 0.999264, -0.0275857
5.41202, 5.28191, 0.418771, 0.0153136, 0.999163, -0.0328594
5.41191, 5.2836, 0.420939, -0.0118635, -0.998816, 0.037435
5.41264, 5.28355, 0.423784, 0.0102315, 0.999304, -0.030839
5.41178, 5.28214, 0.420473, -0.0165215, -0.99878, 0.0392826
5.4128, 5.27962, 0.421709, -0.0163028, -0.998847, 0.0385355
5.41161, 5.28272, 0.419238, -0.0147109, -0.999319, 0.0290325
5.41152, 5.27904, 0.420564, 0.0104757, 0.999004, -0.0382449
5.41147, 5.2812, 0.420205, -0.0137126, -0.99884, 0.0358734
5.41201, 5.28249, 0.420451, 0.0147601, 0.99886, -0.0377382
5.4108, 5.28225, 0.423796, -0.0109175, -0.99912, 0.0356924
5.41226, 5.27811, 0.420513, 0.0160484, 0.999043, -0.0339208
5.41226, 5.28268, 0.421925, 0.00961742, 0.999224, -0.0312865
5.41261, 5.28202, 0.422511, 0.0127116, 0.999138, -0.0292115
5.4113, 5.28083, 0.423059, -0.0162778, -0.998904, 0.037519
5.41363, 5.27737, 0.419832, 0.0105057, 0.999297, -0.0276925
5.41219, 5.28588, 0.421406, -0.0132808, -0.998931, 0.0393839
5.41195, 5.28058, 0.422298, -0.020441, -0.998947, 0.0319019
5.4108, 5.28003, 0.424681, 0.0150106, 0.999092, -0.0334057
5.41256, 5.27925, 0.423853, 0.0127999, 0.999045, -0.0368109
5.41275, 5.27908, 0.42146, -0.012387, -0.998961, 0.0345794
5.41254, 5.28066, 0.420601, 0.00968613, 0.998684, -0.0454494
5.41208, 5.27738, 0.422997, 0.0126049, 0.999242, -0.0301373
5.41303, 5.28268, 0.419235, 0.0144292, 0.998683, -0.0428366
5.41234, 5.27966, 0.419223, -0.0121132, -0.99928, 0.0313343
5.41407, 5.28347, 0.421991, -0.0126, -0.99894, 0.0405104
5.41236, 5.28203, 0.415986, -0.0152546, -0.998783, 0.0400544
5.41196, 5.28718, 0.420697, 0.0105773, 0.998874, -0.0399229
5.41198, 5.2808, 0.42137, 0.0135749, 0.998972, -0.039367
5.41168, 5.28088, 0.422079, -0.00972692, -0.999101, 0.0365703
5.41258, 5.28225, 0.420003, -0.0082541, -0.999129, 0.0337448
5.41208, 5.27873, 0.423464, 0.0134547, 0.999099, -0.0363419
5.41364, 5.27889, 0.419748, 0.0104921, 0.999181, -0.0328087
5.413, 5.28033, 0.419701, 0.0141072, 0.999169, -0.033529
5.41274, 5.27915, 0.421468, -0.0156325, -0.998965, 0.0321154
5.4113, 5.28132, 0.419335, 0.0147834, 0.999033, -0.0357411
5.41182, 5.2867, 0.418283, -0.0119278, -0.999148, 0.031654
5.41179, 5.27874, 0.419898, 0.0137504, 0.999437, -0.0247341
5.41139, 5.27802, 0.420927, -0.0126203, -0.999179, 0.0334987
5.41131, 5.28269, 0.420252, 0.0134447, 0.99927, -0.0275452
5.41218, 5.27698, 0.424426, -0.0161987, -0.999205, 0.0320327
5.41209, 5.28358, 0.421151, 0.0106149, 0.998971, -0.0368178
5.41248, 5.28186, 0.419127, -0.0118749, -0.99913, 0.0326415
5.41345, 5.27936, 0.421887, -0.0110595, -0.99903, 0.0359253
5.41288, 5.27873, 0.423742, -0.0134146, -0.998952, 0.0363644
5.41139, 5.28029, 0.421592, -0.0122616, -0.99902, 0.0337324
5.41231, 5.2788, 0.421926, -0.0114832, -0.999319, 0.0253287
5.41228, 5.27913, 0.421571, 0.0141236, 0.999337, -0.0309942
5.41202, 5.28193, 0.420882, -0.00889071, -0.999081, 0.03675
5.41123, 5.28184, 0.419838, 0.0174143, 0.999024, -0.0305217
5.4123, 5.28058, 0.419715, 0.0147535, 0.998882, -0.0406955
5.4129, 5.28333, 0.422386, -0.0122844, -0.998656, 0.0433849
5.41229, 5.28078, 0.421149, -0.0171966, -0.998813, 0.036071
5.41265, 5.27768, 0.420868, 0.014142, 0.999095, -0.0344561
5.41208, 5.28248, 0.41964, -0.0123243, -0.999087, 0.0342684
5.41211, 5.2785, 0.419297, 0.0126647, 0.999046, -0.0329146
5.41195, 5.28053, 0.419858, 0.0114772, 0.999124, -0.0347305
5.41187, 5.28251, 0.424813, 0.0117657, 0.999262, -0.0308023
5.41146, 5.27883, 0.420019, -0.0119035, -0.999446, 0.0262713
5.41317, 5.28018, 0.419223, -0.0155577, -0.998748, 0.0433267
5.41088, 5.27832, 0.421997, -0.0167877, -0.999412, 0.026672
5.41145, 5.27922, 0.424898, 0.0156097, 0.999167, -0.0299078
5.41136, 5.28268, 0.421773, 0.0118106, 0.999037, -0.0340827
5.41316, 5.28014, 0.421981, -0.0150272, -0.999034, 0.0350668
5.4121, 5.28383, 0.422796, 0.0151055, 0.99902, -0.0356078
5.41174, 5.2822, 0.421948, 0.0104566, 0.999222, -0.0342689
5.41324, 5.28337, 0.418774, 0.0133816, 0.99889, -0.0352887
5.41195, 5.27947, 0.420264, -0.0157179, -0.998787, 0.0410035
5.41197, 5.2793, 0.417192, -0.0118777, -0.999105, 0.0311754
5.41134, 5.27827, 0.422543, -0.0111955, -0.999101, 0.034063
5.41192, 5.27956, 0.419038, 0.0105123, 0.999008, -0.0320779
5.41225, 5.28255, 0.422394, -0.00740245, -0.998949, 0.0375084
5.41353, 5.2863, 0.420026, 0.0132639, 0.998794, -0.0423399
5.41216, 5.2857, 0.421364, 0.0125537, 0.998917, -0.0388336
5.41217, 5.27852, 0.418783, -0.0134164, -0.999405, 0.0261935
5.4118, 5.28201, 0.418442, 0.0137291, 0.999171, -0.0315214
5.41224, 5.28168, 0.41967, -0.0145435, -0.999155, 0.0316196
5.41164, 5.27889, 0.422124, 0.0167159, 0.999127, -0.034178
5.4114, 5.2847, 0.423675, 0.011241, 0.999039, -0.0356826
5.41057, 5.28039, 0.422101, -0.0177557, -0.998777, 0.0369171
5.4114, 5.27875, 0.418745, -0.0108187, -0.999456, 0.0271686
5.41283, 5.27832, 0.420017, 0.0147349, 0.999094, -0.0337115
5.41161, 5.28057, 0.419348, -0.0179226, -0.998636, 0.0411388
5.41199, 5.27988, 0.420696, -0.0117321, -0.999166, 0.0318784
5.4117, 5.27889, 0.417784, 0.0135639, 0.999314, -0.0303978
5.41192, 5.27858, 0.423248, 0.0119666, 0.999475, -0.0239482
5.41294, 5.28099, 0.419967, 0.014554, 0.998897, -0.03904
5.41299, 5.28285, 0.421791, 0.0119521, 0.998949, -0.0360182
5.41334, 5.28226, 0.418621, -0.011139, -0.998989, 0.0392438
5.41284, 5.28161, 0.420677, -0.0143041, -0.999332, 0.0296671
5.41218, 5.28401, 0.423671, -0.014654, -0.998808, 0.0404962
5.41182, 5.27644, 0.420743, 0.0142174, 0.999058, -0.0329921
5.41257, 5.28412, 0.421959, 0.00956484, 0.999253, -0.0319481
5.4124, 5.28286, 0.422085, -0.0125964, -0.999183, 0.0327977
5.41247, 5.28015, 0.419692, 0.0129775, 0.999154, -0.033028
5.41247, 5.28118, 0.421268, 0.0142317, 0.999025, -0.0307744
5.41224, 5.28035, 0.418619, 0.0118939, 0.999314, -0.0275123
5.4113, 5.27968, 0.421236, 0.0135024, 0.999501, -0.0250417
5.41298, 5.28194, 0.421916, -0.0105073, -0.999018, 0.0356717
5.41233, 5.28117, 0.419203, -0.0155153, -0.998992, 0.0350741
5.41263, 5.28384, 0.419811, 0.010243, 0.999143, -0.0337718
5.41146, 5.28451, 0.421101, 0.0136598, 0.998961, -0.0366445
5.41119, 5.28341, 0.42094, 0.0137637, 0.998994, -0.0374498
5.41277, 5.2817, 0.42215, 0.0134514, 0.999323, -0.0312971
5.41132, 5.28192, 0.420292, -0.0121962, -0.998986, 0.0398406
5.41256, 5.2875, 0.420919, -0.0110348, -0.999351, 0.0246671
5.41267, 5.28008, 0.417801, 0.01121, 0.999276, -0.0280918
5.41277, 5.28046, 0.420905, 0.0122721, 0.998972, -0.0362467
5.41248, 5.28007, 0.419085, -0.0144846, -0.998962, 0.0354964
5.41082, 5.28159, 0.423226, 0.0114006, 0.998855, -0.0392628
5.41271, 5.28054, 0.418685, -0.0115961, -0.998943, 0.0371115
5.41275, 5.28166, 0.422859, 0.0122821, 0.999136, -0.0328798
5.4121, 5.28203, 0.421594, -0.0145765, -0.999057, 0.0359103
5.41169, 5.27977, 0.421558, -0.0126183, -0.999312, 0.0276369
5.41102, 5.28132, 0.424627, -0.0169306, -0.998812, 0.0404265
5.41252, 5.27909, 0.424354, 0.0103526, 0.999221, -0.032842
5.41309, 5.28431, 0.422046, 0.00939128, 0.999005, -0.0331574
5.41315, 5.28102, 0.419599, 0.00682711, 0.999049, -0.0358987
5.41342, 5.28113, 0.421249, 0.0101599, 0.999157, -0.0327319
5.412, 5.2805, 0.420328, -0.0091785, -0.999192, 0.0327749
5.41201, 5.2819, 0.422162, 0.0121755, 0.999117, -0.0341845
5.41171, 5.27857, 0.418833, 0.0142216, 0.999355, -0.0242662
