5.41228, 5.28128, 0.420767, 0.0131712, 0.999333, -0.0310421
5.41136, 5.28345, 0.421875, 0.0137489, 0.999075, -0.0368841
5.41313, 5.27817, 0.424316, 0.0149238, 0.999226, -0.0293773
5.4114, 5.28111, 0.420917, -0.0104936, -0.999436, 0.02601
5.41118, 5.28324, 0.421426, -0.01523, -0.998893, 0.0393516
5.41125, 5.28368, 0.419923, -0.0149388, -0.999128, 0.0322281
5.41204, 5.28022, 0.422691, 0.0141004, 0.999113, -0.0334118
5.41141, 5.27793, 0.422717, -0.0158619, -0.999016, 0.0330957
5.41074, 5.28085, 0.421341, 0.0156136, 0.999148, -0.0334141
5.41209, 5.28174, 0.419896, -0.0151606, -0.999092, 0.0342756
5.41218, 5.28223, 0.42391, 0.0107787, 0.998929, -0.0390669
5.41165, 5.27795, 0.423353, -0.0131873, -0.999104, 0.0343079
5.41155, 5.2872, 0.42353, 0.0109275, 0.999097, -0.0369048
5.41206, 5.28457, 0.42383, -0.0130214, -0.998965, 0.0355909
5.41255, 5.2802, 0.418315, 0.0146805, 0.999164, -0.032641
5.4106, 5.28369, 0.425683, 0.0152237, 0.999109, -0.0351419
5.41185, 5.27956, 0.423822, -0.0111159, -0.999254, 0.0292556
5.41361, 5.27849, 0.422562, 0.00867598, 0.999016, -0.037627
5.41188, 5.27979, 0.419406, 0.015384, 0.999143, -0.0328655
5.41172, 5.27956, 0.421331, 0.0136036, 0.998994, -0.0385364
5.41235, 5.27997, 0.418537, 0.0157095, 0.999328, -0.0283405
5.41257, 5.28058, 0.420766, -0.011397, -0.999164, 0.0327611
5.41149, 5.27877, 0.422346, -0.012918, -0.999144, 0.0329057
5.41283, 5.28104, 0.423042, 0.0114732, 0.998973, -0.0366508
5.41244, 5.28109, 0.420819, 0.0172483, 0.998951, -0.0344066
5.41261, 5.28059, 0.417332, -0.0131001, -0.998985, 0.0316144
5.41114, 5.27837, 0.425258, -0.0158328, -0.998884, 0.0395711
5.41427, 5.2787, 0.418698, -0.0118383, -0.998797, 0.0418036
5.41268, 5.28221, 0.422847, -0.0100881, -0.999173, 0.034885
5.41312, 5.28223, 0.419033, 0.0135917, 0.998888, -0.040725
5.41088, 5.28176, 0.422819, -0.0148003, -0.999002, 0.0342063
5.4128, 5.27982, 0.422715, 0.00951566, 0.99929, -0.0309764
5.4115, 5.27864, 0.422651, -0.0123313, -0.999236, 0.0323808
5.41274, 5.27857, 0.422317, 0.0136793, 0.999192, -0.0315201
5.411, 5.27854, 0.422528, 0.0137732, 0.999302, -0.0283286
5.41207, 5.28169, 0.421702, 0.0126111, 0.99865, -0.0426732
5.41061, 5.28127, 0.419513, 0.0144133, 0.999369, -0.0255993
5.4124, 5.27788, 0.421479, 0.0118445, 0.99926, -0.0295954
5.41184, 5.2791, 0.422299, -0.0146114, -0.99912, 0.031125
5.41208, 5.28101, 0.422422, -0.0104376, -0.998801, 0.0396135
5.41292, 5.27836, 0.422874, -0.0141554, -0.998768, 0.0402505
5.41198, 5.28018, 0.419894, -0.0135754, -0.999087, 0.030839
5.41281, 5.27855, 0.421636, -0.0124094, -0.999058, 0.0372946
5.41034, 5.27985, 0.424323, -0.0157847, -0.998993, 0.0336791
5.41214, 5.28411, 0.421371, 0.015268, 0.999099, -0.0302169
5.41191, 5.27942, 0.420502, -0.0176897, -0.999007, 0.0347947
5.41134, 5.27803, 0.42072, -0.0135751, -0.999381, 0.0268592
5.41067, 5.28067, 0.420437, -0.0174884, -0.999445, 0.0214464
5.41149, 5.283, 0.420672, -0.015432, -0.999166, 0.0298667
5.41139, 5.27948, 0.422958, -0.010614, -0.999205, 0.0345339
5.41099, 5.28113, 0.421327, -0.0137805, -0.998977, 0.0347193
5.41159, 5.27894, 0.418524, 0.0162286, 0.999134, -0.027079
5.41141, 5.2815, 0.424994, -0.0143292, -0.999128, 0.0343617
5.41157, 5.28, 0.420876, 0.0114145, 0.99924, -0.0319303
5.4103, 5.28277, 0.422251, 0.0164794, 0.999017, -0.035487
5.4117, 5.28206, 0.42128, -0.0100506, -0.999215, 0.0318082
5.41221, 5.27794, 0.420161, 0.0156949, 0.999161, -0.0332092
5.41245, 5.28063, 0.421404, -0.0123596, -0.999158, 0.0312045
5.41191, 5.28035, 0.421968, 0.0126485, 0.999266, -0.0307415
5.41276, 5.28054, 0.422318, 0.0130236, 0.999132, -0.0336511
5.41224, 5.28307, 0.421796, 0.0111267, 0.999279, -0.0302929
5.41197, 5.27794, 0.421694, 0.0133054, 0.999107, -0.0329286
5.41295, 5.28085, 0.422788, -0.00809326, -0.998937, 0.0372883
5.41244, 5.28303, 0.421578, 0.0113452, 0.999195, -0.0298969
5.41215, 5.28415, 0.419893, -0.0133672, -0.998843, 0.0387852
5.41126, 5.28004, 0.42328, 0.0126799, 0.998964, -0.0369689
5.41218, 5.27879, 0.423864, 0.00983875, 0.999148, -0.0333935
5.41232, 5.27978, 0.420921, 0.0130236, 0.999269, -0.028674
5.41258, 5.27931, 0.419451, -0.0126511, -0.998907, 0.0384988
5.41307, 5.27916, 0.420678, -0.0154888, -0.999234, 0.0297175
5.41317, 5.28291, 0.418406, 0.0173015, 0.998991, -0.0338601
5.41187, 5.27815, 0.42035, 0.0106452, 0.999123, -0.0357633
5.4118, 5.28363, 0.420548, -0.0192571, -0.998556, 0.0449555
5.41287, 5.28061, 0.421277, -0.0140767, -0.998876, 0.0400048
5.41247, 5.28339, 0.420912, 0.0119832, 0.999183, -0.0314268
5.41239, 5.27997, 0.423266, 0.0123682, 0.999088, -0.0316978
5.41316, 5.28244, 0.422616, 0.0131351, 0.998709, -0.043683
5.41126, 5.28322, 0.423755, 0.0152463, 0.998764, -0.0391383
5.41251, 5.2819, 0.419514, -0.0134159, -0.998996, 0.037114
5.41191, 5.28348, 0.422993, -0.0138717, -0.998982, 0.0378962
5.41192, 5.28042, 0.42008, -0.0104055, -0.998969, 0.0374143
5.41202, 5.28328, 0.42172, 0.00826856, 0.999192, -0.0313732
5.41247, 5.28262, 0.420547, 0.0122722, 0.999281, -0.0301723
5.412, 5.2812, 0.422017, -0.0109485, -0.999121, 0.032725
5.41188, 5.2797, 0.421554, -0.00967539, -0.99927, 0.0262215
5.41147, 5.28187, 0.422066, -0.0132084, -0.999223, 0.0313059
5.41198, 5.27964, 0.425067, 0.01128, 0.999065, -0.0363903
5.41248, 5.28092, 0.420261, -0.0133254, -0.999225, 0.0314027
5.41171, 5.27955, 0.422687, -0.0114553, -0.999012, 0.0396005
5.41166, 5.27737, 0.421272, 0.0127142, 0.998957, -0.0399016
5.41148, 5.2786, 0.420156, -0.0164852, -0.999331, 0.0266832
5.41301, 5.28155, 0.420631, 0.00738356, 0.999142, -0.0353677
5.4123, 5.27869, 0.420187, 0.0122779, 0.998925, -0.0380601
5.41149, 5.27985, 0.418989, -0.0166175, -0.999286, 0.0259208
5.41148, 5.28012, 0.419722, 0.01573, 0.999018, -0.0349664
5.41292, 5.27998, 0.417213, 0.0113187, 0.999181, -0.0301093
5.41144, 5.2788, 0.422108, 0.0141252, 0.999302, -0.0294948
5.41261, 5.28103, 0.42261, 0.0132631, 0.999031, -0.0373226
5.41098, 5.27928, 0.423994, -0.0137395, -0.999247, 0.0318283
5.41237, 5.27789, 0.421631, 0.015334, 0.998998, -0.0350712
5.41109, 5.27873, 0.42316, 0.0129374, 0.999277, -0.0292747
5.41232, 5.2821, 0.420653, 0.0144097, 0.99886, -0.0345618
5.41204, 5.28041, 0.421916, 0.012916, 0.998934, -0.0390181
5.41226, 5.28188, 0.421201, -0.0118924, -0.999137, 0.0339459
5.41219, 5.28623, 0.423696, -0.0100187, -0.999036, 0.038546
5.4128, 5.27874, 0.419852, -0.0146132, -0.999367, 0.0257808
5.4119, 5.28237, 0.421903, 0.0142649, 0.999272, -0.0308504
5.41184, 5.27845, 0.420991, 0.0149461, 0.999092, -0.0332763
5.41186, 5.28428, 0.419349, 0.0172811, 0.999115, -0.030649
5.41264, 5.27895, 0.423441, 0.0129666, 0.999169, -0.0336777
5.41291, 5.28257, 0.420043, -0.0135658, -0.999178, 0.0324638
5.41187, 5.28364, 0.423919, 0.01302, 0.999088, -0.0355091
5.4123, 5.28158, 0.417519, -0.0144845, -0.999376, 0.027227
5.41231, 5.28132, 0.420038, 0.0133988, 0.999171, -0.0340184
5.41231, 5.28011, 0.417645, -0.0155681, -0.99866, 0.0394683
5.41333, 5.27914, 0.418285, 0.0115294, 0.999304, -0.0307746
5.41149, 5.28002, 0.420358, 0.0153197, 0.998688, -0.0446317
5.41208, 5.27811, 0.420734, -0.0112551, -0.999069, 0.0374114
5.41255, 5.28011, 0.420032, -0.0109584, -0.998974, 0.0348639
5.41225, 5.28254, 0.422902, -0.0136211, -0.998608, 0.0458335
5.41285, 5.28011, 0.422062, 0.00948985, 0.999123, -0.0362696
5.41313, 5.28107, 0.418972, 0.0113476, 0.998695, -0.0413903
5.41265, 5.28522, 0.421961, 0.0079492, 0.998834, -0.041826
5.41166, 5.28242, 0.422887, -0.014952, -0.998938, 0.0359457
5.41235, 5.28303, 0.42341, 0.0113194, 0.999352, -0.027264
5.41127, 5.27763, 0.42222, 0.0145425, 0.998963, -0.0366637
5.41221, 5.28171, 0.422249, -0.0104404, -0.999193, 0.0317077
5.41265, 5.28072, 0.423336, 0.0118112, 0.999189, -0.0316228
5.41268, 5.27857, 0.420153, -0.0124447, -0.99909, 0.0342405
5.41129, 5.28184, 0.422932, -0.0110637, -0.999134, 0.0346325
5.41261, 5.28238, 0.419753, 0.0133261, 0.999058, -0.0362401
5.41265, 5.28038, 0.41839, 0.0146313, 0.999087, -0.0337392
5.41239, 5.28125, 0.423169, -0.0123393, -0.999182, 0.0325893
5.41188, 5.27951, 0.417602, -0.0159419, -0.998874, 0.0396018
5.41241, 5.27728, 0.418418, 0.0126159, 0.999236, -0.03282
5.41172, 5.27853, 0.421798, 0.0133552, 0.999278, -0.0281372
5.4117, 5.28065, 0.42253, 0.0131692, 0.998915, -0.039599
5.41309, 5.27971, 0.415665, -0.015186, -0.998857, 0.0369979
5.41195, 5.28105, 0.421538, 0.0129337, 0.999072, -0.0370157
5.41172, 5.28066, 0.422719, -0.014539, -0.999024, 0.0358929
5.41169, 5.28025, 0.421658, 0.0138058, 0.998999, -0.0373699
5.41218, 5.27996, 0.422057, 0.0125815, 0.999123, -0.0306338
5.41097, 5.27924, 0.422668, 0.0112588, 0.999146, -0.030131
5.41134, 5.28011, 0.421093, 0.0143892, 0.999042, -0.0334114
5.41208, 5.28737, 0.426388, 0.0116293, 0.998557, -0.0448085
5.41212, 5.28159, 0.423447, -0.0146458, -0.999215, 0.0325243
5.41141, 5.27824, 0.417919, 0.0171582, 0.999208, -0.0294348
5.41277, 5.28066, 0.421084, 0.0113422, 0.998948, -0.0388274
5.41192, 5.27811, 0.422313, 0.0142601, 0.999188, -0.0313078
5.412, 5.28275, 0.420719, 0.0135502, 0.999152, -0.0343437
5.41311, 5.2794, 0.419345, 0.0173521, 0.998907, -0.0386335
5.41215, 5.28401, 0.419769, -0.00953888, -0.99897, 0.0388759
5.41262, 5.27766, 0.424776, -0.0109571, -0.999266, 0.0294594
5.41124, 5.27899, 0.421842, 0.0143366, 0.999174, -0.0304265
5.41206, 5.28338, 0.420732, 0.010876, 0.999018, -0.0359441
5.41166, 5.28051, 0.423287, -0.0114947, -0.998689, 0.0439904
5.41382, 5.27798, 0.418698, 0.00861114, 0.999287, -0.0314681
5.41151, 5.28281, 0.422586, -0.0125869, -0.998881, 0.0397714
5.41231, 5.28094, 0.419211, 0.0107886, 0.998905, -0.0387746
5.41224, 5.27933, 0.422732, -0.0136295, -0.998746, 0.0427409
5.41138, 5.28046, 0.420922, 0.0110669, 0.999201, -0.0320163
5.41131, 5.27882, 0.424525, -0.0108766, -0.999281, 0.0330544
5.41269, 5.28368, 0.423063, 0.0131779, 0.998834, -0.0390734
5.4114, 5.28358, 0.422053, -0.0142181, -0.998958, 0.0386829
5.41173, 5.28027, 0.422172, -0.0127783, -0.999104, 0.0358106
5.41335, 5.28219, 0.420527, 0.0141636, 0.999142, -0.0342915
5.41279, 5.28099, 0.419261, -0.0177743, -0.998532, 0.0432993
5.41205, 5.28008, 0.423266, 0.00733112, 0.999107, -0.0368309
5.41226, 5.27862, 0.421033, 0.0145256, 0.998988, -0.0385616
5.41152, 5.28338, 0.421702, -0.0166946, -0.998539, 0.042769
5.41235, 5.28068, 0.421236, -0.010439, -0.998877, 0.0412931
5.41157, 5.27838, 0.424143, 0.0164232, 0.998978, -0.0353824
5.41297, 5.28188, 0.419559, 0.0116382, 0.998999, -0.0382726
5.41229, 5.28012, 0.418645, 0.0156151, 0.999034, -0.0366909
5.41301, 5.28105, 0.419946, 0.011588, 0.999147, -0.0318557
5.41274, 5.27932, 0.421531, -0.0143366, -0.999278, 0.0324454
5.41151, 5.28089, 0.41736, 0.0133233, 0.999211, -0.0291929
5.41233, 5.28025, 0.417743, 0.0141148, 0.999275, -0.025593
5.41151, 5.28001, 0.421307, -0.0127757, -0.999107, 0.033997
5.41151, 5.27929, 0.427533, 0.013166, 0.999192, -0.0333096
5.41246, 5.28133, 0.417505, -0.0141371, -0.999014, 0.0360547
5.41177, 5.28218, 0.423531, 0.0115346, 0.999015, -0.0396269
5.41137, 5.27976, 0.421425, 0.0107159, 0.999222, -0.0270276
5.412, 5.27928, 0.421782, 0.0148177, 0.998723, -0.0394914
5.41228, 5.29002, 0.42414, -0.0118532, -0.998838, 0.0407525
5.41313, 5.28406, 0.41967, -0.0110871, -0.99914, 0.0320914
5.41144, 5.27763, 0.420946, -0.0155409, -0.9992, 0.0298643
5.41207, 5.27975, 0.4219, 0.0150931, 0.99895, -0.0349217
5.41331, 5.28355, 0.419355, -0.0111619, -0.999107, 0.0328067
5.41219, 5.28188, 0.422552, 0.0154732, 0.998778, -0.0397775
5.41159, 5.27777, 0.420895, 0.013888, 0.999268, -0.0272897
5.41135, 5.28281, 0.422909, -0.0132114, -0.99886, 0.0415852
5.41161, 5.27668, 0.421435, -0.0117698, -0.999375, 0.0281336
5.41124, 5.28011, 0.42321, 0.0155572, 0.998915, -0.0376271
5.41223, 5.28284, 0.423903, 0.0119702, 0.999, -0.0373379
5.41167, 5.27901, 0.419876, 0.0152877, 0.998734, -0.0418479
5.41268, 5.28572, 0.421517, -0.0146526, -0.998963, 0.0368746
5.41222, 5.27835, 0.423179, -0.0108942, -0.998986, 0.0382197
5.41295, 5.28066, 0.42101, -0.0120293, -0.999241, 0.0333427
5.41196, 5.28296, 0.423501, 0.0139764, 0.99905, -0.0337042
5.41259, 5.28017, 0.422015, -0.012568, -0.999117, 0.0370827
5.41209, 5.27913, 0.422147, -0.0175193, -0.998771, 0.0409953
5.4125, 5.28218, 0.423519, 0.010681, 0.999058, -0.0356772
5.4119, 5.28542, 0.423061, -0.0163057, -0.998596, 0.04301
5.41137, 5.28379, 0.423626, 0.0140549, 0.998782, -0.042236
5.41212, 5.28196, 0.421493, 0.012352, 0.999231, -0.031938
5.4113, 5.27761, 0.423539, 0.0147707, 0.999372, -0.0238296
5.41257, 5.27835, 0.421665, 0.0147236, 0.998878, -0.0389348
5.41127, 5.28161, 0.418939, -0.0152819, -0.999203, 0.0289296
5.41208, 5.28061, 0.417936, 0.0109791, 0.999186, -0.032671
5.41386, 5.28049, 0.41892, 0.0132962, 0.999013, -0.0353302
5.41239, 5.28445, 0.419735, 0.0153891, 0.998924, -0.0369809
5.41216, 5.27789, 0.421791, -0.0159404, -0.999332, 0.0266592
5.41362, 5.27845, 0.4183, -0.0127157, -0.998778, 0.0400102
5.41219, 5.28279, 0.421042, -0.0143057, -0.999185, 0.0333341
5.41154, 5.27738, 0.423697, -0.0134023, -0.999163, 0.0320098
5.41208, 5.27908, 0.423694, 0.0125061, 0.998733, -0.0412044
5.41208, 5.28094, 0.419599, 0.0172943, 0.999028, -0.0311546
5.41236, 5.28015, 0.421837, 0.0109225, 0.999045, -0.0327766
5.41187, 5.28325, 0.42297, 0.0111757, 0.998694, -0.0465591
5.41197, 5.27981, 0.426008, 0.0160531, 0.999307, -0.029512
5.41197, 5.27882, 0.422293, -0.0165925, -0.999054, 0.0293655
5.41178, 5.28335, 0.424181, -0.0105237, -0.998673, 0.0439596
5.41212, 5.27833, 0.422703, -0.0123808, -0.999236, 0.0315683
5.41262, 5.28129, 0.423209, 0.00929704, 0.999169, -0.034062
5.4123, 5.27898, 0.423431, 0.0182408, 0.998804, -0.0411223
5.41149, 5.27808, 0.425894, 0.0126292, 0.999326, -0.032262
5.41221, 5.27933, 0.422411, 0.0112949, 0.999104, -0.034875
5.41303, 5.2829, 0.421233, -0.00992518, -0.998812, 0.0433684
5.41207, 5.28331, 0.424143, -0.012527, -0.998568, 0.0467116
5.41114, 5.28247, 0.42309, 0.0141535, 0.999181, -0.0331695
5.41222, 5.27872, 0.420184, -0.0120281, -0.998944, 0.0398443
5.41213, 5.28215, 0.422616, 0.0139103, 0.99889, -0.0391121
5.41193, 5.28124, 0.420514, 0.0129618, 0.999184, -0.0339132
5.41294, 5.27975, 0.423173, 0.010034, 0.998898, -0.0403626
5.41209, 5.28019, 0.422521, -0.0117708, -0.999269, 0.0323935
5.41233, 5.28096, 0.418101, 0.0138737, 0.99927, -0.0274471
5.41149, 5.28069, 0.42387, 0.015247, 0.999095, -0.0364877
5.41321, 5.28372, 0.419366, 0.0131383, 0.999086, -0.0367883
5.41346, 5.28255, 0.421142, -0.0127162, -0.999106, 0.034073
5.41237, 5.28082, 0.422647, 0.012902, 0.99895, -0.0386292
5.41106, 5.28039, 0.422587, -0.0147434, -0.998976, 0.0356235
5.41094, 5.2795, 0.420455, 0.0117708, 0.999102, -0.0333148
5.41094, 5.28272, 0.420318, 0.0147772, 0.998958, -0.0373403
5.41238, 5.2853, 0.419842, 0.0153322, 0.999056, -0.0340161
5.41042, 5.27829, 0.422707, 0.012863, 0.998898, -0.0403415
5.41267, 5.28142, 0.41839, 0.0167554, 0.998764, -0.0428738
5.41106, 5.28035, 0.423276, 0.0141294, 0.998936, -0.0387089
5.41289, 5.28289, 0.417998, 0.00940096, 0.999249, -0.0325464
5.41123, 5.28032, 0.423443, -0.0160096, -0.998998, 0.0355337
5.4128, 5.28423, 0.419446, 0.0132128, 0.998849, -0.0408628
5.41238, 5.28346, 0.42298, 0.0119209, 0.999036, -0.0351874
5.41134, 5.28049, 0.416563, 0.0187014, 0.998769, -0.0389089
5.41254, 5.28185, 0.421562, -0.0154964, -0.999173, 0.0304108
5.41163, 5.28129, 0.421277, -0.0132881, -0.998954, 0.0383411
5.41251, 5.28434, 0.420838, 0.0111391, 0.99898, -0.0381809
5.41091, 5.28315, 0.422827, 0.0129529, 0.998881, -0.0399852
5.41246, 5.28226, 0.422987, -0.0125433, -0.998919, 0.0401062
5.41123, 5.28467, 0.420708, 0.0159244, 0.999123, -0.0308737
5.41179, 5.28086, 0.419959, -0.0146321, -0.998868, 0.0383082
5.4123, 5.28223, 0.420246, 0.015093, 0.998964, -0.0307965
5.41142, 5.27956, 0.423012, 0.0159156, 0.999296, -0.0281716
5.41095, 5.2793, 0.421798, -0.014912, -0.998853, 0.0403853
5.41303, 5.2842, 0.422338, -0.0111083, -0.999322, 0.0305413
5.41252, 5.28063, 0.423889, 0.0177567, 0.998702, -0.0383947
5.41217, 5.28212, 0.423178, 0.0148891, 0.998912, -0.040251
5.41137, 5.28316, 0.42222, 0.014676, 0.999037, -0.0361536
5.41233, 5.28309, 0.41968, -0.0105021, -0.999095, 0.0355763
5.41161, 5.27711, 0.424876, -0.0173565, -0.999179, 0.033761
5.413, 5.28053, 0.422818, 0.00919879, 0.999015, -0.0361049
5.41175, 5.28046, 0.420984, -0.0171033, -0.999247, 0.028849
5.41291, 5.27791, 0.420018, -0.0106615, -0.999343, 0.0281055
5.41159, 5.28124, 0.418658, 0.0109349, 0.999021, -0.0370325
5.41274, 5.28264, 0.41957, 0.0153394, 0.999036, -0.037022
5.41434, 5.28332, 0.416619, -0.0132048, -0.999243, 0.026841
5.41242, 5.27986, 0.42288, 0.0112008, 0.999135, -0.0350473
5.41201, 5.28241, 0.422615, 0.0147312, 0.998852, -0.0404523
5.41199, 5.28015, 0.420203, -0.0115722, -0.998899, 0.0367467
5.41135, 5.27824, 0.423588, 0.0135664, 0.999216, -0.0321537
5.41234, 5.28359, 0.421614, 0.00802839, 0.998994, -0.0375914
5.41171, 5.28089, 0.424412, 0.0171988, 0.998591, -0.0450688
5.41387, 5.28219, 0.419685, -0.00584109, -0.999156, 0.0342716
5.41241, 5.28693, 0.422336, -0.011676, -0.998945, 0.0391
5.41302, 5.28023, 0.419274, 0.0145636, 0.998844, -0.0394655
5.41124, 5.27717, 0.421433, 0.0147965, 0.999021, -0.0341751
5.4124, 5.28431, 0.422365, -0.0106088, -0.998845, 0.0382556
5.41188, 5.27994, 0.422938, -0.0163762, -0.998905, 0.039348
5.4124, 5.28193, 0.419039, -0.0126564, -0.999312, 0.0312175
5.41299, 5.28001, 0.421008, -0.0119166, -0.999097, 0.0350871
5.41227, 5.28343, 0.422207, 0.0084071, 0.999052, -0.0388846
5.41157, 5.27987, 0.424395, 0.0131059, 0.999232, -0.032812
5.41093, 5.28045, 0.419517, 0.0153306, 0.998814, -0.039934
5.41261, 5.27929, 0.420389, -0.0134028, -0.999242, 0.0298561
5.41224, 5.28626, 0.421336, 0.0129282, 0.998904, -0.0407132
5.41222, 5.28008, 0.421161, -0.010451, -0.99916, 0.0324616
5.41221, 5.27846, 0.42511, 0.0137762, 0.9988, -0.0399419
5.41168, 5.28298, 0.422778, -0.0140711, -0.99906, 0.0347463
5.41181, 5.27923, 0.420664, 0.0122621, 0.999244, -0.0318897
5.41305, 5.27858, 0.423074, 0.0145503, 0.999138, -0.0338113
5.41224, 5.27904, 0.419785, -0.0139166, -0.999204, 0.0330327
5.41229, 5.28552, 0.421227, -0.0121191, -0.999243, 0.0317635
5.41154, 5.28002, 0.422576, 0.0167429, 0.999212, -0.0316587
5.41189, 5.27948, 0.419953, -0.0163695, -0.999094, 0.0334029
5.41141, 5.27849, 0.42253, 0.0101766, 0.99897, -0.0399333
5.41185, 5.2797, 0.422827, -0.0169193, -0.998845, 0.0383586
5.41272, 5.28423, 0.422068, 0.0111847, 0.999081, -0.0332668
5.41106, 5.27961, 0.422542, -0.016465, -0.999195, 0.0305236
5.41125, 5.28044, 0.420007, 0.0146553, 0.998998, -0.0309883
5.41291, 5.28636, 0.422809, 0.0133271, 0.998799, -0.0393689
5.41305, 5.28418, 0.418272, 0.0107481, 0.998791, -0.0397069
5.41258, 5.27819, 0.425709, 0.0117179, 0.998896, -0.0399378
5.41202, 5.28056, 0.418159, 0.0199655, 0.998437, -0.0436606
5.41182, 5.28479, 0.423499, 0.0161809, 0.998526, -0.0458126
5.41262, 5.28189, 0.420519, -0.0111426, -0.99896, 0.0345058
5.4112, 5.28401, 0.421743, 0.0157186, 0.99914, -0.0322145
5.41127, 5.279, 0.4239, -0.0130262, -0.999206, 0.0333969
5.41199, 5.28102, 0.42164, 0.0122619, 0.999006, -0.0352756
5.41206, 5.28426, 0.419599, -0.013269, -0.99916, 0.0353137
5.41138, 5.28037, 0.420839, 0.0135538, 0.999076, -0.0347569
5.41267, 5.2823, 0.42053, 0.0131234, 0.998901, -0.0376632
5.41271, 5.28451, 0.419217, 0.0134826, 0.999103, -0.0347552
5.4109, 5.27922, 0.421493, 0.0166012, 0.999135, -0.0324886
5.41224, 5.2786, 0.421169, 0.0144248, 0.999036, -0.0354989
5.4111, 5.27881, 0.424421, 0.0111648, 0.999186, -0.0297801
5.41202, 5.28255, 0.424366, -0.0118896, -0.998784, 0.0424833
5.41227, 5.28365, 0.420994, 0.016182, 0.998991, -0.0333229
5.41326, 5.28542, 0.421619, -0.0133868, -0.99891, 0.038008
5.41257, 5.28059, 0.419864, -0.00996839, -0.998768, 0.0422345
5.41215, 5.27816, 0.423137, -0.0178986, -0.999277, 0.0265507
5.4113, 5.27969, 0.423811, -0.0196941, -0.998938, 0.0357821
5.41186, 5.27855, 0.422125, -0.016198, -0.999497, 0.0254974
5.41289, 5.27862, 0.419569, 0.012182, 0.999378, -0.0284728
5.41193, 5.27968, 0.42291, 0.0127802, 0.999043, -0.0370551
5.41167, 5.28171, 0.423705, -0.0140931, -0.999103, 0.0325609
5.41211, 5.2812, 0.422413, -0.0133873, -0.998885, 0.0395578
5.41087, 5.27962, 0.422756, 0.0162587, 0.998987, -0.0359281
5.41243, 5.28363, 0.422584, -0.0101872, -0.999388, 0.0265926
5.41281, 5.28262, 0.421145, -0.0139274, -0.998926, 0.0393391
5.41235, 5.2798, 0.418887, -0.0125814, -0.999062, 0.0335302
5.41183, 5.27927, 0.418301, 0.0106135, 0.999232, -0.032679
5.41167, 5.27804, 0.421488, 0.0138399, 0.999386, -0.0285539
5.41231, 5.28337, 0.423155, -0.0105778, -0.998784, 0.0402875
5.4122, 5.2783, 0.423202, -0.0138658, -0.999123, 0.033763
5.41134, 5.28036, 0.423805, 0.0153359, 0.998707, -0.0403311
5.41193, 5.28116, 0.421613, 0.016196, 0.999423, -0.0251484
5.41276, 5.28077, 0.418982, -0.013252, -0.999326, 0.0260585
5.4133, 5.27955, 0.421718, 0.00884816, 0.998967, -0.0357845
5.41163, 5.28232, 0.422428, 0.0142462, 0.999141, -0.0335378
5.41241, 5.28049, 0.421502, 0.0118958, 0.998986, -0.0344091
5.41223, 5.27982, 0.424284, 0.0112716, 0.999125, -0.0355978
5.41162, 5.28103, 0.420408, 0.0144428, 0.999179, -0.0314424
5.41197, 5.27999, 0.423178, -0.0127032, -0.998769, 0.0411214
5.41132, 5.28278, 0.424002, 0.0119802, 0.999045, -0.0370207
5.41152, 5.28176, 0.422667, -0.0122217, -0.999213, 0.0332347
5.41322, 5.28154, 0.420725, -0.0104285, -0.998972, 0.036241
5.41185, 5.27897, 0.423292, 0.0132639, 0.999187, -0.0337312
5.41284, 5.27961, 0.418075, -0.0141912, -0.999259, 0.02928
5.41287, 5.27888, 0.422296, -0.0114835, -0.998845, 0.0410349
5.4126, 5.28151, 0.421157, 0.0109226, 0.998933, -0.0378824
5.41338, 5.27865, 0.421356, -0.0129226, -0.999007, 0.0362015
5.41258, 5.28126, 0.420576, -0.0175192, -0.998997, 0.0340276
5.41262, 5.28019, 0.423563, 0.0143314, 0.999254, -0.0293708
5.41143, 5.27966, 0.421329, 0.0151427, 0.999231, -0.0289534
5.41184, 5.27909, 0.421214, -0.0118505, -0.999229, 0.0312521
5.4121, 5.27841, 0.424191, 0.0115222, 0.998972, -0.0375156
5.41354, 5.28352, 0.421527, -0.0109371, -0.998874, 0.0390973
5.41218, 5.2806, 0.424218, -0.0172995, -0.99884, 0.0395144
5.41199, 5.2833, 0.420136, -0.0135194, -0.998837, 0.0379221
5.41082, 5.27782, 0.424702, 0.0180116, 0.998907, -0.037134
5.41329, 5.27917, 0.417177, 0.0133728, 0.999019, -0.0346948
5.41191, 5.28394, 0.422594, -0.0155058, -0.998769, 0.0405651
5.41134, 5.28368, 0.424392, -0.0148279, -0.999081, 0.0341064
5.41173, 5.28334, 0.425361, -0.0115381, -0.999034, 0.0385429
5.41144, 5.28033, 0.420796, 0.0130739, 0.998948, -0.0380078
5.41163, 5.2838, 0.418484, 0.0191911, 0.999001, -0.031166
5.41139, 5.27879, 0.420132, 0.0136522, 0.999195, -0.0304102
5.4122, 5.27969, 0.422683, -0.0174819, -0.999109, 0.0263681
5.41182, 5.28116, 0.421517, 0.0104406, 0.999217, -0.0339657
5.41215, 5.27973, 0.420844, 0.0120198, 0.999125, -0.033148
5.4124, 5.2829, 0.423205, 0.0134042, 0.998887, -0.0411828
5.41187, 5.28151, 0.422977, 0.0136326, 0.998931, -0.0371459
5.41168, 5.2809, 0.421253, -0.0125012, -0.999053, 0.0360297
5.41294, 5.28068, 0.422263, 0.0134336, 0.999275, -0.0293085
5.41128, 5.27881, 0.420933, -0.0147654, -0.999486, 0.0225659
5.41186, 5.27883, 0.422834, -0.0141292, -0.999056, 0.0349851
5.41179, 5.27806, 0.422691, 0.0112676, 0.999234, -0.0294242
5.41223, 5.27704, 0.419518, 0.0156321, 0.999261, -0.0239417
5.41272, 5.27996, 0.41887, 0.014721, 0.999176, -0.0303629
5.41156, 5.28037, 0.422518, -0.0145011, -0.999279, 0.0301888
5.41265, 5.27963, 0.423065, 0.0129338, 0.999003, -0.0381122
5.41243, 5.28003, 0.422162, -0.0102829, -0.998863, 0.0419464
5.41201, 5.28312, 0.421123, -0.0136951, -0.999254, 0.0283526
5.41191, 5.27737, 0.421205, -0.0123191, -0.999194, 0.0319815
5.41211, 5.2834, 0.426858, -0.00966088, -0.998907, 0.0398846
5.41247, 5.27816, 0.422496, -0.0136699, -0.99912, 0.0347472
5.41183, 5.2779, 0.421229, -0.0128929, -0.999113, 0.0333473
5.41166, 5.27892, 0.419699, -0.0147509, -0.99921, 0.0312918
5.41211, 5.28622, 0.423974, 0.0103956, 0.998953, -0.0402182
5.4123, 5.28572, 0.423463, -0.00971862, -0.999102, 0.0379733
5.41318, 5.27996, 0.422259, 0.0104086, 0.999087, -0.0350647
5.41251, 5.28467, 0.421334, -0.0121133, -0.998928, 0.0363601
5.41011, 5.28281, 0.417591, -0.0159968, -0.999006, 0.0326427
5.41235, 5.27963, 0.42366, 0.0143062, 0.999022, -0.0310204
5.41157, 5.27911, 0.422491, 0.0127317, 0.999121, -0.0341716
5.41298, 5.27877, 0.421949, 0.0139175, 0.998844, -0.039718
5.41251, 5.28317, 0.422035, 0.0088566, 0.998999, -0.0380406
5.41205, 5.27753, 0.424127, 0.0122335, 0.999164, -0.0323666
5.41228, 5.2777, 0.420415, 0.0121929, 0.999347, -0.0284003
5.41194, 5.28024, 0.420182, -0.0149573, -0.998758, 0.0400965
5.41217, 5.2786, 0.420149, 0.0174608, 0.998715, -0.0414333
5.41164, 5.27776, 0.423647, -0.0158014, -0.999098, 0.0341095
5.41214, 5.27885, 0.422421, -0.0123301, -0.999366, 0.029041
5.41226, 5.27914, 0.423827, 0.00998051, 0.999114, -0.0317708
5.41217, 5.28305, 0.420988, 0.0127685, 0.998831, -0.0393121
5.41209, 5.28224, 0.420785, 0.0112392, 0.999312, -0.0315998
5.41143, 5.2796, 0.422213, 0.016304, 0.999205, -0.0299105
5.41138, 5.27824, 0.423727, 0.0152524, 0.998973, -0.034191
5.41137, 5.28254, 0.423855, -0.0144871, -0.998761, 0.0420844
5.41276, 5.28273, 0.419658, 0.0094397, 0.998954, -0.0383391
5.41238, 5.28196, 0.423335, 0.00645678, 0.999094, -0.0357709
5.41264, 5.27907, 0.421208, -0.013316, -0.999138, 0.0322483
5.41256, 5.28077, 0.422513, -0.0101484, -0.999236, 0.0331236
5.41179, 5.27819, 0.422426, -0.0149366, -0.998846, 0.0391149
5.41307, 5.28213, 0.419381, 0.0145198, 0.999076, -0.035338
5.41241, 5.28438, 0.423307, -0.0142312, -0.999003, 0.0357311
5.41269, 5.27701, 0.419177, 0.0132667, 0.999055, -0.0366895
5.41256, 5.28627, 0.420813, -0.00951297, -0.998719, 0.0452043
5.41198, 5.28055, 0.420936, 0.0138012, 0.999062, -0.0344747
5.41163, 5.27944, 0.419201, 0.0157686, 0.998909, -0.0374073
5.41187, 5.28296, 0.422866, -0.0152617, -0.998893, 0.04079
5.41376, 5.27775, 0.418946, 0.0106796, 0.999234, -0.0335529
5.41155, 5.27849, 0.423033, 0.0144546, 0.999439, -0.0266425
5.41245, 5.28301, 0.421608, 0.0103027, 0.999112, -0.0345134
5.41227, 5.27925, 0.417156, 0.0147511, 0.999175, -0.0320701
5.41252, 5.28141, 0.419478, -0.0126189, -0.999207, 0.0314434
5.41144, 5.27798, 0.423823, 0.0164249, 0.999057, -0.0346972
5.41271, 5.2802, 0.421656, 0.0128868, 0.999208, -0.0308213
5.41328, 5.2819, 0.421614, -0.00955426, -0.998976, 0.0344468
5.41287, 5.27885, 0.420389, 0.0103455, 0.999122, -0.0374244
5.41255, 5.28048, 0.420238, 0.0145275, 0.998971, -0.0373031
5.41268, 5.28358, 0.421596, 0.019634, 0.998778, -0.0372965
5.41189, 5.28173, 0.422222, -0.0102, -0.998943, 0.0386802
5.41171, 5.27801, 0.421156, -0.014072, -0.999268, 0.0273172
5.41299, 5.28609, 0.41908, -0.0133178, -0.998683, 0.0422504
5.41262, 5.28213, 0.422426, -0.012132, -0.999206, 0.0342473
5.41226, 5.27781, 0.41897, 0.0178543, 0.999003, -0.0360362
5.41324, 5.28222, 0.417841, -0.0149272, -0.998804, 0.0414426
5.41267, 5.28141, 0.420833, 0.0126974, 0.999119, -0.0345632
5.41248, 5.28666, 0.423238, 0.011428, 0.998946, -0.0385038
5.41177, 5.28029, 0.4208, 0.0129378, 0.999319, -0.0298654
5.41157, 5.2825, 0.42162, 0.01494, 0.999057, -0.0353471
5.4116, 5.2781, 0.42385, -0.0109482, -0.998965, 0.0399223
5.41099, 5.27949, 0.423585, -0.0139417, -0.999233, 0.0306062
5.41219, 5.27885, 0.420857, -0.0152153, -0.999155, 0.0349688
5.412, 5.28006, 0.423105, -0.0108927, -0.999128, 0.0333515
5.4121, 5.28115, 0.42018, -0.0127073, -0.999045, 0.0337773
5.41139, 5.27966, 0.423125, -0.0108005, -0.999367, 0.0261209
5.41201, 5.28178, 0.422617, -0.0122622, -0.999453, 0.0256601
5.41226, 5.27423, 0.419638, -0.0155196, -0.999229, 0.0285925
5.4126, 5.28497, 0.421413, 0.0132297, 0.998936, -0.0395775
5.41219, 5.28163, 0.420446, -0.0178016, -0.998983, 0.0331235
5.41242, 5.27822, 0.422007, -0.0125548, -0.998855, 0.04077
5.41071, 5.27852, 0.419442, 0.0140315, 0.999068, -0.0359055
5.41209, 5.28088, 0.419878, 0.0118964, 0.998904, -0.0389964
5.41174, 5.28366, 0.422594, -0.0139488, -0.998975, 0.0384645
5.41216, 5.2804, 0.421732, 0.0146208, 0.998954, -0.0359803
5.41212, 5.28002, 0.422376, 0.0122796, 0.999241, -0.0325417
5.41114, 5.27753, 0.423309, 0.0148484, 0.999283, -0.0297638
5.41284, 5.27823, 0.42041, 0.0155718, 0.998874, -0.0392732
5.41223, 5.27967, 0.423435, 0.0121995, 0.999042, -0.0373779
5.41153, 5.27794, 0.423152, 0.0124972, 0.999279, -0.0318908
5.41261, 5.28526, 0.420994, 0.0121361, 0.998937, -0.0407427
5.41236, 5.28037, 0.424027, 0.0148337, 0.998931, -0.0381711
5.412, 5.27985, 0.422899, 0.0128294, 0.999222, -0.0335038
5.41204, 5.27976, 0.420751, -0.0159023, -0.999096, 0.0336396
5.41226, 5.27746, 0.42132, 0.0117022, 0.999189, -0.0354491
5.4115, 5.27984, 0.424561, 0.0182476, 0.999004, -0.0374027
5.41268, 5.28098, 0.419031, -0.00948061, -0.999137, 0.0330796
5.4132, 5.27946, 0.421582, 0.0154616, 0.998942, -0.0352842
5.41243, 5.28206, 0.42491, -0.0106378, -0.998752, 0.0433143
5.41187, 5.27902, 0.421069, -0.0123933, -0.999119, 0.0328025
5.41208, 5.27926, 0.424954, 0.0114693, 0.998739, -0.0436485
5.412, 5.28442, 0.424048, -0.0142894, -0.999015, 0.0359248
5.4112, 5.27843, 0.420546, 0.014931, 0.999311, -0.0280631
5.41118, 5.2825, 0.422635, -0.0174494, -0.998988, 0.0349664
5.41245, 5.28055, 0.42007, -0.0104072, -0.999005, 0.0356572
5.4122, 5.28055, 0.421361, 0.0172438, 0.99907, -0.0316027
5.41183, 5.28004, 0.423654, -0.0126801, -0.999141, 0.0349302
5.41274, 5.28035, 0.423071, 0.0110352, 0.999062, -0.0347698
5.41279, 5.28234, 0.42064, -0.0135779, -0.998572, 0.0452612
5.41194, 5.28345, 0.423223, 0.0109816, 0.999039, -0.038192
5.41273, 5.28147, 0.421962, -0.0138389, -0.999183, 0.0316672
5.41285, 5.28439, 0.421298, -0.0135432, -0.9988, 0.0410236
5.41139, 5.28176, 0.421457, -0.0186951, -0.999099, 0.0332905
5.41244, 5.27831, 0.419804, -0.0143583, -0.999091, 0.0309214
5.41198, 5.27845, 0.421963, -0.0168588, -0.999114, 0.0305923
5.41134, 5.27975, 0.422089, 0.0134406, 0.999316, -0.0249615
5.41125, 5.27915, 0.422471, -0.0166493, -0.999143, 0.0322044
5.41225, 5.28036, 0.419507, 0.0139806, 0.999081, -0.0296448
5.41236, 5.27974, 0.421934, -0.0131917, -0.998834, 0.0422665
5.41262, 5.28337, 0.41949, -0.0161886, -0.999059, 0.0317473
5.41298, 5.28078, 0.417875, 0.0145785, 0.999042, -0.0359672
5.41188, 5.27926, 0.421069, -0.0148162, -0.998811, 0.0402605
5.41304, 5.28151, 0.423756, 0.014949, 0.999027, -0.035171
5.41219, 5.27942, 0.423075, -0.01424, -0.99926, 0.0315128
5.41141, 5.2806, 0.421106, -0.0122912, -0.999174, 0.0334295
5.41219, 5.27983, 0.421108, -0.0101575, -0.999126, 0.0367683
5.41327, 5.28098, 0.419875, -0.0107379, -0.999031, 0.0378037
5.41164, 5.28294, 0.421764, -0.0138517, -0.998775, 0.0427726
5.41318, 5.27874, 0.421711, 0.0104859, 0.999358, -0.0295961
5.41155, 5.27961, 0.424316, 0.0130943, 0.999116, -0.0366512
5.4118, 5.28335, 0.419729, -0.0144353, -0.999048, 0.0318205
5.41252, 5.27871, 0.418567, -0.0152733, -0.999298, 0.0266882
5.41134, 5.28224, 0.423326, -0.0139358, -0.998794, 0.0427397
5.41181, 5.28115, 0.421945, -0.0159297, -0.99916, 0.0311053
5.41276, 5.28232, 0.420619, 0.0115241, 0.999285, -0.029168
5.41134, 5.28183, 0.419661, -0.01538, -0.998851, 0.0361284
5.41262, 5.28622, 0.421937, -0.0104709, -0.999127, 0.0331972
5.41196, 5.28095, 0.424708, 0.0127619, 0.998925, -0.0385007
5.41281, 5.28111, 0.422755, -0.0104824, -0.998928, 0.0405022
5.41221, 5.28054, 0.419983, 0.0115595, 0.999058, -0.0379513
5.41321, 5.28161, 0.418943, -0.0139247, -0.999138, 0.0306202
5.41221, 5.28192, 0.421863, 0.0116064, 0.99914, -0.033457
5.41224, 5.28025, 0.422549, 0.0144914, 0.998778, -0.0413352
5.41177, 5.27971, 0.422146, 0.0139056, 0.999236, -0.0313155
5.41312, 5.28113, 0.421431, 0.0125401, 0.999022, -0.036814
5.41277, 5.27846, 0.420805, -0.0138163, -0.999267, 0.0306279
5.41288, 5.28146, 0.42084, -0.0102255, -0.999156, 0.0351672
5.41156, 5.27913, 0.420201, 0.0152919, 0.999071, -0.0330795
5.41252, 5.28153, 0.418909, -0.0149882, -0.998982, 0.0371899
5.41198, 5.279, 0.422382, 0.0165833, 0.998742, -0.0385313
5.41286, 5.28402, 0.419818, 0.0119196, 0.999014, -0.0383712
5.41234, 5.28657, 0.421175, 0.0120134, 0.998734, -0.0452805
5.41208, 5.28304, 0.420496, 0.0111996, 0.999151, -0.0293723
5.41309, 5.27985, 0.418211, 0.0126754, 0.998954, -0.0335839
5.41237, 5.282, 0.424923, -0.0111304, -0.999169, 0.0345575
5.4118, 5.28103, 0.421885, -0.013887, -0.998751, 0.0445619
5.41158, 5.28339, 0.421462, 0.0147099, 0.999183, -0.0307823
5.4126, 5.28423, 0.420242, -0.0140719, -0.999058, 0.0341801
5.41266, 5.27733, 0.422898, -0.0136275, -0.999308, 0.0309157
5.41251, 5.27782, 0.421355, 0.0136771, 0.999302, -0.0284779
5.41185, 5.28097, 0.421346, -0.0177126, -0.999196, 0.0302021
5.41168, 5.27949, 0.422337, -0.0135662, -0.998726, 0.0439131
5.41324, 5.28314, 0.422216, -0.0146938, -0.998989, 0.0369814
5.41182, 5.28424, 0.42521, 0.0114071, 0.998877, -0.0392132
5.41288, 5.28104, 0.422433, -0.0150906, -0.998947, 0.0389683
5.41252, 5.27968, 0.417967, 0.0172675, 0.999166, -0.0302753
5.41251, 5.28216, 0.42016, 0.0163857, 0.999162, -0.0308314
5.41244, 5.28291, 0.419989, -0.0146142, -0.998659, 0.0427491
5.41241, 5.27856, 0.422007, -0.0127469, -0.998987, 0.0363682
5.41246, 5.27815, 0.421268, 0.0130727, 0.999038, -0.0361026
5.41171, 5.27848, 0.420648, 0.0151746, 0.999216, -0.0269822
5.41195, 5.27856, 0.421019, -0.0118196, -0.999409, 0.0271592
5.41215, 5.27933, 0.419854, 0.0167417, 0.999138, -0.0327032
5.41129, 5.28085, 0.42035, -0.0166734, -0.999116, 0.0295411
5.41268, 5.28159, 0.422702, 0.0135403, 0.998925, -0.0368618
5.4134, 5.28184, 0.420073, 0.0110797, 0.998978, -0.0377579
5.41402, 5.28013, 0.418725, -0.00976553, -0.999213, 0.0330946
5.4117, 5.27894, 0.426405, -0.0122872, -0.999113, 0.0371171
5.41249, 5.27906, 0.422456, 0.0118887, 0.999053, -0.0360897
5.41337, 5.28249, 0.421411, -0.0112051, -0.998822, 0.0431532
5.4121, 5.28359, 0.420765, 0.0138931, 0.999062, -0.0348902
5.4127, 5.28106, 0.422236, 0.0135314, 0.999083, -0.0368237
5.41279, 5.2784, 0.423427, -0.0126027, -0.999168, 0.0328909
5.41229, 5.28426, 0.420639, 0.0142467, 0.999021, -0.0366124
5.41261, 5.28222, 0.421135, 0.0151688, 0.998834, -0.0400159
5.41269, 5.28326, 0.422631, 0.011937, 0.999225, -0.0315856
5.41321, 5.28038, 0.420064, -0.0140717, -0.999156, 0.0329575
5.41163, 5.28473, 0.423699, 0.013847, 0.999312, -0.0269628
5.41252, 5.27959, 0.422645, 0.0138523, 0.999087, -0.0341778
5.41187, 5.2821, 0.423068, -0.0165649, -0.998947, 0.0369933
5.41181, 5.27986, 0.423772, -0.0159649, -0.999031, 0.0332842
5.4129, 5.28166, 0.425281, 0.0101924, 0.999016, -0.0388691
5.41329, 5.28121, 0.421365, -0.0132588, -0.998974, 0.0363292
5.41244, 5.28413, 0.422473, -0.0116122, -0.998809, 0.0406153
5.4131, 5.28409, 0.420464, -0.0149374, -0.998833, 0.0401758
5.41212, 5.27872, 0.419414, -0.0147807, -0.999063, 0.0364373
5.41248, 5.28407, 0.420921, -0.0122686, -0.999298, 0.030436
5.41183, 5.28002, 0.419366, -0.0133788, -0.999316, 0.028308
5.41164, 5.28026, 0.423376, -0.0137033, -0.999291, 0.0291599
5.41386, 5.28473, 0.419425, 0.00797594, 0.998989, -0.0357242
5.41343, 5.28071, 0.426073, 0.0142847, 0.99893, -0.0389144
5.41091, 5.28055, 0.422455, 0.0152515, 0.999115, -0.0337697
5.41203, 5.28253, 0.424378, 0.0106408, 0.998927, -0.0406494
5.41245, 5.2854, 0.421856, -0.0125124, -0.998742, 0.0419143
5.41188, 5.28022, 0.424185, -0.0151542, -0.999118, 0.0317575
5.41119, 5.27852, 0.422476, 0.014199, 0.999005, -0.0344181
5.4127, 5.2834, 0.419864, 0.0167036, 0.998954, -0.0371424
5.41251, 5.28289, 0.422142, -0.00994188, -0.999366, 0.0276164
5.41172, 5.27922, 0.420624, 0.0119362, 0.999309, -0.0290495
5.41197, 5.27988, 0.417505, 0.0128661, 0.999133, -0.0337742
5.41247, 5.28336, 0.422045, 0.010193, 0.998866, -0.0393493
5.41256, 5.28013, 0.423174, 0.0138889, 0.999068, -0.0348207
5.41224, 5.28643, 0.422679, -0.0110661, -0.998421, 0.0490812
5.41215, 5.28139, 0.424189, -0.0143343, -0.999, 0.038041
5.41393, 5.28309, 0.419189, -0.0108253, -0.999286, 0.0289389
5.41151, 5.28256, 0.421646, -0.0152415, -0.998941, 0.035882
5.41266, 5.28019, 0.421103, -0.0135247, -0.999256, 0.0294089
5.41311, 5.28093, 0.420795, -0.0150865, -0.998582, 0.0440355
5.41188, 5.27939, 0.421971, 0.0138421, 0.999005, -0.0357059
5.41227, 5.28108, 0.420072, -0.0136081, -0.999051, 0.0348085
5.41227, 5.28022, 0.421351, 0.00981856, 0.99871, -0.0387245
5.41207, 5.28202, 0.422778, 0.0189871, 0.998613, -0.0435637
5.41211, 5.2806, 0.419643, 0.0123973, 0.999235, -0.033711
5.41228, 5.28077, 0.422077, 0.0209429, 0.998628, -0.0399965
5.41217, 5.27888, 0.421659, 0.0123806, 0.999137, -0.0351193
5.41171, 5.28096, 0.421378, 0.0141449, 0.999112, -0.0350811
5.41215, 5.28374, 0.421472, -0.0138422, -0.998952, 0.0375323
5.41119, 5.27953, 0.425643, -0.0156939, -0.999244, 0.0300432
5.41134, 5.27878, 0.422697, -0.0133061, -0.998964, 0.0382656
5.41162, 5.28273, 0.421197, -0.0126077, -0.999122, 0.0345261
5.41257, 5.28054, 0.421041, -0.0113444, -0.99925, 0.0323848
5.41372, 5.2815, 0.421676, 0.0148345, 0.999141, -0.0326339
5.41147, 5.27788, 0.422526, 0.012818, 0.999236, -0.0309406
5.41234, 5.27874, 0.423603, -0.0168954, -0.999069, 0.035805
5.41347, 5.28162, 0.420141, 0.0095617, 0.998886, -0.0391974
5.41255, 5.28359, 0.423491, 0.0124587, 0.999105, -0.0322362
5.413, 5.2854, 0.42141, 0.00987803, 0.99892, -0.0378964
5.41186, 5.28301, 0.422937, 0.0164272, 0.99919, -0.0316445
5.41391, 5.27846, 0.420956, -0.0115369, -0.999063, 0.0361623
5.41251, 5.28291, 0.421331, 0.0108388, 0.998868, -0.0410263
5.41376, 5.28069, 0.421638, -0.0080396, -0.999194, 0.0324112
5.41157, 5.27936, 0.419573, -0.0112219, -0.999216, 0.030767
5.41218, 5.28085, 0.421441, 0.015492, 0.998937, -0.0378875
5.41159, 5.27951, 0.41945, 0.0125773, 0.999044, -0.0346503
5.41225, 5.2827, 0.420907, 0.00912507, 0.998816, -0.0417077
5.41248, 5.27863, 0.424924, 0.0132399, 0.998982, -0.0395015
5.41238, 5.28138, 0.42296, 0.0131638, 0.998943, -0.0374419
5.41215, 5.28132, 0.423499, 0.0172658, 0.99911, -0.0335442
5.41373, 5.28036, 0.420076, -0.0105261, -0.999128, 0.0349513
5.41303, 5.28401, 0.420363, -0.0134062, -0.998907, 0.0380605
5.41253, 5.27848, 0.422843, -0.0123862, -0.99918, 0.0346706
5.41182, 5.28005, 0.420531, -0.0143417, -0.999493, 0.0232271
5.41268, 5.28092, 0.421024, 0.0114343, 0.998684, -0.0425405
5.4119, 5.28291, 0.423257, 0.0132144, 0.999165, -0.0311351
5.41192, 5.2789, 0.423146, 0.0128837, 0.99905, -0.0372249
5.41286, 5.2803, 0.42042, 0.011432, 0.999169, -0.0338456
5.41266, 5.27971, 0.424657, -0.0148656, -0.999104, 0.035863
5.41308, 5.27941, 0.421449, -0.0108866, -0.999134, 0.0357208
5.41292, 5.27862, 0.421231, 0.0132138, 0.999051, -0.036736
5.41192, 5.27788, 0.42178, 0.0136392, 0.999158, -0.0344793
5.41165, 5.27884, 0.42248, -0.0143389, -0.999235, 0.0275768
5.41287, 5.28048, 0.42108, 0.0154345, 0.999094, -0.0305168
5.41131, 5.27831, 0.421749, -0.0169082, -0.999038, 0.0286674
5.41314, 5.28545, 0.423332, 0.0126527, 0.998788, -0.0431201
5.41291, 5.28443, 0.419397, 0.012149, 0.99915, -0.0330775
5.41219, 5.27988, 0.41947, -0.0139804, -0.998881, 0.0366275
5.41115, 5.28041, 0.423433, 0.0134321, 0.999098, -0.0356283
5.41212, 5.28009, 0.421245, 0.0160859, 0.999052, -0.0360172
5.41284, 5.27892, 0.420797, 0.0111781, 0.999236, -0.0319398
5.41168, 5.27935, 0.420983, -0.0146395, -0.999141, 0.0340767
5.41302, 5.28404, 0.421571, 0.0116336, 0.998819, -0.0407522
5.4125, 5.27859, 0.420426, 0.0127714, 0.998963, -0.0379851
5.41182, 5.27605, 0.422301, 0.0141204, 0.998907, -0.0392346
5.41144, 5.28225, 0.423796, -0.0125544, -0.998748, 0.042179
5.41153, 5.28388, 0.423275, 0.0172397, 0.99907, -0.0352809
5.41142, 5.27879, 0.421561, -0.0136085, -0.999118, 0.0343158
5.41237, 5.2825, 0.422321, -0.0123551, -0.998911, 0.038687
5.41239, 5.28157, 0.419979, -0.0183214, -0.998717, 0.0384957
5.41068, 5.27825, 0.423297, -0.0159483, -0.999043, 0.0363379
5.41214, 5.28428, 0.422731, 0.0170818, 0.998701, -0.039646
5.41211, 5.27809, 0.420753, -0.0137792, -0.999336, 0.0290011
5.41189, 5.27686, 0.424755, 0.015077, 0.999247, -0.0313162
5.412, 5.28475, 0.422258, 0.0139263, 0.998964, -0.037435
5.41243, 5.279, 0.421596, -0.0156885, -0.998834, 0.0396598
5.41155, 5.28092, 0.424488, -0.0107824, -0.998848, 0.0425024
5.41178, 5.27841, 0.424898, 0.0113272, 0.999209, -0.0321014
5.41284, 5.27665, 0.420231, 0.0129833, 0.999177, -0.0264672
5.41224, 5.27965, 0.421576, -0.0156761, -0.999027, 0.0335176
5.41186, 5.27851, 0.421172, -0.01038, -0.999154, 0.0336045
5.41271, 5.2817, 0.41998, 0.0112556, 0.999304, -0.0270572
5.41096, 5.27805, 0.418431, -0.0152056, -0.998945, 0.0362677
5.41227, 5.27819, 0.424946, 0.0135617, 0.999365, -0.0264757
5.41166, 5.28169, 0.424253, 0.00983541, 0.999247, -0.0349684
5.41254, 5.28064, 0.421032, 0.0123809, 0.998864, -0.0383609
5.41198, 5.28374, 0.421986, 0.010033, 0.998731, -0.0450289
5.41126, 5.27826, 0.420276, -0.0136629, -0.999374, 0.0267104
5.4115, 5.28026, 0.425612, 0.0130277, 0.998989, -0.0365309
5.41239, 5.28275, 0.419924, -0.0178052, -0.998958, 0.0358678
5.41265, 5.28143, 0.420762, -0.0114617, -0.999034, 0.0395825
5.41341, 5.28199, 0.419495, 0.011028, 0.999184, -0.0292034
5.41082, 5.2819, 0.423397, 0.0113736, 0.999215, -0.0323778
5.41239, 5.27921, 0.421983, 0.0152017, 0.999045, -0.0338524
5.41236, 5.28461, 0.419634, 0.0112833, 0.998965, -0.0381408
5.41179, 5.28524, 0.424689, 0.0133105, 0.998775, -0.0412777
5.41086, 5.28008, 0.423558, 0.0156357, 0.999082, -0.0318499
5.41136, 5.28394, 0.419223, 0.0137305, 0.999104, -0.0349776
5.41349, 5.28207, 0.419853, 0.00942969, 0.999169, -0.0324347
5.41213, 5.28001, 0.420284, 0.0133098, 0.998997, -0.0362088
5.41185, 5.27988, 0.424435, -0.0143637, -0.998757, 0.0428072
5.41283, 5.2815, 0.419127, 0.0128736, 0.998933, -0.0338448
5.41147, 5.28018, 0.425159, 0.00771907, 0.999205, -0.0302073
5.41133, 5.2803, 0.421007, 0.0179559, 0.998884, -0.0347252
5.41285, 5.27814, 0.422781, -0.0143368, -0.998825, 0.040339
5.41215, 5.27839, 0.420229, -0.012971, -0.999377, 0.0270886
5.41221, 5.28101, 0.42134, -0.0131671, -0.999003, 0.0354313
5.41252, 5.28135, 0.424763, 0.0148446, 0.999232, -0.0280181
5.4137, 5.28105, 0.417617, 0.0129193, 0.999439, -0.0247697
5.41196, 5.28225, 0.419309, -0.0152126, -0.999192, 0.0318598
5.41278, 5.28419, 0.420571, -0.0162704, -0.999024, 0.035613
5.41204, 5.27938, 0.422429, 0.0161093, 0.998778, -0.0375672
5.41317, 5.27913, 0.42036, -0.0127134, -0.998989, 0.0368526
5.4124, 5.27862, 0.421019, -0.0117419, -0.999295, 0.0319561
5.41197, 5.27989, 0.424154, 0.00961285, 0.999307, -0.0311969
5.41262, 5.28207, 0.422458, -0.0122849, -0.998817, 0.0398621
5.4116, 5.27954, 0.422687, 0.0119661, 0.998805, -0.0408951
5.41195, 5.27842, 0.421009, -0.0149445, -0.999007, 0.0354009
5.413, 5.28, 0.422796, 0.0114052, 0.998909, -0.0419906
5.41216, 5.28154, 0.42073, 0.00980169, 0.999206, -0.0341139
5.4118, 5.27991, 0.425119, -0.014653, -0.99891, 0.0364019
5.41206, 5.27782, 0.418535, 0.0166448, 0.999257, -0.0252632
5.41329, 5.27749, 0.422904, 0.0117276, 0.998972, -0.0349601
5.41228, 5.27746, 0.420174, -0.0142265, -0.999292, 0.0296065
5.41296, 5.28071, 0.420615, -0.0125442, -0.998997, 0.0349217
5.41207, 5.27969, 0.418777, 0.0140676, 0.998981, -0.0362207
5.41292, 5.2831, 0.422543, 0.012601, 0.998933, -0.0387515
5.41173, 5.27846, 0.422889, -0.0125087, -0.999306, 0.0317443
5.41265, 5.28451, 0.417792, -0.0146655, -0.998887, 0.0380622
5.41266, 5.27784, 0.421112, 0.0151114, 0.999098, -0.0344061
5.41159, 5.28257, 0.420228, -0.0132625, -0.999114, 0.0332741
5.41145, 5.28082, 0.423227, -0.0141421, -0.999009, 0.0386475
5.41259, 5.28374, 0.420905, -0.0143865, -0.998738, 0.0411564
5.41134, 5.27954, 0.421536, 0.0138997, 0.99924, -0.0324162
5.41148, 5.28018, 0.424326, 0.0129129, 0.998904, -0.0402364
5.41193, 5.27745, 0.420843, -0.0147198, -0.999397, 0.0255573
5.41142, 5.28065, 0.422166, 0.0145557, 0.999206, -0.032024
5.41167, 5.2813, 0.423546, -0.0143023, -0.999243, 0.0299583
5.41189, 5.27742, 0.42206, -0.0167728, -0.999289, 0.0300124
5.41186, 5.28227, 0.425751, 0.012629, 0.999223, -0.033238
5.41246, 5.28089, 0.420419, -0.0115975, -0.999229, 0.0315882
5.41237, 5.27967, 0.420725, -0.0103737, -0.999072, 0.0350177
5.41201, 5.28262, 0.417656, 0.0162118, 0.999227, -0.0314592
5.41087, 5.2782, 0.421594, -0.0157575, -0.999213, 0.0302253
5.41174, 5.27824, 0.422195, -0.0148417, -0.9992, 0.0336624
5.41295, 5.28325, 0.420124, 0.0136691, 0.998695, -0.0448752
5.41152, 5.28103, 0.42151, -0.0160611, -0.998581, 0.0426563
5.41151, 5.28182, 0.420602, -0.012929, -0.999141, 0.0340439
5.41176, 5.28249, 0.419969, 0.0150464, 0.998985, -0.034604
5.41105, 5.27769, 0.4225, 0.0175149, 0.999128, -0.0315637
5.41282, 5.28038, 0.419886, -0.0149057, -0.998696, 0.0435474
5.41215, 5.27974, 0.422891, 0.0119039, 0.998969, -0.037355
5.41041, 5.27852, 0.423789, 0.0142967, 0.999015, -0.0373691
5.41187, 5.28144, 0.419083, 0.0147416, 0.998933, -0.0318361
5.41255, 5.28512, 0.422925, -0.00985644, -0.999069, 0.0355306
5.41235, 5.27988, 0.422303, -0.0142108, -0.998996, 0.0366353
5.41297, 5.28279, 0.420893, 0.00654817, 0.99921, -0.0336337
5.41298, 5.28154, 0.421416, -0.013668, -0.999135, 0.034826
5.4115, 5.28059, 0.420989, 0.0137196, 0.999047, -0.0360285
5.41176, 5.27871, 0.421036, -0.0139647, -0.999264, 0.0280873
5.4121, 5.28142, 0.42012, 0.0154088, 0.99919, -0.0284572
5.41132, 5.28009, 0.421477, -0.0143536, -0.999222, 0.032443
5.41199, 5.28229, 0.423659, -0.0134001, -0.998951, 0.0387119
5.41269, 5.28203, 0.421021, 0.0132828, 0.998938, -0.0375052
5.41038, 5.28334, 0.422001, -0.0222364, -0.998561, 0.0405513
5.41196, 5.28477, 0.421195, 0.0122598, 0.998641, -0.0434408
5.41282, 5.28071, 0.420732, -0.01412, -0.999064, 0.0368128
5.41175, 5.28288, 0.422092, 0.0130364, 0.999017, -0.0333281
5.41273, 5.2786, 0.422544, 0.0144754, 0.999137, -0.0322472
5.41181, 5.28118, 0.421767, -0.0135013, -0.999126, 0.0348448
5.41103, 5.27779, 0.425869, 0.0143894, 0.999104, -0.0335539
5.41135, 5.27866, 0.424023, 0.0134337, 0.999318, -0.0277587
5.41208, 5.28379, 0.422538, 0.0164715, 0.998755, -0.0379722
5.41269, 5.28357, 0.41937, 0.0129865, 0.99914, -0.0308965
5.41309, 5.27846, 0.419458, 0.0147105, 0.999208, -0.0310624
5.41181, 5.28143, 0.420496, -0.0119496, -0.999119, 0.033712
5.41288, 5.28348, 0.41949, 0.0167246, 0.998951, -0.0358273
5.41279, 5.27849, 0.42044, -0.0146331, -0.99916, 0.0318958
5.41169, 5.27834, 0.422167, 0.0148777, 0.999151, -0.0333344
5.41276, 5.28194, 0.419185, 0.0138759, 0.999171, -0.034758
5.41175, 5.28152, 0.42266, -0.0112967, -0.999067, 0.0359939
5.41178, 5.27968, 0.420396, 0.0146413, 0.999015, -0.0360778
5.41244, 5.28006, 0.421068, 0.0107732, 0.999299, -0.0300262
5.41233, 5.2774, 0.420975, -0.0178379, -0.998889, 0.0380967
5.41082, 5.27998, 0.422011, 0.0151425, 0.998887, -0.0368784
5.41288, 5.27839, 0.420775, 0.0163368, 0.999054, -0.0336931
5.41205, 5.28039, 0.422235, 0.010706, 0.998942, -0.0383101
5.41141, 5.28025, 0.421855, 0.0177597, 0.999183, -0.0302801
5.41168, 5.27874, 0.421114, -0.0114072, -0.998848, 0.0397644
5.41156, 5.27694, 0.424513, -0.0132314, -0.999247, 0.0317131
5.41278, 5.28225, 0.421206, -0.0159982, -0.998969, 0.0326785
5.41226, 5.28179, 0.419775, -0.0142106, -0.999029, 0.0366057
5.41194, 5.27987, 0.421002, -0.0147382, -0.998806, 0.0380966
5.41122, 5.27766, 0.424923, -0.0133247, -0.999309, 0.0307016
5.41218, 5.282, 0.423908, 0.0161462, 0.998764, -0.0383679
5.41179, 5.27872, 0.422004, -0.0127609, -0.999347, 0.0293561
5.41067, 5.28254, 0.421624, -0.0151764, -0.999086, 0.0337897
5.41249, 5.28178, 0.421093, -0.0126333, -0.999077, 0.0327248
5.41199, 5.27864, 0.420824, -0.0186976, -0.99887, 0.0385263
5.41191, 5.28036, 0.422652, 0.0137052, 0.999034, -0.0349102
5.41199, 5.27984, 0.424464, -0.0115179, -0.99896, 0.0375563
5.4114, 5.27862, 0.421818, -0.016302, -0.998966, 0.0355637
5.41191, 5.28682, 0.425318, -0.00844629, -0.999024, 0.038511
5.41162, 5.27833, 0.420914, 0.0126964, 0.998985, -0.0394956
5.41221, 5.28171, 0.421203, -0.0137837, -0.999202, 0.0324762
5.41189, 5.27977, 0.423206, -0.0169479, -0.999013, 0.0342183
5.41216, 5.28019, 0.420512, -0.0118697, -0.999016, 0.0372645
5.41174, 5.2799, 0.422132, -0.0106169, -0.998597, 0.0458453
5.41307, 5.278, 0.420389, 0.0143075, 0.99909, -0.0327021
5.41328, 5.27887, 0.417709, -0.00913281, -0.999229, 0.0317173
5.41175, 5.2801, 0.422283, 0.0170343, 0.99882, -0.0381548
5.41353, 5.28431, 0.420909, -0.0139922, -0.998688, 0.0439311
5.412, 5.27905, 0.420896, 0.0109048, 0.998958, -0.0416865
5.41138, 5.27794, 0.421461, -0.0125765, -0.999035, 0.03794
5.41283, 5.28017, 0.42286, 0.0128269, 0.998778, -0.0427326
5.41247, 5.28195, 0.422191, -0.0122317, -0.998703, 0.0432506
5.41277, 5.28176, 0.419946, -0.0118609, -0.999207, 0.0322259
5.41145, 5.28102, 0.422562, -0.0144413, -0.999364, 0.0280168
5.41253, 5.27888, 0.419642, -0.0129945, -0.999159, 0.0329933
5.41193, 5.27708, 0.421106, 0.0131392, 0.999327, -0.0290522
5.41241, 5.28118, 0.423319, -0.0150086, -0.998871, 0.0383042
5.41269, 5.28178, 0.423526, 0.0116505, 0.999064, -0.036409
5.41248, 5.27764, 0.422392, 0.0110637, 0.999224, -0.0318197
5.41198, 5.27981, 0.424221, -0.0101628, -0.999119, 0.0373596
5.41142, 5.2797, 0.417632, -0.0149772, -0.99916, 0.0314586
5.41173, 5.27871, 0.420843, 0.0123385, 0.999124, -0.0335091
5.41303, 5.28302, 0.420561, 0.0105169, 0.999052, -0.03759
5.41132, 5.27924, 0.422455, 0.0124773, 0.999179, -0.0343582
5.41186, 5.28165, 0.422145, 0.0127958, 0.999124, -0.0360372
5.41395, 5.2817, 0.419535, -0.0120434, -0.999028, 0.0357343
5.41113, 5.28348, 0.420663, -0.0146079, -0.998843, 0.0373419
5.41221, 5.27641, 0.422195, 0.0130267, 0.999119, -0.0328374
5.4127, 5.28181, 0.421555, 0.0138703, 0.998936, -0.0360412
5.41193, 5.28048, 0.420235, -0.0169737, -0.99907, 0.0344205
5.41106, 5.28112, 0.420579, 0.0189627, 0.998958, -0.0357966
5.41137, 5.2787, 0.421172, 0.0168622, 0.999197, -0.0323514
5.41096, 5.2821, 0.423287, -0.0137685, -0.998944, 0.0382108
5.41131, 5.27728, 0.42318, 0.0164286, 0.999014, -0.0356942
5.41093, 5.28104, 0.421281, 0.0139764, 0.99924, -0.0302525
5.41311, 5.27841, 0.422781, -0.0171613, -0.998869, 0.0380728
5.41213, 5.28017, 0.424793, 0.0116376, 0.999236, -0.0336253
5.41099, 5.28303, 0.423133, -0.0150315, -0.99895, 0.0381822
5.4118, 5.28132, 0.421158, -0.00921852, -0.999373, 0.0302079
5.41242, 5.28211, 0.420471, -0.00868208, -0.99899, 0.0374611
5.41285, 5.28447, 0.420977, 0.00791901, 0.998683, -0.0450644
5.4117, 5.28183, 0.422549, -0.0164443, -0.999066, 0.03108
5.41135, 5.2803, 0.421325, -0.0141342, -0.998965, 0.0354213
5.41384, 5.28304, 0.420679, -0.0154928, -0.998838, 0.038857
5.41357, 5.27896, 0.419719, -0.0107447, -0.999255, 0.0331959
5.41231, 5.28122, 0.421751, 0.0159386, 0.998966, -0.0368086
5.41177, 5.27968, 0.420184, -0.0140468, -0.999248, 0.0310273
5.41208, 5.28135, 0.420045, -0.0145294, -0.998812, 0.0384579
5.41221, 5.27998, 0.420746, -0.0122559, -0.999119, 0.0365095
5.41142, 5.27734, 0.424566, -0.0090649, -0.999314, 0.0311922
5.41296, 5.28182, 0.422366, -0.0149035, -0.998986, 0.0375117
5.41169, 5.27891, 0.424386, -0.0144943, -0.999004, 0.0380446
5.412, 5.27804, 0.422103, 0.0133008, 0.999265, -0.0316354
5.41316, 5.28368, 0.420559, 0.0129168, 0.999091, -0.0318401
5.411, 5.28039, 0.420628, 0.0142235, 0.999233, -0.0301751
5.41229, 5.28451, 0.42285, 0.00924622, 0.998738, -0.0434366
5.41301, 5.28136, 0.419875, -0.0124086, -0.999054, 0.0371824
5.41204, 5.27794, 0.423187, 0.0159153, 0.998864, -0.034637
5.41245, 5.28253, 0.419471, -0.0115777, -0.998939, 0.0369023
5.41158, 5.27871, 0.421228, -0.0165418, -0.999061, 0.0328633
5.41158, 5.28284, 0.421296, -0.0160917, -0.999059, 0.0329793
5.41144, 5.27868, 0.422589, -0.0183741, -0.999175, 0.0305555
5.4127, 5.28088, 0.420347, 0.0124533, 0.999251, -0.0322439
5.41222, 5.27991, 0.420853, 0.00973415, 0.99923, -0.0334753
5.4117, 5.28019, 0.420194, 0.013047, 0.998972, -0.0376748
5.41311, 5.27813, 0.420729, 0.0139959, 0.999173, -0.0334474
5.41184, 5.28176, 0.419797, 0.012741, 0.999037, -0.0359036
5.41137, 5.28014, 0.421947, 0.0146724, 0.99913, -0.0332009
5.413, 5.28219, 0.417491, -0.0167382, -0.99894, 0.0380172
5.41191, 5.28282, 0.420521, -0.0108672, -0.998716, 0.0433319
5.41267, 5.28041, 0.419963, 0.0169483, 0.998836, -0.0369307
5.41172, 5.27768, 0.419904, -0.011458, -0.999068, 0.0339257
5.41177, 5.27873, 0.422367, 0.0149332, 0.998907, -0.0350323
5.41236, 5.28263, 0.419661, 0.0117127, 0.99913, -0.0321097
5.4122, 5.27955, 0.421209, 0.0131819, 0.999272, -0.0299887
5.41175, 5.2785, 0.421802, 0.0149439, 0.998919, -0.0374626
5.41258, 5.2854, 0.422052, 0.0122494, 0.998967, -0.0395412
5.41356, 5.28451, 0.419679, -0.0130058, -0.998851, 0.0368777
5.41236, 5.28395, 0.420824, 0.0118891, 0.999039, -0.035133
5.41208, 5.27914, 0.42109, 0.0151703, 0.999309, -0.0290553
5.41241, 5.28213, 0.423982, 0.011079, 0.999098, -0.0341021
5.41293, 5.27927, 0.419999, -0.0147135, -0.999272, 0.0276451
5.41144, 5.28285, 0.421641, 0.0143409, 0.998912, -0.0400347
5.41301, 5.27878, 0.419973, 0.0110571, 0.998894, -0.0413699
5.40985, 5.2801, 0.423642, 0.0163216, 0.999042, -0.0336843
5.41218, 5.27967, 0.42044, -0.012668, -0.999159, 0.0316619
5.41178, 5.28056, 0.421968, 0.01402, 0.99893, -0.0400401
5.41078, 5.27939, 0.424501, 0.0171034, 0.998727, -0.0391508
5.41124, 5.28195, 0.422023, -0.0148123, -0.998772, 0.0399893
5.41092, 5.28098, 0.42308, 0.0166124, 0.999003, -0.0362656
5.41164, 5.27974, 0.420117, 0.013609, 0.999112, -0.0308059
5.41286, 5.28376, 0.423868, -0.0125709, -0.99881, 0.0417113
5.41197, 5.27922, 0.421925, 0.0126773, 0.999166, -0.034018
5.41285, 5.279, 0.420822, 0.0131873, 0.999348, -0.028825
5.41172, 5.28177, 0.41905, 0.0175588, 0.999223, -0.0305322
5.41201, 5.28054, 0.424336, -0.0111557, -0.998627, 0.0456755
5.4132, 5.28002, 0.420752, -0.0140253, -0.99911, 0.0349678
5.41123, 5.27928, 0.418646, 0.0130211, 0.999353, -0.0273982
5.41329, 5.28143, 0.420804, -0.00791562, -0.998947, 0.042116
5.41166, 5.28049, 0.423083, -0.0132213, -0.998997, 0.0354557
5.41202, 5.28042, 0.419784, -0.00918274, -0.999018, 0.0364933
5.41294, 5.28018, 0.420525, -0.0125871, -0.999014, 0.037907
5.41066, 5.27984, 0.423005, -0.013653, -0.99936, 0.028942
5.4127, 5.277, 0.419961, 0.0118984, 0.999242, -0.0324558
5.41157, 5.28094, 0.422524, -0.0153989, -0.998982, 0.0342452
5.41234, 5.28203, 0.421208, 0.00990738, 0.998889, -0.0412442
5.4123, 5.2872, 0.42096, -0.0166428, -0.998758, 0.0404969
5.41259, 5.27967, 0.424568, -0.0129814, -0.999102, 0.032746
5.4111, 5.27854, 0.421432, -0.0163377, -0.998837, 0.0392996
5.41135, 5.27987, 0.422351, 0.0135179, 0.998964, -0.0371092
5.41201, 5.28101, 0.426849, 0.0129676, 0.9991, -0.0345619
5.41169, 5.28095, 0.419984, 0.0131385, 0.999124, -0.0328871
5.41253, 5.27801, 0.419777, -0.0146802, -0.99931, 0.0270207
5.41156, 5.2798, 0.422676, 0.0158268, 0.99883, -0.0385861
5.411, 5.27802, 0.424266, 0.0120331, 0.999155, -0.0354124
5.41177, 5.28174, 0.424828, -0.0112941, -0.99894, 0.0395989
5.41189, 5.2809, 0.418601, 0.0160002, 0.998711, -0.0429933
5.41276, 5.27825, 0.421816, 0.0181277, 0.998928, -0.0374136
5.41158, 5.27996, 0.421484, -0.0143063, -0.999435, 0.0258032
5.41298, 5.28219, 0.419879, 0.0133413, 0.998788, -0.0416757
5.41294, 5.27895, 0.418589, 0.0155918, 0.999165, -0.0325969
5.41148, 5.27996, 0.424927, -0.0175951, -0.999033, 0.0334987
5.41171, 5.28054, 0.420982, -0.0133128, -0.999012, 0.03836
5.41167, 5.28132, 0.420498, -0.0130105, -0.998958, 0.0388906
5.41207, 5.28209, 0.419711, -0.00991812, -0.999143, 0.0359299
5.41209, 5.28178, 0.421021, 0.0115262, 0.998977, -0.0387267
5.41201, 5.28074, 0.422809, -0.0136186, -0.998958, 0.0380548
5.4116, 5.28067, 0.421045, 0.0157029, 0.999031, -0.0351755
5.41126, 5.28186, 0.422118, -0.0145121, -0.999175, 0.0316849
5.41249, 5.28669, 0.421642, -0.0117032, -0.999294, 0.0293509
5.41188, 5.2799, 0.421716, -0.0160662, -0.998884, 0.0399004
5.41243, 5.28212, 0.419518, -0.0124918, -0.99922, 0.0311362
5.41117, 5.28143, 0.423543, -0.0132872, -0.999247, 0.0311165
5.41138, 5.28085, 0.417743, -0.0121131, -0.999146, 0.0333023
5.41197, 5.27725, 0.421626, -0.016964, -0.999254, 0.0279185
5.4115, 5.28153, 0.422745, -0.0180842, -0.998699, 0.0429512
5.41261, 5.28181, 0.423739, 0.0128081, 0.998823, -0.0371292
5.41124, 5.27732, 0.42163, 0.0145421, 0.999478, -0.0248788
5.41238, 5.28228, 0.422192, -0.0127291, -0.999091, 0.0342636
5.41247, 5.28025, 0.420315, -0.00982869, -0.999031, 0.0356714
5.41161, 5.28306, 0.420195, 0.0124193, 0.998759, -0.042148
5.41143, 5.28024, 0.417901, 0.015372, 0.99916, -0.0320275
5.41264, 5.2874, 0.419295, -0.0116536, -0.999197, 0.0316699
5.411, 5.2787, 0.421927, 0.0172029, 0.99907, -0.0301391
5.41193, 5.27881, 0.421984, 0.0147581, 0.998923, -0.0390136
5.41258, 5.27887, 0.422223, -0.0115764, -0.999126, 0.0332519
5.41176, 5.28265, 0.421898, -0.0161374, -0.998852, 0.0390503
5.41224, 5.27887, 0.41894, -0.0134871, -0.999215, 0.0324938
5.41222, 5.28017, 0.419288, -0.014911, -0.99905, 0.0349898
5.41163, 5.28095, 0.421801, 0.0117577, 0.999121, -0.0344937
5.41116, 5.28182, 0.424351, -0.0162818, -0.999071, 0.0350364
5.41283, 5.27985, 0.418702, 0.0134326, 0.999168, -0.0344964
5.4132, 5.27959, 0.419658, -0.0102075, -0.999183, 0.0331442
5.41148, 5.27769, 0.420241, -0.0107071, -0.999276, 0.0319778
5.41306, 5.28185, 0.419957, -0.0131456, -0.998819, 0.0405951
5.41197, 5.27998, 0.42375, 0.0149443, 0.998782, -0.0419172
5.41187, 5.27999, 0.417286, -0.015133, -0.998778, 0.0413163
5.41251, 5.28359, 0.423126, -0.0123313, -0.999178, 0.0298112
5.41137, 5.28241, 0.419212, -0.0149299, -0.999066, 0.0340588
5.41245, 5.28322, 0.421473, 0.0122983, 0.999163, -0.0336342
5.41185, 5.27853, 0.423408, 0.0128843, 0.999291, -0.0321565
5.41163, 5.28232, 0.421547, 0.0147488, 0.999034, -0.0303267
5.41236, 5.2822, 0.419413, 0.0117159, 0.999282, -0.029054
5.41158, 5.27895, 0.424941, 0.0128989, 0.998835, -0.0428778
5.41243, 5.28182, 0.421534, 0.0143364, 0.9992, -0.0328132
5.41265, 5.28094, 0.416628, -0.0136432, -0.998959, 0.0370536
5.41153, 5.28338, 0.423603, 0.0140836, 0.998904, -0.0359065
5.41301, 5.28372, 0.419864, 0.0145778, 0.998768, -0.0416876
5.41185, 5.27865, 0.419695, -0.0138269, -0.999281, 0.0305419
5.41253, 5.27942, 0.424718, -0.0129674, -0.999059, 0.035456
5.41193, 5.28367, 0.420359, -0.0108644, -0.999024, 0.0378882
5.41302, 5.27854, 0.417283, -0.0134099, -0.999229, 0.0293659
5.41262, 5.28086, 0.421008, -0.0166649, -0.999124, 0.0336761
5.41153, 5.27865, 0.422745, -0.0160716, -0.99887, 0.0367817
5.41321, 5.28446, 0.418683, -0.0134236, -0.998811, 0.042704
5.41243, 5.279, 0.418153, -0.0167715, -0.998896, 0.0383873
5.41162, 5.28253, 0.422457, 0.0101904, 0.999122, -0.0354358
5.41177, 5.28032, 0.423103, -0.012352, -0.998531, 0.0446255
5.41269, 5.28025, 0.41969, 0.012745, 0.998951, -0.0372076
5.41209, 5.28302, 0.420537, 0.019468, 0.998965, -0.0352167
5.41175, 5.28395, 0.418593, -0.0138444, -0.999098, 0.0331421
5.4117, 5.27973, 0.423858, -0.0117641, -0.9991, 0.0329573
5.41093, 5.28176, 0.421104, 0.0166799, 0.99901, -0.036691
5.4123, 5.28064, 0.42336, 0.0127448, 0.999204, -0.0345165
5.41196, 5.28189, 0.4233, -0.0118083, -0.998805, 0.0415869
5.41226, 5.28514, 0.422814, -0.0139561, -0.998684, 0.0436037
5.41189, 5.28087, 0.420257, 0.0152737, 0.998799, -0.0397797
5.41216, 5.28646, 0.418894, 0.0174347, 0.999096, -0.0306973
5.41285, 5.2769, 0.418931, 0.0132473, 0.999246, -0.0321399
5.41224, 5.28096, 0.423153, -0.0139054, -0.999127, 0.0346079
5.41155, 5.28038, 0.422685, -0.0139524, -0.999078, 0.0342622
5.4123, 5.2812, 0.423213, 0.0116575, 0.99908, -0.0376312
5.41163, 5.27908, 0.423407, -0.015574, -0.999066, 0.0360327
5.41292, 5.27946, 0.422159, -0.0114825, -0.999232, 0.0325881
5.41267, 5.28032, 0.421346, -0.01098, -0.999047, 0.0365521
5.41121, 5.2795, 0.424655, -0.0131633, -0.999005, 0.038065
5.41196, 5.28415, 0.417406, -0.0145112, -0.999042, 0.0351682
5.41192, 5.28031, 0.418265, 0.0127481, 0.999338, -0.0300507
5.41217, 5.27985, 0.421447, 0.0136761, 0.999009, -0.0388473
5.41229, 5.28028, 0.41948, 0.0107303, 0.999254, -0.0333412
5.41278, 5.27712, 0.421592, 0.0115525, 0.999174, -0.0338862
5.41236, 5.2774, 0.421016, -0.015962, -0.998845, 0.0407116
5.41201, 5.28288, 0.421899, -0.0137614, -0.999054, 0.0353579
5.41232, 5.28158, 0.419225, 0.012988, 0.9989, -0.0394103
5.41196, 5.2803, 0.423284, 0.0156014, 0.999287, -0.0308055
5.41211, 5.28026, 0.419075, -0.0142658, -0.99911, 0.0338751
5.4119, 5.28338, 0.423142, -0.011964, -0.99901, 0.0368431
