5.41243, 5.28137, 0.420278, -0.0114064, -0.999105, 0.0357981
5.41095, 5.27756, 0.419178, 0.0131644, 0.999071, -0.0364076
5.41306, 5.28096, 0.419118, 0.0114981, 0.99887, -0.0387644
5.41283, 5.27754, 0.419019, -0.0142324, -0.999297, 0.0293124
5.41262, 5.27969, 0.417379, 0.0157872, 0.998909, -0.0364946
5.4138, 5.28428, 0.420738, 0.0138641, 0.99924, -0.0313216
5.41253, 5.28022, 0.422102, -0.0110923, -0.998973, 0.0359707
5.41255, 5.28124, 0.420032, 0.0173394, 0.998785, -0.0383038
5.41407, 5.27885, 0.420441, 0.0125703, 0.999113, -0.0310819
5.41222, 5.29048, 0.419544, 0.0141238, 0.998935, -0.0347116
5.41166, 5.27824, 0.419901, 0.0156859, 0.998798, -0.0390319
5.41268, 5.27735, 0.420418, -0.0122591, -0.999283, 0.0326133
5.41129, 5.27791, 0.420394, 0.0186691, 0.99906, -0.031228
5.41195, 5.27906, 0.418835, -0.0129639, -0.999278, 0.0313261
5.41363, 5.28048, 0.417438, -0.0140304, -0.998982, 0.0361177
5.41204, 5.27864, 0.424386, 0.0104842, 0.999198, -0.0343816
5.41333, 5.27859, 0.414484, -0.0120416, -0.999227, 0.0290341
5.41274, 5.27822, 0.421073, 0.0128071, 0.999117, -0.0334791
5.41252, 5.28346, 0.420135, -0.00945539, -0.998744, 0.0409661
5.41205, 5.27967, 0.424517, 0.0122425, 0.999074, -0.0383666
5.41289, 5.2772, 0.419847, 0.014044, 0.999317, -0.027441
5.41165, 5.27866, 0.418297, 0.0115788, 0.999068, -0.0381755
5.41066, 5.27847, 0.420584, -0.0149543, -0.999238, 0.0307848
5.41328, 5.28382, 0.419583, -0.0191661, -0.998901, 0.0365002
5.41111, 5.2784, 0.420821, 0.016454, 0.999297, -0.0304826
5.41182, 5.28265, 0.419157, -0.0122832, -0.999244, 0.031699
5.41261, 5.28032, 0.417799, 0.0177942, 0.999145, -0.0302775
5.41266, 5.27821, 0.419877, -0.0130689, -0.998892, 0.0392462
5.41162, 5.27814, 0.420758, -0.015557, -0.999173, 0.0319001
5.41277, 5.27768, 0.421104, -0.0115012, -0.999282, 0.0315781
5.41337, 5.28595, 0.41733, -0.0146039, -0.999168, 0.0280745
5.41288, 5.29133, 0.421553, -0.011924, -0.998816, 0.0406101
5.41175, 5.27802, 0.422976, 0.01296, 0.999194, -0.0323228
5.41152, 5.27943, 0.422262, 0.014995, 0.998986, -0.0358952
5.41233, 5.27967, 0.421786, -0.0134281, -0.999441, 0.0273744
5.41602, 5.28529, 0.413901, -0.0096997, -0.999046, 0.0349294
5.41304, 5.27902, 0.417092, -0.0124515, -0.999094, 0.0340659
5.4127, 5.28283, 0.417958, -0.00924781, -0.998878, 0.0398361
5.41323, 5.27415, 0.41923, 0.012473, 0.999124, -0.0295837
5.41241, 5.2813, 0.421617, 0.0184051, 0.999099, -0.0289531
5.41205, 5.27997, 0.4203, 0.0129317, 0.999166, -0.0322822
5.41367, 5.27967, 0.420122, 0.00858048, 0.999098, -0.0356554
5.41228, 5.28541, 0.424211, 0.0150917, 0.999135, -0.0338384
5.4117, 5.28113, 0.419396, -0.0154626, -0.998883, 0.0367723
5.41451, 5.27931, 0.419528, 0.0115244, 0.998876, -0.0404955
5.41523, 5.28155, 0.41881, -0.0149285, -0.998813, 0.0377297
5.41318, 5.28139, 0.417995, 0.0102927, 0.999103, -0.0306574
5.41379, 5.28263, 0.417203, 0.0142778, 0.999122, -0.0339471
5.41242, 5.2807, 0.421421, 0.0126096, 0.999263, -0.0315194
5.41321, 5.28176, 0.418288, -0.0124076, -0.99881, 0.0425775
5.41367, 5.28096, 0.423552, -0.00825513, -0.999371, 0.0283294
5.41207, 5.27984, 0.417219, 0.0114809, 0.999269, -0.0302056
5.41351, 5.27969, 0.417231, -0.0126765, -0.998976, 0.0389637
5.41278, 5.27845, 0.421524, 0.0138564, 0.999221, -0.0338646
5.41174, 5.28088, 0.424053, -0.0140203, -0.999295, 0.0300085
5.41353, 5.27862, 0.416802, -0.0160518, -0.999313, 0.0228776
5.41225, 5.28054, 0.420419, -0.0171663, -0.999082, 0.033899
5.41334, 5.27894, 0.419367, -0.0151875, -0.999019, 0.0359186
5.41317, 5.28265, 0.421839, 0.0139556, 0.999285, -0.0296652
5.41542, 5.28308, 0.419587, 0.00719926, 0.999125, -0.0342444
5.4122, 5.28533, 0.419015, 0.013149, 0.999296, -0.0262175
5.41383, 5.28175, 0.420778, 0.0137929, 0.999031, -0.0335372
5.41199, 5.27955, 0.420548, -0.0113678, -0.999043, 0.0381424
5.41279, 5.27835, 0.421369, 0.0166214, 0.999027, -0.0307742
5.41318, 5.2775, 0.419941, -0.0125919, -0.999496, 0.0235962
5.41192, 5.28091, 0.422412, -0.0150486, -0.999202, 0.0319468
5.41312, 5.27988, 0.424227, -0.013209, -0.999084, 0.0367982
5.41261, 5.27695, 0.42054, 0.0147856, 0.999254, -0.0279524
5.41195, 5.27946, 0.422223, 0.0203209, 0.998837, -0.0379131
5.41353, 5.2787, 0.419768, -0.0110478, -0.999324, 0.0283649
5.41444, 5.27826, 0.418342, 0.01502, 0.998686, -0.0438245
5.41323, 5.27862, 0.419836, -0.0123623, -0.99917, 0.0311699
5.41241, 5.28097, 0.422361, -0.0184108, -0.998678, 0.0446041
5.41113, 5.27863, 0.420709, 0.0206414, 0.998386, -0.043411
5.41246, 5.28024, 0.419925, 0.0123115, 0.999203, -0.0352728
5.41323, 5.27755, 0.424603, -0.0160654, -0.999057, 0.0343927
5.41177, 5.28082, 0.424245, -0.0120716, -0.998852, 0.0391778
5.41203, 5.2849, 0.421343, 0.0144839, 0.999496, -0.0243908
5.41322, 5.28467, 0.416483, 0.0133405, 0.999063, -0.0309558
5.412, 5.28096, 0.420251, -0.0141577, -0.998933, 0.0350549
5.41388, 5.28164, 0.418858, -0.00794628, -0.99869, 0.0440445
5.41156, 5.2776, 0.420222, 0.0148379, 0.999503, -0.0225351
5.41259, 5.27785, 0.423147, -0.0173151, -0.998804, 0.0352844
5.41414, 5.28226, 0.417561, 0.0146154, 0.999314, -0.0260454
5.4134, 5.28187, 0.4187, 0.0124804, 0.999184, -0.0329715
5.41309, 5.27821, 0.418352, -0.0160595, -0.999339, 0.0260016
5.41077, 5.27701, 0.423222, 0.0129717, 0.999077, -0.0374343
5.41314, 5.28352, 0.419414, 0.0138752, 0.998617, -0.0447111
5.41184, 5.27689, 0.420633, -0.0114224, -0.999422, 0.0219515
5.41486, 5.28088, 0.419423, 0.0103592, 0.998998, -0.0380516
5.41439, 5.27777, 0.419669, -0.00908239, -0.999321, 0.027265
5.4131, 5.27896, 0.415289, 0.0131642, 0.998928, -0.0372107
5.41332, 5.27847, 0.418988, 0.0108281, 0.999333, -0.0260769
5.4144, 5.27951, 0.419158, -0.0122596, -0.999489, 0.0239296
5.41189, 5.2844, 0.419835, -0.0153599, -0.9995, 0.0218051
5.41271, 5.28804, 0.419181, 0.0135418, 0.999133, -0.0348069
5.41223, 5.27763, 0.424532, 0.0158959, 0.99904, -0.0367818
5.41265, 5.27907, 0.422051, 0.0132351, 0.999173, -0.0329534
5.41338, 5.28036, 0.418935, 0.0153956, 0.998897, -0.0385865
5.41332, 5.28406, 0.419297, 0.0151566, 0.999161, -0.0313292
5.4112, 5.27923, 0.422503, -0.00978793, -0.999448, 0.0260439
5.41422, 5.28417, 0.420146, 0.00858092, 0.998812, -0.0410223
5.41373, 5.28231, 0.416523, -0.0102845, -0.999183, 0.0348951
5.41359, 5.28143, 0.417604, 0.0134087, 0.999117, -0.0361802
5.41162, 5.28014, 0.419967, 0.016527, 0.999262, -0.0249282
5.41309, 5.27918, 0.422526, -0.0165995, -0.998506, 0.0472396
5.41164, 5.28087, 0.417721, 0.0168035, 0.99916, -0.0303893
5.41219, 5.27895, 0.42059, -0.0128697, -0.999349, 0.0283305
5.41272, 5.28002, 0.416835, 0.0133135, 0.999326, -0.0286254
5.41448, 5.27796, 0.42041, 0.00648803, 0.999372, -0.0308977
5.41392, 5.2828, 0.421176, 0.0126132, 0.99859, -0.0466636
5.41282, 5.2814, 0.422288, -0.0133202, -0.999164, 0.0314852
5.41299, 5.27981, 0.419523, -0.0147205, -0.999176, 0.0326844
5.41273, 5.28484, 0.420933, 0.0146696, 0.998977, -0.0368922
5.41273, 5.28652, 0.420656, -0.0105392, -0.998694, 0.0433148
5.41483, 5.28152, 0.420063, 0.00900201, 0.99945, -0.0270477
5.41268, 5.27719, 0.424951, 0.01506, 0.998994, -0.0327883
5.41269, 5.27593, 0.418866, 0.0161627, 0.999424, -0.0223239
5.41209, 5.28362, 0.421201, -0.017302, -0.999019, 0.0342989
5.41226, 5.27994, 0.420045, -0.016431, -0.999184, 0.031506
5.41245, 5.2772, 0.419774, -0.0193403, -0.998991, 0.0326035
5.41255, 5.28389, 0.422461, -0.0171383, -0.998964, 0.0377591
5.41273, 5.28382, 0.420704, 0.0123225, 0.998855, -0.0402912
5.4127, 5.27906, 0.421091, -0.0162489, -0.998854, 0.0363617
5.41346, 5.28113, 0.418793, -0.0112564, -0.999367, 0.0289614
5.41433, 5.28054, 0.418434, -0.011216, -0.999201, 0.029323
5.41083, 5.28012, 0.425012, 0.0138151, 0.998965, -0.0379362
5.41343, 5.28167, 0.422198, 0.00935117, 0.999209, -0.0326849
5.41299, 5.28168, 0.414606, -0.0122278, -0.9993, 0.0266023
5.41186, 5.28161, 0.421975, 0.0155026, 0.999036, -0.0370651
5.41268, 5.27796, 0.417799, 0.0108728, 0.999044, -0.0361319
5.41409, 5.28013, 0.418619, 0.0120461, 0.999127, -0.0329008
5.41154, 5.28335, 0.419009, -0.0135749, -0.998764, 0.039037
5.41476, 5.28533, 0.419076, -0.0126837, -0.99943, 0.0258566
5.41271, 5.27964, 0.421646, -0.0173575, -0.999344, 0.0264796
5.41267, 5.28016, 0.418584, 0.0119975, 0.999107, -0.0310639
5.41185, 5.2814, 0.418774, -0.0120045, -0.999189, 0.033722
5.41245, 5.27978, 0.419384, 0.0112079, 0.99937, -0.0290448
5.41317, 5.27957, 0.419925, -0.014698, -0.999262, 0.0314369
5.41287, 5.28061, 0.419791, 0.0132235, 0.999184, -0.0315827
5.41296, 5.27815, 0.420462, 0.0181904, 0.998467, -0.0465762
5.41366, 5.27821, 0.419718, 0.0137591, 0.999063, -0.0334316
5.41266, 5.28125, 0.416947, -0.0127908, -0.998999, 0.0368188
5.41181, 5.28489, 0.419987, -0.010457, -0.99887, 0.0420259
5.41437, 5.2822, 0.418151, -0.0120545, -0.999022, 0.0365399
5.41286, 5.27967, 0.420922, 0.0126801, 0.999209, -0.0312873
5.41238, 5.28133, 0.422486, -0.0132426, -0.999247, 0.0316911
5.41136, 5.27713, 0.420338, -0.0133671, -0.999388, 0.0275306
5.41172, 5.278, 0.418625, -0.0188056, -0.998999, 0.0342678
5.41283, 5.27861, 0.420939, -0.0162412, -0.999292, 0.0278067
5.41054, 5.28549, 0.426521, -0.015093, -0.999075, 0.0343801
5.41193, 5.2823, 0.420003, 0.0223607, 0.998626, -0.037808
5.41165, 5.28047, 0.418524, 0.0131997, 0.999294, -0.0300068
5.41293, 5.28328, 0.421761, 0.0148981, 0.998801, -0.0410349
5.41293, 5.27915, 0.417637, -0.0128878, -0.999391, 0.026704
5.41398, 5.27751, 0.423686, -0.0123563, -0.999331, 0.0290841
5.4131, 5.28332, 0.418063, -0.0117274, -0.998946, 0.0370614
5.41394, 5.27865, 0.421905, 0.00901214, 0.999134, -0.0351219
5.41283, 5.27655, 0.421541, -0.0139235, -0.999121, 0.0341498
5.4129, 5.28026, 0.419041, 0.0135435, 0.99936, -0.0299759
5.41263, 5.28098, 0.422649, -0.011384, -0.999266, 0.0298367
5.41234, 5.27872, 0.415573, -0.0109255, -0.999369, 0.0286895
5.41249, 5.28206, 0.416711, -0.0177591, -0.999216, 0.0279763
5.41236, 5.2788, 0.417321, -0.0132364, -0.999003, 0.0340826
5.41236, 5.27831, 0.415036, 0.0100607, 0.999374, -0.0267684
5.41351, 5.28175, 0.418866, 0.00951238, 0.998818, -0.0408621
5.41365, 5.28337, 0.421673, 0.0169204, 0.998456, -0.0440222
5.41222, 5.27888, 0.418509, -0.0178179, -0.999155, 0.0323207
5.41362, 5.28475, 0.417873, -0.0161224, -0.998434, 0.0492278
5.41293, 5.27702, 0.418262, 0.0180023, 0.999057, -0.0314653
5.41281, 5.28158, 0.419158, -0.0166028, -0.998938, 0.034012
5.41367, 5.27838, 0.419009, 0.0118704, 0.999128, -0.0340196
5.41206, 5.28325, 0.422043, 0.0152934, 0.99902, -0.0334274
5.41194, 5.28131, 0.421951, -0.0165769, -0.9989, 0.0336544
5.41368, 5.27964, 0.419988, 0.0119653, 0.99898, -0.0379782
5.41256, 5.27894, 0.417189, 0.0192998, 0.999021, -0.0334412
5.41156, 5.27888, 0.419464, 0.0142364, 0.999244, -0.0309173
5.4134, 5.27802, 0.417865, 0.00866363, 0.999214, -0.0351838
5.4101, 5.27793, 0.421728, -0.0130533, -0.998974, 0.0375266
5.41265, 5.28222, 0.42017, 0.014806, 0.999048, -0.0362938
5.41186, 5.28031, 0.422177, -0.0215513, -0.998806, 0.0379567
5.41323, 5.27827, 0.423161, -0.0117572, -0.999259, 0.0288148
5.41292, 5.27805, 0.419846, 0.0138193, 0.998975, -0.0366381
5.41377, 5.27595, 0.422388, 0.0120407, 0.998917, -0.0352224
5.41242, 5.28097, 0.418585, 0.0136703, 0.998731, -0.0430965
5.41235, 5.279, 0.420098, -0.0128286, -0.998983, 0.0358208
5.41245, 5.27966, 0.420226, 0.0110985, 0.998898, -0.0423882
5.41399, 5.2792, 0.417485, -0.0123519, -0.999352, 0.0243361
5.41282, 5.28001, 0.418831, 0.0140247, 0.999037, -0.0357731
5.41337, 5.27858, 0.423214, 0.0105223, 0.998998, -0.0383642
5.4129, 5.27755, 0.417061, -0.0163949, -0.999305, 0.0270343
5.41192, 5.2797, 0.419018, 0.011275, 0.998898, -0.0390287
5.4125, 5.27974, 0.424326, 0.0140484, 0.99928, -0.0270915
5.414, 5.27808, 0.420451, 0.0116396, 0.999253, -0.0316528
5.41265, 5.27977, 0.419852, -0.0120958, -0.999304, 0.0272804
5.41322, 5.2834, 0.420473, 0.0130105, 0.999286, -0.0272938
5.41222, 5.27818, 0.421757, 0.0119637, 0.99913, -0.0361058
5.41293, 5.28167, 0.418753, 0.0122065, 0.999133, -0.0330775
5.41259, 5.28134, 0.422874, -0.013448, -0.999222, 0.0329714
5.41255, 5.27494, 0.422562, -0.0163969, -0.999241, 0.0274229
5.41361, 5.27906, 0.417443, -0.0213066, -0.998677, 0.0397763
5.41387, 5.28034, 0.420418, 0.00742379, 0.999184, -0.0341884
5.41215, 5.27854, 0.41859, -0.0179174, -0.999289, 0.0278647
5.41256, 5.27998, 0.416711, -0.0109786, -0.999191, 0.0309978
5.41237, 5.27811, 0.419418, 0.0157701, 0.999031, -0.0370804
5.41252, 5.28379, 0.419189, 0.0208444, 0.998946, -0.032285
5.41236, 5.28359, 0.419654, -0.0175276, -0.998797, 0.0356421
5.41381, 5.28318, 0.418864, -0.0168189, -0.998891, 0.0382208
5.4134, 5.27865, 0.421469, 0.0108453, 0.999307, -0.0302065
5.41098, 5.27586, 0.421246, -0.0120842, -0.999491, 0.0255913
5.41395, 5.27791, 0.418812, 0.0160435, 0.999165, -0.0320376
5.41103, 5.28279, 0.419866, 0.0109053, 0.998982, -0.0385581
5.41406, 5.27884, 0.414866, -0.0158621, -0.999166, 0.0311232
5.41277, 5.28646, 0.420837, 0.0120179, 0.998861, -0.0424257
5.41264, 5.2831, 0.42214, 0.00946404, 0.999252, -0.0275642
5.41151, 5.27807, 0.415709, 0.0181667, 0.999077, -0.0344448
5.41199, 5.28084, 0.417892, -0.0181466, -0.999251, 0.0294221
5.41213, 5.27936, 0.417514, -0.0168019, -0.99882, 0.0397756
5.41279, 5.27904, 0.421218, -0.0130158, -0.999487, 0.0244481
5.41294, 5.28138, 0.42091, -0.0137624, -0.998709, 0.0442268
5.41075, 5.27784, 0.425262, -0.0150725, -0.999292, 0.0323412
5.41202, 5.27861, 0.418792, 0.0159714, 0.999131, -0.0319854
5.41238, 5.2785, 0.420137, -0.0163359, -0.999157, 0.0322516
5.41413, 5.27887, 0.418888, 0.0144978, 0.99921, -0.0310051
5.41402, 5.28415, 0.419146, -0.0173203, -0.998786, 0.039986
5.41372, 5.27758, 0.419917, 0.0123459, 0.999367, -0.0294263
5.41386, 5.28588, 0.422505, -0.00959071, -0.999293, 0.032514
5.41322, 5.28875, 0.418663, 0.0112662, 0.999123, -0.0359359
5.41461, 5.28249, 0.42202, 0.0106222, 0.998951, -0.0396596
5.4108, 5.2791, 0.423436, -0.0136986, -0.998898, 0.0356939
5.41266, 5.28576, 0.420658, -0.0166643, -0.999002, 0.0352728
5.41359, 5.2798, 0.41847, 0.006347, 0.999021, -0.0391705
5.41272, 5.27783, 0.420418, 0.0127753, 0.999323, -0.0279811
5.41446, 5.27738, 0.419936, -0.00704532, -0.998982, 0.0375402
5.41269, 5.28009, 0.420963, -0.0124424, -0.999311, 0.0309316
5.41371, 5.27899, 0.417801, -0.00784331, -0.998952, 0.0399352
5.41467, 5.28334, 0.418506, -0.0130608, -0.998889, 0.0388439
5.41322, 5.27775, 0.420589, 0.0157382, 0.999133, -0.0324513
5.41378, 5.28368, 0.418859, 0.0131483, 0.998883, -0.0391099
5.41218, 5.28425, 0.420183, -0.0141023, -0.999243, 0.0287797
5.41305, 5.2819, 0.419279, 0.0137951, 0.998687, -0.0460235
5.41273, 5.28429, 0.419173, -0.0145602, -0.99909, 0.0346888
5.41225, 5.27894, 0.418618, -0.0152126, -0.999098, 0.0338395
5.41253, 5.2813, 0.420279, 0.0110843, 0.998923, -0.0409419
5.41235, 5.27904, 0.421091, -0.0150558, -0.999366, 0.0265188
5.41314, 5.28205, 0.418247, -0.0152957, -0.998882, 0.040208
5.41321, 5.2835, 0.42102, 0.0142548, 0.998902, -0.0389527
5.41243, 5.27887, 0.419909, -0.0124041, -0.999104, 0.0325925
5.41261, 5.28133, 0.424219, 0.0178442, 0.998675, -0.0401628
5.4145, 5.27858, 0.418935, -0.0104401, -0.999208, 0.0313901
5.41228, 5.27999, 0.418801, 0.00979791, 0.999283, -0.0318836
5.41268, 5.28057, 0.415908, -0.0136388, -0.999291, 0.0307412
5.41374, 5.28163, 0.415831, -0.0172651, -0.999002, 0.0331071
5.41312, 5.27919, 0.418163, -0.0157597, -0.999314, 0.030265
5.41188, 5.277, 0.418246, -0.012548, -0.999336, 0.0287179
5.41362, 5.27975, 0.417145, 0.0126339, 0.999102, -0.03293
5.41205, 5.28281, 0.41955, 0.0180381, 0.999379, -0.0231508
5.41198, 5.28079, 0.422306, 0.0130688, 0.999425, -0.0280935
5.41176, 5.27832, 0.421051, 0.0163133, 0.999048, -0.0349237
5.41201, 5.28204, 0.422763, -0.0112053, -0.999276, 0.0328699
5.41256, 5.27782, 0.420039, 0.0124406, 0.999108, -0.032814
5.41218, 5.28232, 0.420429, -0.011308, -0.99877, 0.0433459
5.41312, 5.28032, 0.421993, 0.0117777, 0.99914, -0.0355308
5.41375, 5.27985, 0.421602, 0.0115658, 0.999136, -0.0315673
5.41324, 5.28001, 0.421048, 0.0136548, 0.998871, -0.0354582
5.41264, 5.28064, 0.421357, -0.0122309, -0.998512, 0.0441061
5.41188, 5.28161, 0.418276, 0.0137484, 0.999288, -0.0319584
5.4133, 5.27835, 0.421236, 0.0100554, 0.999005, -0.0376513
5.41261, 5.27703, 0.422317, 0.0165595, 0.999166, -0.0285623
5.41153, 5.27415, 0.422347, -0.011663, -0.999398, 0.0272369
5.41168, 5.27921, 0.419974, -0.0162005, -0.999502, 0.022348
5.41249, 5.27773, 0.420948, -0.0151683, -0.99925, 0.0317802
5.41213, 5.2824, 0.418324, 0.0159078, 0.99866, -0.043079
5.4152, 5.28025, 0.413944, -0.0151487, -0.999362, 0.0214731
5.41265, 5.28072, 0.42345, 0.0127637, 0.999079, -0.0381398
5.411, 5.28073, 0.423028, 0.0147276, 0.998448, -0.0481053
5.41156, 5.28045, 0.41858, 0.0175485, 0.999349, -0.027776
5.41024, 5.27701, 0.421661, -0.0161404, -0.999326, 0.0285797
5.41206, 5.277, 0.421878, 0.0125699, 0.999313, -0.0320021
5.41388, 5.27828, 0.42114, 0.0106136, 0.999307, -0.0279792
5.41342, 5.28046, 0.41797, -0.0149396, -0.999447, 0.0249782
5.41313, 5.2813, 0.422131, 0.015299, 0.999323, -0.0297365
5.41206, 5.27903, 0.419779, -0.0121783, -0.998993, 0.0377278
5.41386, 5.27748, 0.419499, -0.0118694, -0.998908, 0.0309281
5.41187, 5.28121, 0.421332, 0.0124158, 0.999021, -0.0385215
5.41336, 5.28261, 0.417555, 0.010029, 0.998902, -0.0399611
5.41263, 5.27913, 0.42264, 0.0123165, 0.998968, -0.0333932
5.41274, 5.28276, 0.417725, 0.0093354, 0.999222, -0.0316876
5.41158, 5.27854, 0.418172, -0.0198375, -0.998725, 0.0411013
5.41204, 5.2786, 0.422266, -0.0142777, -0.999195, 0.0294293
5.41476, 5.28893, 0.415799, 0.0115077, 0.998837, -0.0377916
5.41156, 5.27846, 0.42129, 0.0171392, 0.998908, -0.0367695
5.41373, 5.28363, 0.417284, 0.0116479, 0.998664, -0.0447367
5.4133, 5.27834, 0.42146, -0.0114876, -0.999264, 0.031267
5.41177, 5.28571, 0.419722, -0.017771, -0.998344, 0.0491385
5.41218, 5.27884, 0.417995, 0.0163531, 0.998892, -0.0381863
5.41289, 5.28235, 0.420851, 0.0105215, 0.999163, -0.0349416
5.41227, 5.28419, 0.422228, -0.0137857, -0.999013, 0.0381596
5.4126, 5.27981, 0.423325, -0.0152573, -0.999055, 0.0360359
5.41125, 5.28499, 0.424664, 0.0124175, 0.999299, -0.0319075
5.41192, 5.28268, 0.419201, -0.0154657, -0.99897, 0.0344716
5.41185, 5.27724, 0.41949, 0.0161251, 0.999234, -0.0285528
5.41253, 5.28106, 0.419102, 0.0134604, 0.998881, -0.0371876
5.41292, 5.27814, 0.421577, -0.0138055, -0.999203, 0.0321183
5.41309, 5.28059, 0.420758, -0.0105529, -0.999093, 0.0372375
5.41405, 5.29182, 0.415114, -0.013015, -0.998686, 0.044137
5.41311, 5.27703, 0.419971, -0.0168385, -0.998936, 0.0341032
5.4115, 5.28019, 0.418742, 0.0146193, 0.998583, -0.0457285
5.41221, 5.27774, 0.419337, 0.0194483, 0.99899, -0.0350829
5.41332, 5.27982, 0.418242, -0.0162617, -0.999161, 0.0302822
5.41222, 5.27898, 0.420315, 0.0125975, 0.99933, -0.0291839
5.411, 5.27767, 0.417545, -0.0176622, -0.998942, 0.0372059
5.41386, 5.28135, 0.421896, -0.0113795, -0.99927, 0.0275593
5.41212, 5.27848, 0.418763, 0.0180879, 0.999176, -0.0272723
5.41197, 5.27818, 0.422453, 0.0125371, 0.998805, -0.0398187
5.41271, 5.27856, 0.417901, 0.0157372, 0.998952, -0.0362192
5.41388, 5.28322, 0.41929, 0.0171541, 0.998851, -0.035044
5.4135, 5.28337, 0.417793, 0.00713919, 0.999265, -0.0336513
5.41378, 5.28027, 0.417412, 0.0135285, 0.999008, -0.0329124
5.41252, 5.28144, 0.415885, 0.022399, 0.998715, -0.0375377
5.41243, 5.2853, 0.418424, -0.0146028, -0.99865, 0.0418057
5.41147, 5.27478, 0.421648, 0.0133857, 0.998971, -0.0394516
5.41362, 5.28199, 0.417799, -0.0171986, -0.998677, 0.0412722
5.41239, 5.27796, 0.419706, 0.0127953, 0.999331, -0.0305024
5.41358, 5.27874, 0.419034, -0.00808761, -0.999249, 0.0341207
5.41394, 5.28186, 0.423153, 0.0112479, 0.999283, -0.0329645
5.41233, 5.27827, 0.42445, -0.0128819, -0.999082, 0.0333811
5.41466, 5.28189, 0.417422, -0.0134932, -0.998931, 0.034012
5.4128, 5.28078, 0.423373, -0.0122815, -0.999068, 0.0355103
5.41442, 5.2807, 0.418326, -0.0112365, -0.998966, 0.0348005
5.41197, 5.28079, 0.419586, -0.0176026, -0.998646, 0.0387787
5.41222, 5.27809, 0.421145, -0.0137524, -0.999031, 0.0358322
5.4123, 5.28059, 0.414238, 0.0196405, 0.999108, -0.0307814
5.41316, 5.28233, 0.422326, 0.00630904, 0.998529, -0.0470812
5.41287, 5.27894, 0.418101, -0.0187629, -0.998843, 0.0302849
5.41465, 5.28235, 0.417792, -0.0131762, -0.999048, 0.0339886
5.41407, 5.28696, 0.415525, -0.0196927, -0.998597, 0.0381845
5.41276, 5.27931, 0.421548, -0.00988049, -0.998914, 0.0407604
5.41394, 5.2831, 0.4223, 0.0131204, 0.999239, -0.0283731
5.41306, 5.27786, 0.419473, 0.015329, 0.999346, -0.0252579
5.41267, 5.28024, 0.421332, 0.0122407, 0.999196, -0.0331835
5.41275, 5.27802, 0.41835, 0.0134658, 0.999473, -0.0234328
5.41234, 5.27867, 0.423246, -0.0131847, -0.998932, 0.0356343
5.41041, 5.27906, 0.419946, 0.0165797, 0.999118, -0.0336187
5.41303, 5.28894, 0.418794, 0.0142849, 0.999207, -0.0286098
5.41212, 5.28176, 0.419315, -0.0143162, -0.999126, 0.0348161
5.41235, 5.2848, 0.41647, 0.0135329, 0.999243, -0.0304265
5.41394, 5.2792, 0.41956, -0.00966299, -0.99892, 0.0388889
5.41245, 5.28564, 0.420468, 0.00967461, 0.999066, -0.0369916
5.41364, 5.27677, 0.420745, 0.0120436, 0.998974, -0.0355855
5.41182, 5.27739, 0.421417, 0.0202452, 0.998836, -0.0335309
5.41293, 5.27966, 0.421473, -0.016387, -0.998814, 0.0368648
5.41192, 5.27804, 0.420694, 0.0157301, 0.999281, -0.0280491
5.41385, 5.27868, 0.419517, -0.0155828, -0.999332, 0.0290342
5.41075, 5.27853, 0.414398, -0.0152895, -0.999264, 0.0278503
5.41228, 5.28544, 0.419635, -0.017681, -0.998713, 0.037725
5.41361, 5.2802, 0.417131, -0.017741, -0.998769, 0.0394889
5.412, 5.27685, 0.420409, -0.0139128, -0.999279, 0.0299885
5.41267, 5.27808, 0.423754, -0.0137801, -0.998717, 0.0430528
5.41225, 5.28483, 0.420391, -0.0126986, -0.999328, 0.0291224
5.41206, 5.28058, 0.41773, -0.0183082, -0.999119, 0.0320658
5.41252, 5.28145, 0.421643, -0.0121969, -0.999264, 0.0304764
5.4139, 5.28325, 0.421579, -0.00949424, -0.998988, 0.0405449
5.4119, 5.28143, 0.422443, -0.015331, -0.999296, 0.0285194
5.41396, 5.27817, 0.419124, -0.0146594, -0.999032, 0.0352034
5.41307, 5.28137, 0.421428, 0.011938, 0.998797, -0.0407508
5.41295, 5.28136, 0.417861, 0.0134092, 0.999267, -0.0309367
5.4135, 5.28304, 0.421195, 0.0159096, 0.998861, -0.0380158
5.41336, 5.28376, 0.420665, -0.0120118, -0.998874, 0.0412077
5.4133, 5.28118, 0.418431, -0.0185523, -0.999253, 0.0286918
5.41329, 5.27803, 0.420851, -0.0117725, -0.999295, 0.0335874
5.41282, 5.27827, 0.417951, 0.016178, 0.999257, -0.0305004
5.41344, 5.27949, 0.418544, 0.0125234, 0.999262, -0.0325098
5.41367, 5.27868, 0.422531, -0.0171906, -0.999092, 0.0300286
5.41333, 5.28215, 0.414559, -0.0119767, -0.99915, 0.0329533
5.41341, 5.28171, 0.415007, -0.0181092, -0.998956, 0.0350731
5.41583, 5.28646, 0.419476, 0.0118073, 0.998911, -0.0401212
5.41301, 5.27589, 0.421067, -0.0116405, -0.998891, 0.0370463
5.41446, 5.28063, 0.416551, -0.00900377, -0.999161, 0.0290367
5.41205, 5.27827, 0.421718, -0.0165746, -0.998945, 0.0338895
5.41431, 5.2858, 0.421078, 0.00990097, 0.999193, -0.0344058
5.41259, 5.28041, 0.423157, -0.0114431, -0.999016, 0.0399328
5.41213, 5.27907, 0.418011, -0.00843349, -0.999531, 0.0257284
5.41523, 5.281, 0.417822, 0.0140026, 0.998594, -0.0442145
5.41316, 5.27992, 0.420179, 0.0113769, 0.999002, -0.0367922
5.413, 5.28201, 0.418437, 0.0126568, 0.998873, -0.0392098
5.41268, 5.27779, 0.419428, 0.0107174, 0.999297, -0.0317754
5.41465, 5.28692, 0.419123, 0.0122445, 0.998994, -0.0377237
5.41433, 5.27854, 0.416822, -0.0154789, -0.998947, 0.0347049
5.41326, 5.288, 0.421817, -0.0118488, -0.999062, 0.0385075
5.41221, 5.27777, 0.41837, -0.0176934, -0.999109, 0.0341085
5.41397, 5.28025, 0.420971, -0.00983469, -0.999091, 0.036994
5.41369, 5.28725, 0.41714, -0.0113584, -0.998876, 0.0407621
5.41411, 5.28331, 0.418475, 0.0106805, 0.999269, -0.0328861
5.41409, 5.27976, 0.417196, -0.0115502, -0.999425, 0.02497
5.41407, 5.27784, 0.416204, -0.0157293, -0.999402, 0.0250561
5.41325, 5.2786, 0.421798, -0.0154719, -0.999154, 0.0353308
5.41206, 5.2779, 0.422123, -0.0154957, -0.999231, 0.0317457
5.41298, 5.27798, 0.422166, 0.0124306, 0.9992, -0.0279779
5.41275, 5.27974, 0.425452, 0.0160367, 0.99901, -0.0351575
5.41443, 5.27781, 0.417805, 0.0123848, 0.999094, -0.0359118
5.41254, 5.28339, 0.419498, 0.0142328, 0.998954, -0.0375761
5.41138, 5.27722, 0.421717, 0.0162417, 0.999045, -0.0329898
5.41296, 5.28021, 0.415224, -0.0138628, -0.999193, 0.0332633
5.41375, 5.28149, 0.417891, 0.00991133, 0.999183, -0.0298653
5.41234, 5.27767, 0.422853, -0.0193422, -0.998933, 0.0355606
5.41213, 5.27792, 0.421724, -0.0158991, -0.999496, 0.0217635
5.41407, 5.28674, 0.418674, 0.00952585, 0.998724, -0.0452932
5.41216, 5.28067, 0.421333, 0.0115923, 0.998938, -0.0392437
5.4129, 5.2802, 0.41763, -0.0210973, -0.998809, 0.0353785
5.41296, 5.27788, 0.418315, 0.0168649, 0.999163, -0.0307766
5.41434, 5.27864, 0.420328, -0.0120688, -0.998889, 0.0359188
5.41247, 5.27831, 0.41639, 0.0163043, 0.999361, -0.0186431
5.41261, 5.28166, 0.419075, 0.0184748, 0.999133, -0.0338892
5.41431, 5.27985, 0.414671, -0.0167644, -0.999077, 0.0345739
5.41312, 5.27813, 0.419436, -0.0148325, -0.999149, 0.0345772
5.41128, 5.28012, 0.422332, -0.018757, -0.99902, 0.0343835
5.41242, 5.27756, 0.420548, 0.0122963, 0.999317, -0.0283319
5.4138, 5.28588, 0.418239, -0.0100449, -0.99865, 0.0450151
5.41248, 5.27796, 0.417205, -0.0169994, -0.998941, 0.035428
5.41319, 5.27914, 0.417191, -0.0114901, -0.999161, 0.0324812
5.41168, 5.28091, 0.422116, 0.010044, 0.998938, -0.0345435
5.41188, 5.27828, 0.418438, 0.0124733, 0.998978, -0.0379906
5.41367, 5.2806, 0.419353, 0.0131376, 0.998984, -0.0358542
5.41115, 5.27391, 0.42609, -0.0118278, -0.999489, 0.0266857
5.41324, 5.28191, 0.422274, -0.0154524, -0.99898, 0.0383326
5.41293, 5.27666, 0.419397, 0.0170715, 0.998921, -0.0351361
5.41244, 5.27793, 0.425038, 0.0129576, 0.99924, -0.0317473
5.41261, 5.28641, 0.421261, 0.0151274, 0.999006, -0.0373968
5.41221, 5.28039, 0.422427, -0.0156561, -0.99905, 0.036449
5.41422, 5.28295, 0.419989, 0.0109047, 0.999231, -0.0330208
5.41265, 5.27814, 0.42023, 0.0116702, 0.999321, -0.0321604
5.41469, 5.28688, 0.417962, -0.0132543, -0.998976, 0.0369929
5.4115, 5.27605, 0.42308, -0.012943, -0.999216, 0.0316726
5.41226, 5.28672, 0.41908, -0.0148076, -0.999351, 0.0258878
5.41178, 5.27872, 0.422643, 0.015289, 0.998689, -0.0448553
5.41018, 5.27758, 0.423877, -0.0144027, -0.999225, 0.0323922
5.41241, 5.27711, 0.418904, -0.00886369, -0.999383, 0.0289148
5.41308, 5.2816, 0.417285, 0.0133013, 0.999348, -0.0287679
5.41329, 5.27857, 0.419576, 0.0141559, 0.998884, -0.0399773
5.41295, 5.28254, 0.417765, 0.0126064, 0.998879, -0.0406171
5.41184, 5.27856, 0.416548, -0.0151152, -0.999572, 0.0217698
5.41303, 5.27822, 0.420932, 0.0125597, 0.99932, -0.0306962
5.413, 5.28066, 0.419131, 0.0122926, 0.9991, -0.0348407
5.413, 5.27893, 0.418962, -0.0125274, -0.999147, 0.0339872
5.41248, 5.28346, 0.419384, 0.0115371, 0.998814, -0.0419709
5.41276, 5.27914, 0.418682, 0.0150419, 0.999246, -0.0316182
5.41411, 5.27614, 0.420658, -0.0092522, -0.999147, 0.0338532
5.41415, 5.29206, 0.420545, -0.01053, -0.998411, 0.0499448
5.41256, 5.28148, 0.417797, -0.0143364, -0.999019, 0.0370412
5.41189, 5.27787, 0.422974, 0.0126867, 0.999181, -0.0306316
5.41333, 5.28311, 0.422319, -0.0152682, -0.99868, 0.0433172
5.41173, 5.28001, 0.421427, 0.0124427, 0.999383, -0.0288087
5.41371, 5.28896, 0.41651, 0.0129147, 0.998754, -0.0393582
5.4113, 5.2785, 0.420592, 0.0137812, 0.999028, -0.0373026
5.41247, 5.28413, 0.418326, -0.0110717, -0.999264, 0.0295939
5.41239, 5.2828, 0.415634, 0.0161392, 0.99887, -0.0344082
5.41242, 5.27875, 0.422048, 0.0119537, 0.999072, -0.0382276
5.41273, 5.28571, 0.419214, -0.01503, -0.998711, 0.0442345
5.41273, 5.27879, 0.422513, -0.0139283, -0.998866, 0.0402048
5.4135, 5.27697, 0.421495, -0.0134853, -0.99905, 0.0336259
5.4121, 5.28176, 0.41783, 0.0140318, 0.999078, -0.0350177
5.41381, 5.28265, 0.419473, -0.00971783, -0.999173, 0.0324667
5.41292, 5.28648, 0.421078, -0.00897861, -0.998764, 0.04372
5.4099, 5.27946, 0.419698, 0.0168743, 0.99881, -0.0417664
5.4129, 5.28724, 0.420167, -0.0165773, -0.998454, 0.0463752
5.41468, 5.28185, 0.419077, -0.00986298, -0.999038, 0.036364
5.4132, 5.2816, 0.419207, -0.0112139, -0.999049, 0.0309541
5.4133, 5.28136, 0.415511, -0.0146653, -0.999406, 0.0253405
5.41293, 5.28094, 0.419668, -0.0162669, -0.999093, 0.0296008
5.41399, 5.28164, 0.414167, -0.0102306, -0.999014, 0.0341417
5.41245, 5.27777, 0.422878, 0.0150656, 0.999385, -0.0280369
5.41189, 5.27936, 0.418921, 0.0146446, 0.999156, -0.0305362
5.41206, 5.28021, 0.414294, -0.0182103, -0.999004, 0.0341823
5.4141, 5.28917, 0.421988, 0.0105545, 0.998867, -0.041669
5.41284, 5.2778, 0.418194, 0.0212642, 0.999088, -0.0325265
5.41314, 5.27846, 0.421645, -0.016649, -0.998695, 0.0444584
5.4125, 5.28218, 0.419514, 0.0154883, 0.999161, -0.0329381
5.41218, 5.28113, 0.420742, 0.0119054, 0.999135, -0.0358135
5.41353, 5.2816, 0.419665, -0.0105654, -0.99897, 0.0361734
5.41363, 5.27841, 0.41924, -0.0110515, -0.999256, 0.0294815
5.41432, 5.28071, 0.421273, 0.0144857, 0.999113, -0.0317711
5.41297, 5.28103, 0.416156, -0.0106202, -0.999327, 0.0301552
5.41337, 5.27988, 0.418766, 0.0158322, 0.998929, -0.0374477
5.41244, 5.28375, 0.419206, -0.0158044, -0.998744, 0.0404834
5.41155, 5.28075, 0.421422, -0.0136752, -0.999063, 0.0355552
5.41278, 5.27954, 0.422848, 0.0129315, 0.999205, -0.0317334
5.41213, 5.28077, 0.423689, -0.00947084, -0.999064, 0.0360457
5.41256, 5.28186, 0.4208, 0.0125721, 0.999013, -0.0368447
5.4143, 5.28342, 0.418845, 0.0119555, 0.998746, -0.0415906
5.41335, 5.28239, 0.422834, 0.02004, 0.998623, -0.0397913
5.41288, 5.27926, 0.421734, 0.0091099, 0.999031, -0.0367698
5.41201, 5.28032, 0.416271, 0.0155137, 0.999144, -0.0343315
5.41291, 5.2789, 0.416848, -0.0153516, -0.999282, 0.0301979
5.41109, 5.28174, 0.418069, 0.0166512, 0.999057, -0.0348032
5.4126, 5.28041, 0.42074, -0.0138056, -0.998888, 0.0370843
5.41181, 5.28013, 0.417494, 0.0201443, 0.998907, -0.0353375
5.41184, 5.27971, 0.421268, -0.0155551, -0.998873, 0.0372054
5.4121, 5.27935, 0.423204, 0.0119984, 0.998994, -0.0371585
5.41371, 5.28252, 0.420102, 0.0100255, 0.999152, -0.0332796
5.41253, 5.28399, 0.420984, 0.0202265, 0.998482, -0.0471359
5.41299, 5.27792, 0.417787, -0.0107884, -0.999518, 0.0236668
5.41129, 5.27986, 0.423617, 0.0103501, 0.999216, -0.0354497
5.41364, 5.28205, 0.418522, 0.0174585, 0.998638, -0.0421157
5.41463, 5.27802, 0.420169, 0.0133436, 0.9994, -0.0299005
5.41253, 5.2894, 0.42592, -0.0123366, -0.998466, 0.0452077
5.41271, 5.27913, 0.416314, 0.0174901, 0.999217, -0.0263286
5.41249, 5.28186, 0.421988, -0.01408, -0.998827, 0.0384057
5.41207, 5.28184, 0.420177, 0.0158524, 0.999152, -0.0327162
5.41179, 5.28156, 0.420202, 0.0164313, 0.998979, -0.0329664
5.41307, 5.27939, 0.419649, -0.0154635, -0.999217, 0.0308548
5.41289, 5.27991, 0.420912, 0.0103789, 0.99911, -0.0375779
5.41347, 5.28248, 0.418012, 0.0127576, 0.999357, -0.0261333
5.41305, 5.27926, 0.421434, -0.0161743, -0.998816, 0.0408126
5.41292, 5.27833, 0.419503, -0.0117875, -0.999152, 0.0324265
5.41389, 5.27876, 0.417118, -0.0114277, -0.999292, 0.0309927
5.41271, 5.28, 0.41871, -0.0179103, -0.998809, 0.0378545
5.41427, 5.27815, 0.42058, -0.00900658, -0.998823, 0.0430302
5.41229, 5.28032, 0.42032, -0.0137919, -0.998955, 0.0370889
5.4138, 5.2821, 0.421314, -0.0133864, -0.998957, 0.0345277
5.41231, 5.28234, 0.421692, 0.011461, 0.999157, -0.0343426
5.41318, 5.28298, 0.41851, -0.00864606, -0.999201, 0.0329245
5.41378, 5.27865, 0.413594, -0.0201422, -0.998787, 0.0389382
5.41241, 5.28102, 0.420086, -0.0155351, -0.998824, 0.0391475
5.41162, 5.27986, 0.419987, -0.0177832, -0.999099, 0.0321203
5.4142, 5.27866, 0.41649, -0.0107721, -0.999267, 0.0311559
5.41275, 5.2838, 0.421504, 0.0165405, 0.998687, -0.0395927
5.41378, 5.27847, 0.419964, 0.0146838, 0.99899, -0.0389746
5.41503, 5.27805, 0.414692, 0.014737, 0.999007, -0.0337
5.41357, 5.2794, 0.416132, -0.016999, -0.998901, 0.0355517
5.41329, 5.27841, 0.419219, 0.01841, 0.99893, -0.0362012
5.4131, 5.27748, 0.421043, -0.0169719, -0.999274, 0.0287772
5.4123, 5.27953, 0.41966, -0.0122393, -0.999082, 0.0343683
5.41326, 5.27939, 0.419838, -0.0205612, -0.99891, 0.0335741
5.41266, 5.28173, 0.419312, -0.0106488, -0.999019, 0.0353495
5.41384, 5.2837, 0.421206, -0.00765055, -0.999021, 0.0384447
5.41419, 5.27852, 0.419142, -0.0112638, -0.999155, 0.0347998
5.41348, 5.27808, 0.421069, 0.0163861, 0.998832, -0.0373651
5.41223, 5.28085, 0.421471, -0.0123631, -0.999058, 0.0374873
5.41331, 5.28039, 0.421774, 0.0138779, 0.999392, -0.0286571
5.41305, 5.28254, 0.419441, -0.0162707, -0.998888, 0.0377015
5.4114, 5.27958, 0.417117, -0.0203485, -0.998933, 0.0344538
5.41176, 5.28141, 0.419405, 0.0145919, 0.999482, -0.0241076
5.41324, 5.28095, 0.417604, 0.0132958, 0.999153, -0.0336419
5.41327, 5.28, 0.422749, 0.0157806, 0.998913, -0.0342951
5.41085, 5.27729, 0.426422, 0.0127102, 0.999223, -0.0282112
5.41154, 5.28583, 0.421047, -0.0153702, -0.9991, 0.0334953
5.41287, 5.28138, 0.423006, 0.0128265, 0.999114, -0.0365193
5.412, 5.28101, 0.418731, 0.0161427, 0.999301, -0.0224469
5.41163, 5.28434, 0.420252, -0.0144479, -0.998902, 0.0381962
5.41338, 5.281, 0.420285, -0.0140381, -0.999105, 0.0331375
5.41319, 5.27839, 0.415343, 0.0134046, 0.999396, -0.027772
5.41266, 5.28002, 0.418857, 0.0107907, 0.998881, -0.0401601
5.41396, 5.28137, 0.417223, -0.0147314, -0.999172, 0.0329528
5.41299, 5.28168, 0.420698, -0.0140315, -0.999322, 0.0284244
5.41273, 5.28123, 0.420977, -0.016353, -0.998992, 0.0355737
5.41158, 5.28055, 0.416736, -0.0125471, -0.999077, 0.033919
5.41305, 5.28481, 0.416223, -0.0115589, -0.999134, 0.0336009
5.41195, 5.27833, 0.421804, -0.0150103, -0.998401, 0.0471138
5.41352, 5.28144, 0.422213, -0.00591704, -0.999306, 0.0329764
5.41191, 5.27906, 0.417753, -0.0134846, -0.999375, 0.0280081
5.41188, 5.27905, 0.41939, 0.0182021, 0.999196, -0.0273426
5.41271, 5.27886, 0.423212, 0.0155535, 0.998927, -0.0317477
5.41337, 5.27743, 0.417794, 0.0143543, 0.999097, -0.0334777
5.41167, 5.28154, 0.420926, -0.0160367, -0.99867, 0.0412058
5.41356, 5.2778, 0.418036, 0.0119924, 0.998967, -0.0302033
5.4133, 5.2792, 0.417025, 0.0160303, 0.999263, -0.0301627
5.41377, 5.28293, 0.420476, 0.0103887, 0.999053, -0.0367268
5.41277, 5.28187, 0.419754, -0.014609, -0.999256, 0.0276841
5.41441, 5.28406, 0.419918, 0.0102818, 0.99866, -0.0439216
5.41275, 5.28095, 0.420475, -0.0118922, -0.999272, 0.0281972
5.41192, 5.28005, 0.421329, -0.0186631, -0.999458, 0.0182347
5.41012, 5.2778, 0.41933, -0.0202837, -0.998651, 0.0375715
5.41325, 5.28159, 0.418638, 0.0154345, 0.999259, -0.0262545
5.41138, 5.28041, 0.422282, 0.0139931, 0.99927, -0.0287983
5.41312, 5.27712, 0.42535, 0.0127037, 0.998986, -0.0344968
5.41117, 5.28099, 0.425746, -0.0123476, -0.998841, 0.0431752
5.41338, 5.28657, 0.420555, -0.00993801, -0.998919, 0.0383694
5.41258, 5.27871, 0.41579, 0.0160268, 0.999381, -0.0264611
5.41302, 5.28162, 0.420191, 0.0117328, 0.999281, -0.0305106
5.41359, 5.2833, 0.420074, 0.0129692, 0.999177, -0.0325876
5.41258, 5.28373, 0.417543, -0.0160027, -0.999232, 0.0317051
5.4128, 5.27976, 0.420017, -0.0147977, -0.999094, 0.0357994
5.41249, 5.27924, 0.419911, -0.0183345, -0.998866, 0.0403686
5.4129, 5.28196, 0.419196, -0.0122646, -0.998787, 0.0422242
5.41385, 5.28304, 0.41749, -0.0221586, -0.998827, 0.0303105
5.4143, 5.28105, 0.417247, 0.0109692, 0.998944, -0.0394596
5.41287, 5.27962, 0.418136, -0.016278, -0.999173, 0.0329992
5.41307, 5.28082, 0.418177, -0.0127425, -0.999107, 0.0351464
5.4119, 5.2801, 0.421711, 0.0172781, 0.998785, -0.0401424
5.41178, 5.27882, 0.420337, 0.0135387, 0.999217, -0.0332844
5.41273, 5.28044, 0.423984, 0.0123099, 0.999196, -0.0298163
5.41257, 5.27817, 0.420216, -0.0144946, -0.999116, 0.035442
5.41403, 5.27808, 0.417902, 0.0135942, 0.999086, -0.0345761
5.41233, 5.27932, 0.419329, 0.0149742, 0.998704, -0.0431233
5.41229, 5.27902, 0.421578, -0.0157637, -0.998994, 0.0358155
5.41216, 5.27827, 0.422069, 0.00979125, 0.99884, -0.0426857
5.41393, 5.28169, 0.419258, -0.0138782, -0.998827, 0.0423817
5.41378, 5.2834, 0.416492, 0.0153716, 0.999058, -0.0350935
5.41401, 5.27905, 0.420264, 0.0130124, 0.99911, -0.0357868
5.4135, 5.27902, 0.420483, -0.0192057, -0.99901, 0.033923
5.41393, 5.27613, 0.421708, -0.0121718, -0.999093, 0.036886
5.41338, 5.28166, 0.41549, -0.0165462, -0.998918, 0.0368201
5.41351, 5.27911, 0.418202, 0.012535, 0.998955, -0.0404655
5.41246, 5.28094, 0.416846, 0.0134623, 0.999104, -0.0334654
5.41279, 5.27574, 0.419692, 0.0175895, 0.998729, -0.0404817
5.41234, 5.27929, 0.417957, -0.015692, -0.999158, 0.0307564
5.41313, 5.28335, 0.421219, 0.0128505, 0.998891, -0.0399883
5.41308, 5.28441, 0.422119, -0.0185914, -0.99871, 0.0401243
5.41412, 5.28875, 0.41808, -0.0109903, -0.998538, 0.0486956
5.41281, 5.28375, 0.419915, -0.0147018, -0.999089, 0.0316714
5.41258, 5.28325, 0.417576, -0.0144444, -0.99906, 0.0367966
5.41194, 5.28303, 0.423251, -0.00994433, -0.998999, 0.0367668
5.41335, 5.2719, 0.419754, -0.0213062, -0.99904, 0.0282589
5.41322, 5.28048, 0.415099, 0.0142729, 0.999215, -0.0297076
5.41271, 5.28538, 0.41833, -0.00950717, -0.999173, 0.0317489
5.41299, 5.27982, 0.423119, -0.0146874, -0.999175, 0.0345126
5.41287, 5.28175, 0.420534, -0.0159005, -0.9992, 0.0283985
5.41361, 5.27961, 0.422196, 0.00645108, 0.999141, -0.0389279
5.41354, 5.28093, 0.419243, -0.0121392, -0.999007, 0.0394018
5.41535, 5.27872, 0.417771, 0.0144726, 0.998637, -0.0410245
5.41392, 5.27966, 0.418387, -0.0108574, -0.998982, 0.0389229
5.41466, 5.28172, 0.417495, -0.00724666, -0.999405, 0.0288944
5.41176, 5.28033, 0.423076, -0.0151433, -0.999061, 0.032851
5.4124, 5.2802, 0.421953, 0.0123873, 0.998949, -0.0370432
5.41143, 5.27939, 0.424382, 0.0160616, 0.999095, -0.0324521
5.41303, 5.2816, 0.42628, 0.0112409, 0.998701, -0.0442042
5.41263, 5.27927, 0.419994, -0.0161972, -0.998805, 0.0401276
5.41235, 5.27524, 0.423995, 0.0113414, 0.999225, -0.0300683
5.41301, 5.28385, 0.418921, -0.012624, -0.999071, 0.0334059
5.41193, 5.278, 0.420889, -0.0130992, -0.999279, 0.0312595
5.41298, 5.28296, 0.419839, -0.0138408, -0.998956, 0.0404836
5.41372, 5.28059, 0.423749, -0.0107076, -0.998866, 0.0421652
5.41268, 5.28181, 0.423487, 0.0140069, 0.998837, -0.0415382
5.41325, 5.27831, 0.419086, -0.0139564, -0.999187, 0.033344
5.41317, 5.27929, 0.420563, 0.0138131, 0.999194, -0.0344089
5.41397, 5.27919, 0.418248, 0.00988729, 0.999424, -0.0265695
5.41206, 5.28045, 0.420009, -0.0142633, -0.998981, 0.0360212
5.41355, 5.28217, 0.418488, 0.0127954, 0.998854, -0.040544
5.41248, 5.27934, 0.420535, 0.00863922, 0.999065, -0.0301162
5.41326, 5.28525, 0.420653, 0.0142358, 0.998871, -0.040653
5.41176, 5.28029, 0.421275, 0.0121429, 0.999337, -0.0304224
5.41315, 5.28451, 0.419081, 0.0153323, 0.999003, -0.0375816
5.41228, 5.2801, 0.421898, -0.00824684, -0.999139, 0.0379845
5.41305, 5.27658, 0.421368, -0.013661, -0.999339, 0.0287523
5.41163, 5.27844, 0.4225, 0.0159305, 0.999188, -0.0338706
5.41309, 5.2789, 0.420496, -0.00810172, -0.99896, 0.0389164
5.41329, 5.28328, 0.418844, 0.0121417, 0.998674, -0.0460259
5.41425, 5.28017, 0.420402, -0.00365288, -0.998883, 0.0430975
5.41115, 5.27814, 0.423235, 0.0136382, 0.999145, -0.0338851
5.41199, 5.28337, 0.421339, -0.0141609, -0.99885, 0.0418932
5.41226, 5.28119, 0.421677, -0.0140284, -0.999289, 0.0309467
5.41405, 5.2812, 0.420021, -0.00574255, -0.998923, 0.0410668
5.41286, 5.28302, 0.421169, 0.0126027, 0.9993, -0.0298514
5.41217, 5.28297, 0.419073, 0.0128224, 0.999236, -0.0337096
5.41176, 5.27933, 0.421338, -0.0149026, -0.998942, 0.0371153
5.41251, 5.27902, 0.421366, -0.018294, -0.998895, 0.03898
5.41297, 5.27741, 0.424682, -0.0113826, -0.999408, 0.0291315
5.41323, 5.28531, 0.420946, -0.0137833, -0.998571, 0.0424627
5.4126, 5.27883, 0.420846, 0.0151691, 0.999051, -0.0358138
5.41386, 5.28136, 0.421306, 0.00395681, 0.99908, -0.0387525
5.41442, 5.28197, 0.421876, -0.0131202, -0.999081, 0.0370354
5.41389, 5.27971, 0.419342, 0.0105168, 0.999063, -0.0347514
5.41152, 5.27936, 0.419507, 0.0179904, 0.998924, -0.0372443
5.41253, 5.28251, 0.416909, 0.0167631, 0.999196, -0.0315398
5.41176, 5.27924, 0.422849, 0.0112955, 0.999188, -0.0308192
5.41295, 5.27919, 0.422384, 0.0101496, 0.999297, -0.0288491
5.41285, 5.28033, 0.418618, -0.00821837, -0.998997, 0.0406163
5.41321, 5.27889, 0.419085, -0.010842, -0.999124, 0.0359991
5.41317, 5.28004, 0.421634, 0.0083798, 0.999381, -0.0293743
5.41248, 5.27949, 0.423273, -0.0123809, -0.999162, 0.0349709
5.41303, 5.27946, 0.41706, -0.0135749, -0.999413, 0.0263017
5.41332, 5.27824, 0.424099, -0.0120028, -0.998696, 0.0436339
5.41071, 5.2869, 0.422357, -0.0161913, -0.998703, 0.0397719
5.41336, 5.28216, 0.42038, -0.0125188, -0.998995, 0.0369313
5.41337, 5.28156, 0.418905, -0.010844, -0.999332, 0.0279787
5.413, 5.28303, 0.422802, -0.0123839, -0.998867, 0.0422317
5.4125, 5.27429, 0.422043, 0.0111485, 0.999213, -0.0260174
5.41342, 5.28355, 0.419202, -0.0090542, -0.999211, 0.0318892
5.4118, 5.27895, 0.420521, -0.0131254, -0.999481, 0.0242436
5.41381, 5.27896, 0.419616, 0.00899087, 0.998731, -0.0458243
5.41277, 5.28192, 0.420418, 0.0107572, 0.999204, -0.0335276
5.41294, 5.2783, 0.420362, -0.0109908, -0.999244, 0.0320296
5.41106, 5.28161, 0.426024, 0.0136712, 0.998883, -0.039671
5.41277, 5.28268, 0.4217, -0.0082622, -0.99894, 0.041375
5.41241, 5.28192, 0.424372, 0.00859021, 0.998932, -0.041441
5.4124, 5.28015, 0.423227, -0.0100342, -0.998938, 0.0374117
5.41269, 5.28057, 0.421413, -0.0115327, -0.999011, 0.0379623
5.41233, 5.28168, 0.422403, 0.0114314, 0.998757, -0.0414087
5.41268, 5.27929, 0.421797, -0.0159923, -0.998903, 0.0379325
5.41254, 5.28802, 0.425198, 0.0119642, 0.998982, -0.03579
5.41338, 5.27892, 0.420099, 0.0132434, 0.999055, -0.0360625
5.41242, 5.2842, 0.422615, 0.0108975, 0.999269, -0.0314119
5.41279, 5.27945, 0.419727, -0.010598, -0.999094, 0.0359502
5.4124, 5.28145, 0.42055, 0.00617125, 0.999257, -0.0292145
5.41162, 5.2853, 0.419985, -0.0123079, -0.999039, 0.0366193
5.41388, 5.28049, 0.417438, 0.0115528, 0.998941, -0.0384923
5.41269, 5.28559, 0.422722, 0.00972077, 0.998731, -0.0448039
5.41286, 5.28138, 0.421119, 0.00730573, 0.999306, -0.0322079
5.41215, 5.28151, 0.421905, 0.0110344, 0.99916, -0.0339689
5.41247, 5.28368, 0.420362, -0.0171443, -0.998843, 0.0396565
5.41264, 5.28455, 0.42013, -0.0125294, -0.999037, 0.029532
5.4108, 5.27913, 0.422587, -0.0132409, -0.999406, 0.0263062
5.41258, 5.27951, 0.42553, -0.0113389, -0.999089, 0.0357147
5.41213, 5.27988, 0.420116, -0.0145844, -0.998681, 0.0411746
5.41393, 5.28473, 0.424432, 0.0114403, 0.998539, -0.0471307
5.41244, 5.2801, 0.421599, -0.0119917, -0.998899, 0.0400971
5.41215, 5.27988, 0.416189, -0.0171777, -0.998494, 0.0476494
5.4133, 5.27733, 0.423776, 0.0166939, 0.99936, -0.0277836
5.41447, 5.28386, 0.419678, 0.00460366, 0.998899, -0.0437433
5.41106, 5.27759, 0.425165, -0.0145412, -0.998931, 0.0368171
5.41274, 5.28273, 0.419471, -0.0122505, -0.998932, 0.0345091
5.4128, 5.27934, 0.421891, 0.0131728, 0.999082, -0.0371467
5.41304, 5.27951, 0.418127, 0.012204, 0.999244, -0.029525
5.41285, 5.28348, 0.421631, 0.00931117, 0.998992, -0.0349513
5.41167, 5.28435, 0.421118, 0.0142337, 0.99919, -0.0320857
5.41192, 5.27831, 0.424157, 0.0151663, 0.999216, -0.0297722
5.41182, 5.27924, 0.424246, 0.0167195, 0.998381, -0.0466253
5.41295, 5.28445, 0.423354, -0.00884869, -0.999079, 0.0359274
5.41249, 5.28811, 0.426063, -0.014044, -0.998669, 0.0425022
5.41356, 5.28212, 0.421902, 0.00822575, 0.999188, -0.0350608
5.41379, 5.27968, 0.41936, 0.0119812, 0.999014, -0.0365905
5.41348, 5.28043, 0.418622, 0.0171082, 0.998973, -0.0323488
5.41381, 5.28202, 0.41792, -0.00644331, -0.999124, 0.0334903
5.41168, 5.27847, 0.41748, -0.0204118, -0.998849, 0.0366352
5.41107, 5.28114, 0.42239, 0.00956506, 0.998726, -0.0447593
5.41279, 5.27937, 0.423976, -0.0126417, -0.999023, 0.0388006
5.41262, 5.27841, 0.421661, 0.0141631, 0.998797, -0.0410214
5.41179, 5.28444, 0.418374, 0.0127311, 0.998859, -0.0397146
5.41263, 5.28078, 0.420065, 0.00872234, 0.999096, -0.0367436
5.41377, 5.28084, 0.418398, -0.0130088, -0.999297, 0.0309875
5.4124, 5.28095, 0.423495, -0.0107737, -0.99904, 0.0404042
5.41183, 5.28297, 0.422766, -0.0135117, -0.999055, 0.0348547
5.41184, 5.2785, 0.422284, -0.0131425, -0.999298, 0.02714
5.41508, 5.27912, 0.422007, 0.0140374, 0.999017, -0.0346077
5.41221, 5.28784, 0.422722, 0.0138584, 0.999065, -0.0371008
5.41272, 5.27871, 0.424898, -0.0168179, -0.998838, 0.0408996
5.41242, 5.28154, 0.422826, -0.0133441, -0.999196, 0.0322686
5.41255, 5.28269, 0.42207, -0.0104537, -0.998983, 0.0413412
5.41157, 5.28123, 0.422039, 0.0141636, 0.999016, -0.0372313
5.41255, 5.27871, 0.417919, 0.0104862, 0.999276, -0.0330481
5.41404, 5.27867, 0.421905, 0.0108158, 0.999318, -0.0308541
5.41352, 5.27825, 0.420368, 0.0112565, 0.99909, -0.0372022
5.41224, 5.28398, 0.424058, 0.00926229, 0.998597, -0.0455268
5.41303, 5.27983, 0.424563, 0.0117672, 0.999076, -0.0372909
5.41303, 5.28689, 0.419524, -0.0132895, -0.999508, 0.0263422
5.41317, 5.27894, 0.420719, -0.0117944, -0.999167, 0.033229
5.41321, 5.28441, 0.420017, 0.00527433, 0.999269, -0.0329953
5.4136, 5.2811, 0.423228, 0.00644972, 0.999029, -0.0398332
5.41297, 5.27824, 0.423801, -0.0116203, -0.998858, 0.041546
5.414, 5.28178, 0.418938, 0.0122858, 0.998964, -0.0405233
5.41207, 5.2816, 0.423641, -0.0114823, -0.999171, 0.0332015
5.41324, 5.27785, 0.418016, 0.0122376, 0.999212, -0.0313955
5.41267, 5.28535, 0.421303, 0.0110627, 0.999224, -0.0342824
5.41236, 5.28354, 0.419149, 0.014374, 0.999197, -0.0338717
5.41247, 5.27971, 0.423117, -0.0114264, -0.999079, 0.036952
5.41246, 5.27848, 0.422592, 0.0136346, 0.999353, -0.0294238
5.41298, 5.28144, 0.416831, 0.0152856, 0.999036, -0.0361156
5.41257, 5.27881, 0.419797, -0.016274, -0.999202, 0.0305343
5.41277, 5.28026, 0.420887, 0.0177187, 0.998904, -0.0371365
5.41345, 5.28095, 0.422419, -0.00914409, -0.999099, 0.0360144
5.4147, 5.28253, 0.419836, -0.00598452, -0.998797, 0.0459218
5.414, 5.28519, 0.419593, 0.00555242, 0.999097, -0.039983
5.41331, 5.28139, 0.419171, -0.0156711, -0.998699, 0.0425754
5.41187, 5.27964, 0.419075, 0.0105773, 0.9994, -0.0235796
5.41196, 5.2782, 0.422297, 0.0149274, 0.999112, -0.0352575
5.41308, 5.27938, 0.419676, -0.0110223, -0.999337, 0.02702
5.41228, 5.27821, 0.420993, -0.0129929, -0.9991, 0.0368334
5.41244, 5.28371, 0.421002, -0.0182207, -0.999175, 0.0301595
5.414, 5.28186, 0.419409, -0.00950818, -0.999249, 0.0300408
5.41312, 5.27921, 0.421788, -0.0140374, -0.999266, 0.0312025
5.41262, 5.28095, 0.420954, -0.0116362, -0.999255, 0.0336362
5.41319, 5.28215, 0.422158, -0.0105861, -0.998672, 0.0445049
5.41229, 5.28046, 0.417489, 0.01937, 0.998902, -0.0343742
5.41202, 5.2849, 0.422942, 0.0166428, 0.998714, -0.042714
5.41378, 5.2802, 0.421629, -0.00803923, -0.999324, 0.0310808
5.41455, 5.28183, 0.417707, 0.00821243, 0.9989, -0.0417132
5.41387, 5.28276, 0.419315, 0.00773925, 0.99904, -0.0378169
5.41212, 5.2822, 0.421406, 0.0117588, 0.998643, -0.0475838
5.41269, 5.27952, 0.419806, 0.0100825, 0.998974, -0.035577
5.41389, 5.28097, 0.42062, 0.0127082, 0.998968, -0.0378301
5.41154, 5.28108, 0.421129, 0.0104211, 0.99934, -0.0283214
5.41373, 5.28273, 0.423353, 0.0135082, 0.998595, -0.0426198
5.4126, 5.28183, 0.420487, 0.0115258, 0.999277, -0.0321267
5.41361, 5.2868, 0.420866, -0.00997862, -0.998823, 0.039743
5.41347, 5.28105, 0.422518, 0.00844023, 0.998946, -0.0398488
5.4131, 5.27922, 0.424477, 0.01302, 0.998882, -0.0426843
5.41317, 5.28278, 0.419579, -0.0153263, -0.999112, 0.0324974
5.41173, 5.28247, 0.421687, 0.015155, 0.999123, -0.0350295
5.41364, 5.27653, 0.420749, 0.0131798, 0.998721, -0.0451704
5.4135, 5.28438, 0.421757, -0.0092537, -0.999037, 0.0389423
5.41182, 5.2775, 0.425607, 0.00856357, 0.999023, -0.0345921
5.41297, 5.27948, 0.422543, 0.01599, 0.998888, -0.0405469
5.41148, 5.27698, 0.421837, 0.0150273, 0.999326, -0.0250331
5.41293, 5.27918, 0.423119, 0.0117158, 0.999177, -0.0351501
5.41316, 5.27898, 0.41901, -0.0174172, -0.999187, 0.0339838
5.41181, 5.28079, 0.422125, 0.0181419, 0.998972, -0.0369042
5.4122, 5.27938, 0.422644, 0.0150119, 0.999027, -0.0353358
5.41218, 5.28577, 0.419544, 0.00912767, 0.998991, -0.037107
5.41242, 5.2804, 0.419266, 0.0114271, 0.99881, -0.0411478
5.41265, 5.2794, 0.421012, 0.0115082, 0.999207, -0.0341502
5.4129, 5.28031, 0.424392, 0.0126737, 0.9991, -0.0368134
5.41388, 5.27895, 0.420034, -0.0148605, -0.999137, 0.0363943
5.41219, 5.27877, 0.422996, 0.0166024, 0.999022, -0.033255
5.4135, 5.28161, 0.42148, -0.014022, -0.998951, 0.0386427
5.41364, 5.28142, 0.420233, 0.00889545, 0.998948, -0.0348196
5.41217, 5.27916, 0.418058, 0.0132511, 0.998962, -0.0367667
5.41232, 5.28414, 0.423224, 0.00842457, 0.999119, -0.0375692
5.41373, 5.28308, 0.420177, -0.0090667, -0.9988, 0.043265
5.41396, 5.28444, 0.420367, 0.00915753, 0.999124, -0.0327027
5.41359, 5.28016, 0.420915, 0.0129673, 0.999073, -0.0366452
5.41246, 5.27899, 0.417507, 0.0139203, 0.998895, -0.0417193
5.41237, 5.27932, 0.420741, 0.0122153, 0.998984, -0.0376203
5.41308, 5.28174, 0.42216, 0.0125764, 0.998704, -0.0449587
5.4128, 5.28287, 0.42093, 0.015992, 0.999064, -0.0343041
5.41324, 5.2788, 0.423108, 0.0122933, 0.999135, -0.0352453
5.41283, 5.28442, 0.421942, -0.0109333, -0.999161, 0.0345701
5.41364, 5.27688, 0.420529, 0.0146304, 0.999604, -0.0210258
5.41295, 5.27925, 0.42162, -0.0153889, -0.999084, 0.0348759
5.41256, 5.27906, 0.422413, -0.0109435, -0.998904, 0.0376761
5.41311, 5.28142, 0.420229, -0.0149622, -0.998732, 0.0418584
5.41439, 5.28694, 0.421057, 0.00813746, 0.999135, -0.0322394
5.41439, 5.28782, 0.417836, 0.0118169, 0.998998, -0.0385819
5.41267, 5.27876, 0.418949, 0.0108649, 0.999254, -0.0282382
5.41204, 5.28586, 0.421426, 0.00953432, 0.998803, -0.0427778
5.41439, 5.28331, 0.419947, -0.00821222, -0.998696, 0.0474128
5.41324, 5.27997, 0.423505, 0.0126678, 0.998944, -0.0397801
5.41219, 5.28002, 0.423627, 0.0169818, 0.99878, -0.0403942
5.41157, 5.2815, 0.421886, 0.0129985, 0.999187, -0.0331375
5.41299, 5.27884, 0.420459, -0.0132987, -0.999078, 0.035593
5.41264, 5.27826, 0.41946, 0.00930956, 0.999358, -0.0252676
5.4117, 5.27814, 0.421342, -0.0139513, -0.999103, 0.0371525
5.41427, 5.28131, 0.41872, 0.00885339, 0.999077, -0.0360853
5.41123, 5.2806, 0.424261, -0.0131406, -0.999284, 0.0323978
5.41307, 5.28, 0.423455, -0.0122177, -0.998855, 0.0391151
5.41369, 5.27749, 0.421937, 0.0129479, 0.998618, -0.0464656
5.41297, 5.27948, 0.418614, 0.0145734, 0.999288, -0.0315557
5.41209, 5.28194, 0.423792, 0.00751064, 0.998807, -0.0441106
5.41273, 5.28199, 0.421843, 0.00746068, 0.999235, -0.0353471
5.41271, 5.28658, 0.423147, 0.0113261, 0.998986, -0.0369255
5.41228, 5.28749, 0.421914, 0.00620387, 0.999079, -0.0376374
5.41327, 5.28437, 0.421424, 0.0138872, 0.998815, -0.0398528
5.41354, 5.28039, 0.424759, 0.00805015, 0.998834, -0.0430052
5.41405, 5.27936, 0.420616, 0.0104856, 0.999224, -0.0349821
5.41279, 5.28911, 0.421056, 0.0141288, 0.998648, -0.0453211
5.41304, 5.27919, 0.418486, 0.0102946, 0.999163, -0.0305825
5.41323, 5.28111, 0.420628, -0.0169561, -0.999253, 0.0304531
5.41278, 5.27844, 0.419848, -0.0107735, -0.999165, 0.0300882
5.41177, 5.27948, 0.423406, -0.0163942, -0.998806, 0.0410256
5.41212, 5.27877, 0.423297, 0.00924115, 0.999191, -0.0349357
5.41239, 5.27858, 0.41841, -0.0140118, -0.999153, 0.0344351
5.4127, 5.27831, 0.423045, 0.0114001, 0.999062, -0.0375197
5.41226, 5.28274, 0.422666, -0.0172327, -0.998704, 0.0396556
5.41483, 5.28331, 0.419062, -0.0107688, -0.998849, 0.0417533
5.41418, 5.28404, 0.418571, -0.0144393, -0.998816, 0.0406775
5.41238, 5.28131, 0.422775, 0.0131438, 0.999344, -0.0313178
5.41268, 5.27978, 0.422697, 0.015, 0.999156, -0.0336607
5.41222, 5.28506, 0.425211, -0.0182371, -0.998455, 0.0432314
5.4134, 5.27608, 0.420366, -0.0150005, -0.998758, 0.0406599
5.41301, 5.2772, 0.423448, 0.0104006, 0.999399, -0.029731
5.41246, 5.2779, 0.419965, 0.0119243, 0.999205, -0.0327474
5.41216, 5.28454, 0.42178, 0.0121108, 0.999363, -0.0292187
5.4128, 5.2812, 0.421757, 0.00825655, 0.999065, -0.0363116
5.4134, 5.28329, 0.420407, 0.00867672, 0.999344, -0.0326517
5.41329, 5.28786, 0.423703, 0.0075358, 0.999149, -0.0368398
5.41268, 5.27849, 0.423521, -0.0119782, -0.999138, 0.0380085
5.41118, 5.28168, 0.423233, 0.0169536, 0.999038, -0.0357213
5.41373, 5.28353, 0.418846, 0.0104034, 0.999129, -0.033288
5.41248, 5.27908, 0.418641, 0.0133774, 0.999234, -0.0320416
5.41374, 5.27912, 0.422294, -0.01045, -0.999368, 0.0311056
5.41214, 5.28178, 0.421978, 0.00983471, 0.999111, -0.0373956
5.41181, 5.28207, 0.422781, 0.014747, 0.999123, -0.0322468
5.41433, 5.27886, 0.418772, -0.00927021, -0.999304, 0.0286087
5.41306, 5.28083, 0.423772, -0.00944252, -0.999191, 0.0361218
5.41345, 5.28457, 0.421621, -0.0117698, -0.999101, 0.0316163
5.41427, 5.27748, 0.420176, -0.00612488, -0.999403, 0.03062
5.4121, 5.28017, 0.425694, 0.0109, 0.999044, -0.0395622
5.41267, 5.28076, 0.420508, -0.0136323, -0.999218, 0.0335851
5.41233, 5.27967, 0.42301, 0.0124833, 0.998831, -0.0428943
5.41276, 5.28089, 0.422532, -0.0114761, -0.999008, 0.0386294
5.41272, 5.28193, 0.420374, -0.00742622, -0.998781, 0.0436525
5.41369, 5.28123, 0.419763, 0.0146816, 0.999028, -0.0386587
5.41186, 5.27914, 0.416109, 0.0196826, 0.999164, -0.0290581
5.41306, 5.27816, 0.419804, 0.0131285, 0.9993, -0.0294416
5.41262, 5.28223, 0.420383, 0.0109923, 0.998737, -0.0424573
5.41196, 5.28161, 0.420305, 0.0167112, 0.998923, -0.0352291
5.41069, 5.28199, 0.418418, -0.021396, -0.999134, 0.0321439
5.41161, 5.27918, 0.419073, -0.0177611, -0.9992, 0.0284888
5.41262, 5.28503, 0.420209, -0.0122953, -0.999076, 0.0375927
5.4131, 5.27824, 0.421451, -0.0139747, -0.999081, 0.0326422
5.41159, 5.28593, 0.425165, -0.00909225, -0.998953, 0.0368372
5.41315, 5.27841, 0.421531, 0.0161821, 0.999109, -0.03539
5.41166, 5.27916, 0.425164, 0.0136183, 0.999134, -0.0347389
5.41208, 5.2818, 0.421019, -0.0147119, -0.999364, 0.0279776
5.41362, 5.28077, 0.419483, -0.0162443, -0.999025, 0.0365597
5.41302, 5.27994, 0.418368, -0.0089991, -0.999384, 0.0306609
5.41293, 5.28369, 0.423602, -0.00935069, -0.998802, 0.0419633
5.41312, 5.28449, 0.420419, 0.0101632, 0.998873, -0.0417112
5.41317, 5.27856, 0.420214, 0.00754463, 0.999171, -0.0335199
5.41362, 5.28153, 0.421558, -0.0106378, -0.998709, 0.0469729
5.41238, 5.2861, 0.422801, 0.0110615, 0.998725, -0.0416655
5.41188, 5.28378, 0.421047, 0.0112594, 0.999033, -0.0343988
5.41222, 5.28703, 0.424082, 0.0200763, 0.998627, -0.0410431
5.41444, 5.28488, 0.417143, -0.00778509, -0.999198, 0.0351389
5.41392, 5.27835, 0.415999, -0.0164377, -0.999055, 0.0327823
5.41469, 5.27897, 0.420502, -0.011429, -0.999124, 0.0366796
5.41126, 5.27878, 0.420241, -0.0179874, -0.99923, 0.0247316
5.41199, 5.27882, 0.420603, 0.011687, 0.999283, -0.0304089
5.41256, 5.28185, 0.417923, -0.00994317, -0.999246, 0.0313164
5.41166, 5.27604, 0.423916, 0.0143043, 0.999104, -0.0342421
5.41211, 5.27902, 0.422806, -0.0137513, -0.999398, 0.0288747
5.41375, 5.27934, 0.423439, -0.00969835, -0.998825, 0.0396962
5.41402, 5.27996, 0.416965, 0.00828712, 0.99925, -0.0308706
5.41377, 5.27975, 0.42093, 0.0123203, 0.999096, -0.0323333
5.41306, 5.27665, 0.423698, -0.0141783, -0.99921, 0.029131
5.41388, 5.28292, 0.420266, 0.0154466, 0.997893, -0.0560729
5.4125, 5.28125, 0.419509, 0.014026, 0.999035, -0.0345451
5.41553, 5.28203, 0.418266, 0.0116124, 0.998764, -0.0408031
5.41313, 5.27844, 0.42168, 0.0116818, 0.999076, -0.0386396
5.41181, 5.27702, 0.422103, 0.0137, 0.999202, -0.0307044
5.41243, 5.2829, 0.421288, -0.0108903, -0.999135, 0.0340103
5.4126, 5.28082, 0.420496, 0.0136118, 0.999048, -0.0371755
5.41442, 5.279, 0.41845, -0.00762072, -0.999336, 0.0315397
5.41176, 5.28159, 0.421017, 0.0149894, 0.999206, -0.0342242
5.41218, 5.27993, 0.420488, 0.0121476, 0.998882, -0.0419016
5.4135, 5.28235, 0.421618, 0.00836998, 0.998856, -0.0428313
5.4156, 5.28057, 0.416364, 0.00805909, 0.998857, -0.0396074
5.41201, 5.28035, 0.420043, -0.0161898, -0.998962, 0.0375209
5.41282, 5.27993, 0.423459, -0.0133201, -0.999236, 0.0323296
5.41235, 5.28367, 0.422893, -0.0134577, -0.999097, 0.0320114
5.41198, 5.27985, 0.420185, 0.0133012, 0.999148, -0.0354163
5.41283, 5.27856, 0.420195, -0.014171, -0.999097, 0.0354141
5.41361, 5.28232, 0.419429, -0.00956075, -0.999124, 0.0355816
5.41338, 5.27773, 0.418876, -0.0186704, -0.998473, 0.0408974
5.41382, 5.28357, 0.417901, 0.0163777, 0.999256, -0.0310338
5.41233, 5.27892, 0.423573, 0.0112253, 0.999164, -0.0370803
5.41311, 5.27931, 0.419428, -0.00726269, -0.999263, 0.0342334
5.41357, 5.28154, 0.422154, -0.00854101, -0.999187, 0.0334692
5.41248, 5.28142, 0.423516, -0.0139135, -0.998883, 0.0413144
5.41227, 5.28487, 0.416726, -0.0169165, -0.998908, 0.0378506
5.41567, 5.27982, 0.420264, -0.0138707, -0.998861, 0.0391334
5.41508, 5.28475, 0.41842, -0.00886435, -0.998952, 0.0401241
5.41259, 5.28332, 0.419278, -0.0161309, -0.998695, 0.0392797
5.41204, 5.27955, 0.420413, 0.0184644, 0.998899, -0.0370974
5.41225, 5.27917, 0.420332, -0.00975323, -0.999099, 0.0350657
5.41222, 5.28617, 0.421377, 0.0107487, 0.999148, -0.0312935
5.41299, 5.27917, 0.419083, 0.00830499, 0.999353, -0.0261896
5.41391, 5.27914, 0.424244, 0.0129258, 0.999069, -0.037662
5.41243, 5.27856, 0.423803, -0.0109554, -0.998938, 0.0383839
5.41405, 5.28178, 0.419427, 0.010197, 0.998996, -0.0389788
5.41322, 5.27991, 0.42152, 0.0134221, 0.998885, -0.0381356
5.41415, 5.28652, 0.4189, 0.008014, 0.998922, -0.0427872
5.41252, 5.27809, 0.420705, -0.0112467, -0.999395, 0.0304343
5.41293, 5.28361, 0.42146, -0.00453331, -0.999053, 0.034691
5.41199, 5.28358, 0.420679, 0.0138454, 0.998933, -0.0362249
5.41194, 5.28352, 0.42602, 0.0147787, 0.998858, -0.0417155
5.4125, 5.28105, 0.424398, -0.0107689, -0.999064, 0.0381233
5.41316, 5.28335, 0.420077, 0.0129485, 0.999146, -0.0327595
5.4134, 5.27884, 0.420834, 0.0152245, 0.999079, -0.0348537
5.41325, 5.28106, 0.418704, 0.0111699, 0.998937, -0.0409202
5.41248, 5.27758, 0.421101, 0.0116905, 0.999291, -0.031445
5.41427, 5.27942, 0.417477, 0.0131987, 0.998532, -0.0482115
5.41257, 5.27913, 0.420776, -0.011751, -0.999388, 0.02851
5.4139, 5.28359, 0.419884, -0.0110451, -0.998949, 0.0384689
5.41184, 5.27834, 0.422421, -0.0112183, -0.999334, 0.0295802
5.41235, 5.28203, 0.425043, 0.0101433, 0.999179, -0.0368664
5.41193, 5.28194, 0.420893, -0.0161212, -0.999109, 0.0304998
5.41379, 5.27802, 0.41943, -0.0108448, -0.999111, 0.0300681
5.4135, 5.2782, 0.421343, 0.0117407, 0.999399, -0.0269455
5.41294, 5.27876, 0.42297, -0.0140153, -0.999074, 0.0378582
5.41196, 5.28534, 0.426139, 0.0155941, 0.998558, -0.0469177
5.41271, 5.28169, 0.419272, 0.0185553, 0.998859, -0.0329339
5.41396, 5.28483, 0.419338, -0.00796018, -0.99899, 0.0368424
5.41395, 5.27807, 0.421653, -0.00903826, -0.999231, 0.0332716
5.41239, 5.27918, 0.420654, -0.0128184, -0.998695, 0.0450894
5.41387, 5.27928, 0.419624, -0.00796662, -0.999035, 0.0396605
5.41319, 5.27934, 0.416673, 0.0138855, 0.999227, -0.0320253
5.41532, 5.27805, 0.418313, -0.00865893, -0.99937, 0.0271257
5.41269, 5.28141, 0.423629, 0.00583705, 0.998992, -0.0388368
5.4121, 5.28096, 0.423467, 0.0127561, 0.999291, -0.0332193
5.41212, 5.28155, 0.420807, 0.0131926, 0.999432, -0.0271739
5.41308, 5.27792, 0.420749, 0.00863149, 0.998766, -0.0457423
5.41262, 5.28074, 0.421608, -0.0106861, -0.99891, 0.0398028
5.41331, 5.28643, 0.421198, -0.0105047, -0.998916, 0.0418348
5.41262, 5.28682, 0.416457, 0.0126226, 0.999016, -0.0330426
5.41169, 5.2803, 0.421201, -0.0155139, -0.998863, 0.0408396
5.41314, 5.27828, 0.423589, -0.0136575, -0.998718, 0.0439763
5.41056, 5.28414, 0.42357, -0.0138935, -0.999029, 0.0385434
5.4147, 5.27915, 0.421996, 0.00722788, 0.998967, -0.0384567
5.4138, 5.27958, 0.415873, 0.015872, 0.999008, -0.0334248
5.41198, 5.28485, 0.42177, -0.0153656, -0.99899, 0.0333786
5.41265, 5.27895, 0.420011, 0.0117473, 0.998756, -0.0452422
5.41234, 5.28341, 0.418018, 0.00959818, 0.998814, -0.0430943
5.41389, 5.28447, 0.420336, 0.0101945, 0.99923, -0.0297085
5.41201, 5.2815, 0.423405, -0.0110356, -0.998823, 0.0389456
5.41322, 5.27994, 0.422435, -0.0153631, -0.998992, 0.0355562
5.41398, 5.2808, 0.417359, -0.010748, -0.998799, 0.042079
5.41341, 5.28166, 0.417449, 0.0169149, 0.999299, -0.0285414
5.41407, 5.27972, 0.418576, -0.0102105, -0.999269, 0.0307536
5.41303, 5.27919, 0.421231, -0.00895085, -0.999356, 0.02904
