5.41256, 5.28139, 0.420008, -0.0115642, -0.999075, 0.035203
5.41241, 5.2797, 0.420085, -0.0135133, -0.999045, 0.0373603
5.41301, 5.28072, 0.420468, 0.0103465, 0.999204, -0.0342614
5.41259, 5.27947, 0.422455, -0.0129155, -0.998962, 0.0384036
5.41335, 5.28096, 0.419155, -0.0101332, -0.999124, 0.035655
5.4122, 5.27938, 0.417647, 0.0130699, 0.999067, -0.030981
5.41293, 5.28007, 0.421867, -0.0112043, -0.998867, 0.040403
5.41254, 5.28047, 0.420574, -0.0155403, -0.999097, 0.0324206
5.41254, 5.27992, 0.421854, 0.0129434, 0.999212, -0.0338959
5.41282, 5.28005, 0.420433, -0.0130952, -0.998846, 0.0389854
5.41266, 5.28045, 0.420087, 0.0135283, 0.999101, -0.03514
5.41249, 5.2804, 0.421444, 0.0137055, 0.999077, -0.0341702
5.41244, 5.28014, 0.421531, 0.00968412, 0.999012, -0.0379055
5.41277, 5.28104, 0.421493, 0.0119581, 0.99917, -0.033075
5.41251, 5.2781, 0.422062, -0.0117296, -0.999328, 0.0309669
5.41237, 5.28198, 0.423294, 0.017678, 0.998777, -0.0380024
5.41232, 5.28321, 0.421851, 0.0127133, 0.999092, -0.0336114
5.41297, 5.28251, 0.420544, 0.00768857, 0.99899, -0.0380413
5.41235, 5.2829, 0.423932, 0.0121079, 0.998944, -0.037329
5.41227, 5.27996, 0.422845, -0.0113597, -0.999207, 0.0324285
5.41322, 5.27892, 0.420617, 0.0132948, 0.999124, -0.0350405
5.41286, 5.28129, 0.41793, -0.0123024, -0.998931, 0.0390165
5.41272, 5.28042, 0.419694, 0.011058, 0.99932, -0.0287895
5.41263, 5.28094, 0.419326, 0.00889564, 0.999091, -0.0367958
5.41208, 5.28034, 0.422208, 0.0131152, 0.999105, -0.0358436
5.41228, 5.28104, 0.421806, 0.0109709, 0.998997, -0.0390343
5.41174, 5.27962, 0.422189, 0.0160906, 0.998864, -0.0388109
5.41371, 5.27875, 0.420322, 0.0105851, 0.999296, -0.0301274
5.41204, 5.28012, 0.420757, 0.0140632, 0.999156, -0.0317156
5.41191, 5.2789, 0.423462, 0.0132423, 0.998961, -0.0397967
5.4131, 5.28255, 0.421681, 0.0110897, 0.998883, -0.0381211
5.41263, 5.28271, 0.420307, -0.0122847, -0.999148, 0.0333699
5.41263, 5.27861, 0.420883, 0.0109058, 0.999246, -0.0317254
5.41329, 5.2811, 0.42203, 0.0117145, 0.999209, -0.0313862
5.41247, 5.27929, 0.420863, -0.0123506, -0.999309, 0.0295068
5.41203, 5.27894, 0.421826, 0.0152568, 0.999138, -0.0292366
5.41168, 5.27895, 0.418557, -0.0123012, -0.999377, 0.02761
5.41268, 5.27902, 0.421299, 0.0145339, 0.999079, -0.0357353
5.41177, 5.27822, 0.421507, 0.0174164, 0.99909, -0.0311038
5.41322, 5.28119, 0.421544, -0.0113377, -0.998935, 0.0395996
5.41186, 5.27971, 0.421438, -0.0130553, -0.998986, 0.035502
5.41312, 5.27957, 0.421264, -0.0122308, -0.99906, 0.036095
5.41296, 5.28369, 0.420792, -0.0105178, -0.99891, 0.0395031
5.41311, 5.28092, 0.419952, 0.013878, 0.998977, -0.0362425
5.41207, 5.27861, 0.423028, 0.0116172, 0.999407, -0.0265367
5.41233, 5.27981, 0.420756, 0.0127322, 0.99921, -0.0327771
5.41246, 5.27824, 0.423394, -0.0119984, -0.999233, 0.0321248
5.41371, 5.28048, 0.42122, -0.0104056, -0.999289, 0.0307848
5.41289, 5.28116, 0.421745, 0.00985082, 0.998877, -0.0370192
5.41207, 5.28107, 0.424359, 0.0144896, 0.999099, -0.0333571
5.41194, 5.28052, 0.423304, 0.0133019, 0.999098, -0.0344962
5.41343, 5.27982, 0.420083, 0.015011, 0.999043, -0.0340286
5.41273, 5.27896, 0.422151, -0.0105813, -0.99927, 0.0309292
5.41261, 5.28014, 0.418755, -0.014016, -0.999124, 0.0335196
5.41252, 5.28187, 0.418848, 0.0148584, 0.999, -0.0348476
5.41369, 5.27983, 0.421523, 0.0125648, 0.998799, -0.0406769
5.4127, 5.27953, 0.422072, -0.011844, -0.999408, 0.0271529
5.4117, 5.2783, 0.422519, -0.0135918, -0.99905, 0.0320149
5.41169, 5.27857, 0.422004, 0.0133644, 0.999134, -0.0341381
5.41318, 5.27881, 0.421042, 0.0129783, 0.999154, -0.0335962
5.41339, 5.27816, 0.421121, 0.0141424, 0.999014, -0.0361304
5.41258, 5.28141, 0.421376, -0.0128386, -0.999045, 0.0368122
5.41185, 5.27896, 0.423255, 0.0139129, 0.99897, -0.038212
5.41192, 5.27942, 0.423446, 0.0142119, 0.999077, -0.033725
5.41202, 5.28463, 0.42341, -0.0149169, -0.999073, 0.0357893
5.41195, 5.27871, 0.421962, -0.0132168, -0.999208, 0.032561
5.41198, 5.27905, 0.422819, -0.0171357, -0.998897, 0.0389472
5.41168, 5.28183, 0.422084, 0.0148381, 0.998856, -0.03799
5.41253, 5.28574, 0.419961, -0.0132219, -0.999188, 0.0318307
5.41261, 5.28426, 0.419919, 0.0120071, 0.99891, -0.0377095
5.41197, 5.28013, 0.422308, 0.0154862, 0.999014, -0.0374019
5.41158, 5.28037, 0.421863, -0.0137729, -0.999062, 0.0335336
5.41214, 5.2793, 0.423492, 0.0124026, 0.99921, -0.0340585
5.41219, 5.28263, 0.423276, -0.0130531, -0.999012, 0.0368386
5.41286, 5.27897, 0.422579, 0.0108892, 0.998918, -0.0386239
5.41279, 5.28176, 0.41946, -0.0105244, -0.99928, 0.0314642
5.41204, 5.28044, 0.423536, -0.0123106, -0.999133, 0.0337654
5.41156, 5.27874, 0.422162, -0.0140647, -0.999123, 0.030421
5.41189, 5.27962, 0.421052, -0.0140873, -0.998987, 0.0390454
5.41292, 5.28006, 0.4208, 0.0116117, 0.999134, -0.0335171
5.41244, 5.27951, 0.421142, 0.0132998, 0.99909, -0.0351718
5.41261, 5.27817, 0.420071, 0.0139414, 0.999251, -0.0317856
5.4121, 5.28383, 0.422144, -0.0101805, -0.999075, 0.0353567
5.41273, 5.28307, 0.423427, -0.011525, -0.998889, 0.040017
5.41208, 5.28269, 0.420516, -0.0142534, -0.9991, 0.0344558
5.41178, 5.27905, 0.423404, 0.0117336, 0.999155, -0.0328867
5.41191, 5.28236, 0.42315, 0.0129883, 0.999047, -0.0360441
5.41227, 5.28236, 0.423635, 0.0136057, 0.998669, -0.0447134
5.41315, 5.28223, 0.420105, 0.0139262, 0.999109, -0.0348453
5.41252, 5.2793, 0.421562, 0.0120142, 0.999097, -0.0348121
5.41228, 5.28088, 0.421223, -0.0122294, -0.999095, 0.0337214
5.41236, 5.28065, 0.421899, -0.0108029, -0.998957, 0.0385626
5.41235, 5.28026, 0.423396, -0.0103448, -0.999062, 0.0368741
5.41213, 5.2796, 0.42342, 0.0147488, 0.999017, -0.0352824
5.41321, 5.27791, 0.422482, 0.0107054, 0.999217, -0.0331381
5.41234, 5.28094, 0.419946, 0.0117943, 0.999464, -0.0264957
5.41274, 5.28102, 0.421967, 0.0147134, 0.99882, -0.0382744
5.41233, 5.28114, 0.422537, -0.0110955, -0.999145, 0.0344101
5.41176, 5.28148, 0.423379, -0.0127981, -0.999192, 0.0327575
5.41271, 5.27886, 0.420484, 0.0122121, 0.999185, -0.0316411
5.41287, 5.28072, 0.421834, 0.0128349, 0.999216, -0.0308535
5.41166, 5.28366, 0.422836, -0.0154512, -0.998902, 0.0392183
5.41182, 5.27945, 0.423983, 0.0139212, 0.999189, -0.0324466
5.41367, 5.2816, 0.421777, -0.0109328, -0.999242, 0.0335634
5.41225, 5.28263, 0.422292, 0.0124088, 0.999044, -0.0361015
5.41275, 5.28011, 0.422465, -0.0104832, -0.999046, 0.0375928
5.41234, 5.28028, 0.421747, -0.0114809, -0.99901, 0.0353415
5.412, 5.27982, 0.421891, 0.0132742, 0.998932, -0.0400319
5.41212, 5.28369, 0.42142, -0.0123814, -0.998873, 0.0408118
5.4121, 5.28156, 0.419732, -0.0150125, -0.999225, 0.0309369
5.41293, 5.27994, 0.421011, 0.0121835, 0.999225, -0.0330706
5.41269, 5.28143, 0.421394, -0.0154866, -0.999109, 0.0334939
5.41205, 5.27897, 0.422562, 0.0107726, 0.999233, -0.0309211
5.41288, 5.28035, 0.42292, 0.0149538, 0.999037, -0.034528
5.4123, 5.28176, 0.421165, -0.0160494, -0.998833, 0.0388492
5.41261, 5.27971, 0.422666, 0.0127823, 0.999235, -0.0285664
5.41347, 5.28447, 0.419291, -0.0147547, -0.998945, 0.0363717
5.41254, 5.28007, 0.422448, 0.0120926, 0.999272, -0.0305465
5.41278, 5.28078, 0.420246, -0.0121869, -0.999113, 0.0357387
5.41261, 5.28073, 0.421605, -0.0127011, -0.999191, 0.032412
5.41292, 5.28307, 0.422509, 0.0108525, 0.998915, -0.0404404
5.413, 5.27955, 0.418964, 0.0125306, 0.999092, -0.0349155
5.41388, 5.27938, 0.419248, 0.0127555, 0.999107, -0.0342585
5.41309, 5.2785, 0.422303, -0.0133429, -0.999189, 0.032377
5.41257, 5.2817, 0.423049, -0.0154572, -0.998732, 0.0404797
5.4124, 5.28028, 0.420439, -0.0126593, -0.998985, 0.0374189
5.41249, 5.2788, 0.422142, 0.0123294, 0.999256, -0.030655
5.41174, 5.28131, 0.423062, 0.0139463, 0.998995, -0.0368554
5.41261, 5.28344, 0.422464, -0.0134731, -0.998823, 0.0423332
5.41262, 5.28048, 0.42213, 0.0152277, 0.999068, -0.0361781
5.41256, 5.28169, 0.422905, 0.013268, 0.998894, -0.0402166
5.41225, 5.2814, 0.42031, 0.0129007, 0.99889, -0.0373055
5.41309, 5.28039, 0.420634, 0.0117181, 0.999223, -0.0333064
5.41265, 5.28065, 0.419294, -0.0142458, -0.999127, 0.0336759
5.4129, 5.27996, 0.421018, -0.0128506, -0.999134, 0.035214
5.41264, 5.27772, 0.42029, 0.0141861, 0.999154, -0.0307505
5.41285, 5.28194, 0.421576, -0.0123681, -0.999033, 0.0360217
5.41325, 5.27987, 0.422713, 0.0114097, 0.998907, -0.0391901
5.41392, 5.2833, 0.421713, -0.012188, -0.999169, 0.0341348
5.41292, 5.27958, 0.420127, 0.0154624, 0.998972, -0.035478
5.41299, 5.28037, 0.421031, 0.012874, 0.999023, -0.0379652
5.41314, 5.28114, 0.419061, 0.0139772, 0.999103, -0.0328493
5.41193, 5.27986, 0.422114, 0.0148173, 0.999005, -0.0371419
5.41234, 5.28015, 0.421046, -0.0148893, -0.998887, 0.0389609
5.4119, 5.28207, 0.421455, 0.0151118, 0.999204, -0.0315248
5.41225, 5.28065, 0.423629, -0.0129312, -0.999078, 0.0366592
5.41253, 5.28172, 0.422072, -0.0124243, -0.998902, 0.0382592
5.41233, 5.28091, 0.421648, -0.0135148, -0.999006, 0.0389047
5.41286, 5.27942, 0.422266, 0.0121733, 0.999254, -0.0315087
5.4119, 5.2784, 0.423111, 0.0130134, 0.999338, -0.0297659
5.41196, 5.27986, 0.420911, 0.0116899, 0.999175, -0.0339604
5.41176, 5.28406, 0.422281, 0.0135827, 0.998881, -0.0374682
5.41176, 5.27912, 0.421894, -0.0148492, -0.999234, 0.0316133
5.41264, 5.27931, 0.422307, 0.0111435, 0.999107, -0.036209
5.41205, 5.27993, 0.423476, 0.0107498, 0.999287, -0.0318133
5.41201, 5.28033, 0.423974, 0.0154117, 0.999069, -0.0349439
5.41237, 5.28249, 0.41846, -0.0104237, -0.999356, 0.0275715
5.41336, 5.28282, 0.421019, 0.0100708, 0.999075, -0.0382343
5.41281, 5.27946, 0.421221, -0.0116482, -0.998961, 0.0378809
5.41187, 5.28017, 0.423593, 0.0144582, 0.999002, -0.0376393
5.41199, 5.27802, 0.421957, -0.0156909, -0.999329, 0.0286074
5.41259, 5.27866, 0.419804, 0.0134676, 0.999389, -0.0273148
5.41238, 5.28546, 0.421292, -0.0137039, -0.998793, 0.0421563
5.4123, 5.27889, 0.420338, -0.0132047, -0.999075, 0.0348828
5.41245, 5.28273, 0.423053, 0.0115592, 0.998944, -0.0397388
5.41181, 5.2786, 0.420823, -0.0173211, -0.998914, 0.0358304
5.41251, 5.27861, 0.419421, 0.0135816, 0.99936, -0.0277775
5.41318, 5.28121, 0.421669, 0.0102239, 0.999044, -0.0364104
5.41239, 5.28022, 0.422663, -0.0116807, -0.999265, 0.0330918
5.41249, 5.27861, 0.421271, -0.0120768, -0.999214, 0.0316362
5.41254, 5.27856, 0.423031, 0.0122021, 0.9992, -0.0325522
5.41198, 5.28115, 0.423896, -0.0126, -0.999059, 0.0357166
5.41259, 5.28104, 0.422417, 0.0134716, 0.999004, -0.0378751
5.41277, 5.28087, 0.422291, 0.0108972, 0.998925, -0.0395595
5.41231, 5.2793, 0.420965, 0.0146473, 0.999385, -0.0264216
5.41218, 5.28092, 0.421314, -0.0134846, -0.999056, 0.0346082
5.41251, 5.28049, 0.421583, 0.0137532, 0.998991, -0.0361342
5.41229, 5.27992, 0.421547, 0.0135347, 0.998886, -0.0404841
5.41222, 5.27874, 0.423116, 0.0119368, 0.999023, -0.0380254
5.41283, 5.27836, 0.421722, -0.0135134, -0.999111, 0.0348621
5.41337, 5.28033, 0.422619, 0.0118149, 0.999045, -0.0376944
5.41262, 5.28144, 0.418855, 0.0166041, 0.998986, -0.0329668
5.41248, 5.28331, 0.419905, 0.0148521, 0.999168, -0.0307039
5.4129, 5.28038, 0.419534, -0.0136062, -0.998816, 0.0411493
5.41225, 5.27798, 0.423967, 0.0132359, 0.999224, -0.0323486
5.41173, 5.27881, 0.420502, -0.0138687, -0.999051, 0.0368987
5.41137, 5.27873, 0.421522, -0.0165382, -0.998845, 0.0372098
5.41252, 5.27969, 0.421379, -0.0142971, -0.99894, 0.0382881
5.41255, 5.27941, 0.422048, 0.0125852, 0.999141, -0.0352573
5.41229, 5.27919, 0.421985, -0.0117695, -0.99925, 0.0328725
5.41234, 5.28, 0.422, -0.0137276, -0.999066, 0.0346629
5.41208, 5.27841, 0.421051, 0.0133192, 0.999206, -0.0307905
5.41279, 5.27958, 0.420166, -0.0100752, -0.999117, 0.0348385
5.41209, 5.27831, 0.421274, 0.0174914, 0.998897, -0.0351288
5.41323, 5.2818, 0.419653, 0.0140086, 0.998942, -0.0375308
5.41244, 5.28168, 0.422396, -0.0135602, -0.999117, 0.0340817
5.41163, 5.28011, 0.423873, 0.011996, 0.999225, -0.0316952
5.41219, 5.27963, 0.419356, 0.0136331, 0.999325, -0.0276482
5.4123, 5.27949, 0.423538, 0.0125787, 0.999026, -0.0390144
5.41187, 5.27987, 0.421355, 0.0149001, 0.999147, -0.0333202
5.41211, 5.28258, 0.421294, 0.0133214, 0.999114, -0.031851
5.41279, 5.28128, 0.422647, 0.0119558, 0.999271, -0.030323
5.41267, 5.28035, 0.420936, 0.0131812, 0.999164, -0.033559
5.41318, 5.2806, 0.419597, -0.0136928, -0.999161, 0.0328462
5.41309, 5.28211, 0.419648, -0.0115194, -0.999137, 0.0332048
5.41301, 5.27979, 0.419802, 0.0145955, 0.999238, -0.0297251
5.41217, 5.28168, 0.421059, -0.0127502, -0.999111, 0.0342332
5.4125, 5.27977, 0.420982, -0.0131013, -0.999054, 0.0366696
5.4124, 5.27849, 0.421185, -0.01384, -0.998967, 0.0376094
5.41254, 5.27964, 0.421001, -0.0122001, -0.998887, 0.0396667
5.413, 5.27835, 0.418982, -0.0117556, -0.999171, 0.0298419
5.41267, 5.27824, 0.422138, -0.0148911, -0.999222, 0.029604
5.41226, 5.28556, 0.42318, -0.0133866, -0.998877, 0.0396461
5.41259, 5.28066, 0.421853, -0.0132928, -0.998853, 0.0386949
5.41189, 5.27957, 0.421349, 0.0146796, 0.999104, -0.0341357
5.41197, 5.27883, 0.420237, 0.0140527, 0.999403, -0.0263188
5.41265, 5.28087, 0.419982, -0.0141276, -0.998964, 0.0373288
5.41296, 5.27962, 0.42024, 0.0108966, 0.999225, -0.0309273
5.41262, 5.27985, 0.423008, 0.0120222, 0.998846, -0.0403498
5.4135, 5.27986, 0.421587, 0.0116981, 0.998789, -0.0415924
5.41285, 5.28057, 0.421118, -0.0154045, -0.999071, 0.0346109
5.41273, 5.28008, 0.419594, -0.0123595, -0.999063, 0.0357041
5.41232, 5.27883, 0.422116, 0.0126334, 0.999344, -0.0281524
5.41279, 5.28387, 0.421145, 0.0142871, 0.998818, -0.0406686
5.41196, 5.28056, 0.421078, -0.0140175, -0.999059, 0.0348271
5.41345, 5.28029, 0.419223, -0.0121457, -0.999275, 0.0310429
5.41194, 5.28104, 0.422156, 0.0116137, 0.999019, -0.038265
5.4127, 5.27848, 0.42344, 0.0135529, 0.999162, -0.0346663
5.41298, 5.27792, 0.422194, 0.0150284, 0.998905, -0.0372836
5.41289, 5.2817, 0.420062, -0.0139532, -0.99911, 0.0339412
5.41352, 5.27996, 0.420525, 0.00936529, 0.999114, -0.0327588
5.41326, 5.28063, 0.421689, 0.0146639, 0.999039, -0.0360628
5.41341, 5.28022, 0.421787, -0.0142294, -0.999043, 0.0357423
5.41246, 5.28089, 0.41965, 0.0115055, 0.998789, -0.0419862
5.41225, 5.27639, 0.420939, -0.0130582, -0.99923, 0.0296367
5.41291, 5.28216, 0.423236, 0.0127909, 0.998833, -0.0380946
5.41311, 5.28023, 0.422077, 0.0122516, 0.9989, -0.0403561
5.41258, 5.27891, 0.42313, 0.0129808, 0.999211, -0.0339944
5.41169, 5.28016, 0.424739, 0.0147969, 0.999257, -0.031185
5.41241, 5.27944, 0.421761, -0.0132527, -0.999265, 0.030656
5.41249, 5.27827, 0.421105, 0.0174078, 0.998805, -0.039738
5.4132, 5.28147, 0.422132, 0.0142962, 0.999103, -0.0319586
5.41273, 5.27695, 0.420442, -0.0103676, -0.99911, 0.0349263
5.41301, 5.28042, 0.420296, -0.0107143, -0.999063, 0.0341008
5.41294, 5.28188, 0.422544, -0.0122426, -0.998885, 0.0388384
5.41287, 5.28251, 0.419708, 0.0149332, 0.998617, -0.0457269
5.41287, 5.28221, 0.421015, -0.0123272, -0.998777, 0.0441419
5.41221, 5.28187, 0.423286, -0.0127725, -0.999244, 0.032246
5.41266, 5.2818, 0.423119, 0.0143501, 0.998871, -0.0396842
5.41269, 5.27662, 0.423396, -0.0138099, -0.999082, 0.0338984
5.41191, 5.27991, 0.421528, 0.0167156, 0.999052, -0.0348083
5.41124, 5.28187, 0.420085, -0.0164654, -0.999, 0.0346029
5.41203, 5.27924, 0.420037, 0.0102987, 0.999336, -0.0288559
5.41292, 5.27993, 0.421949, 0.0130497, 0.998918, -0.0383661
5.41168, 5.27992, 0.420283, -0.0137911, -0.998982, 0.0346921
5.41282, 5.28018, 0.421528, 0.0146651, 0.999018, -0.0340913
5.41256, 5.28074, 0.420807, 0.014912, 0.998878, -0.0386218
5.41271, 5.28016, 0.420903, 0.0148646, 0.999033, -0.0371821
5.41185, 5.2798, 0.422242, 0.0161848, 0.999021, -0.0343332
5.41273, 5.27875, 0.419491, 0.0140282, 0.998966, -0.0365184
5.41266, 5.27726, 0.420872, 0.0138818, 0.999331, -0.0260837
5.41276, 5.28252, 0.421302, 0.0124344, 0.99908, -0.0345523
5.41285, 5.27924, 0.422337, -0.0125795, -0.999015, 0.0361584
5.41376, 5.2804, 0.41792, -0.0111632, -0.998892, 0.0396683
5.4127, 5.2789, 0.41918, -0.0153596, -0.99905, 0.0346961
5.4121, 5.2788, 0.420622, 0.0114051, 0.999251, -0.0317947
5.41239, 5.27512, 0.42283, -0.0153152, -0.999445, 0.0259126
5.41317, 5.28026, 0.420596, -0.0106457, -0.99914, 0.0354669
5.41275, 5.27649, 0.422256, -0.0149961, -0.999055, 0.0335102
5.41353, 5.27789, 0.419158, -0.0121174, -0.99934, 0.0294512
5.41335, 5.28194, 0.418038, -0.0104934, -0.999211, 0.0314569
5.41223, 5.27836, 0.419678, -0.0123384, -0.999389, 0.0264017
5.41316, 5.28132, 0.418485, -0.0101861, -0.999044, 0.0352766
5.41251, 5.27961, 0.420454, 0.0130084, 0.99925, -0.031184
5.41215, 5.28057, 0.418583, -0.0123149, -0.999089, 0.0350912
5.4132, 5.27898, 0.418073, 0.0134152, 0.999101, -0.033952
5.41199, 5.2814, 0.421016, 0.0145663, 0.998949, -0.0370798
5.41318, 5.28062, 0.422065, -0.0123109, -0.999183, 0.0320035
5.4116, 5.27901, 0.419632, -0.0161427, -0.999255, 0.028374
5.41258, 5.27826, 0.418919, 0.0169353, 0.999007, -0.0335382
5.41257, 5.28137, 0.421989, -0.0120359, -0.999164, 0.0333654
5.41293, 5.27803, 0.420315, 0.0125357, 0.999377, -0.0243734
5.41263, 5.27899, 0.4227, -0.0140092, -0.999294, 0.0291972
5.41241, 5.27922, 0.420215, 0.0115872, 0.999328, -0.0285921
5.41225, 5.27879, 0.421774, 0.0147409, 0.999288, -0.0286802
5.41301, 5.27815, 0.419012, -0.0111333, -0.99928, 0.0305367
5.41237, 5.28014, 0.419568, -0.0134458, -0.999348, 0.0280304
5.41229, 5.2806, 0.420238, 0.0182948, 0.999197, -0.0295986
5.41245, 5.28046, 0.42241, 0.0114701, 0.999029, -0.0351642
5.41283, 5.28313, 0.421482, -0.0119848, -0.999123, 0.0356815
5.41311, 5.27836, 0.420355, 0.0134302, 0.999304, -0.0297205
5.41268, 5.28161, 0.418709, -0.0132607, -0.999453, 0.0253291
5.41335, 5.28228, 0.420944, 0.0117565, 0.999086, -0.0350085
5.41171, 5.27904, 0.421976, -0.0150044, -0.999333, 0.0284822
5.41301, 5.28043, 0.419921, 0.010864, 0.999212, -0.0312235
5.4129, 5.28195, 0.421202, 0.0143327, 0.998995, -0.0371607
5.41187, 5.2791, 0.422509, 0.0136208, 0.99898, -0.0355415
5.41276, 5.28179, 0.418655, -0.0153471, -0.999139, 0.0321592
5.412, 5.27812, 0.420475, 0.0134147, 0.999019, -0.037368
5.41292, 5.28034, 0.419162, 0.0133448, 0.998906, -0.0394858
5.41385, 5.28539, 0.418407, -0.0110467, -0.998935, 0.0381166
5.41415, 5.28151, 0.420193, -0.0147868, -0.998947, 0.0341202
5.41275, 5.28211, 0.417878, -0.0156487, -0.998926, 0.0360565
5.41249, 5.27964, 0.419821, 0.0136313, 0.999029, -0.0366952
5.41276, 5.27742, 0.419268, 0.0156342, 0.999141, -0.0320126
5.41188, 5.27745, 0.42166, 0.0147191, 0.999349, -0.0272925
5.41421, 5.28132, 0.418287, 0.00968031, 0.999047, -0.0370589
5.41312, 5.28361, 0.421528, -0.0136466, -0.998629, 0.0441251
5.41357, 5.2817, 0.420451, -0.0110409, -0.998977, 0.0357479
5.41339, 5.27909, 0.421154, 0.0143746, 0.998793, -0.0386108
5.41134, 5.27967, 0.420003, 0.0134093, 0.999161, -0.0332709
5.41294, 5.28006, 0.419382, -0.0178542, -0.999062, 0.0323584
5.41331, 5.28068, 0.420336, -0.0111331, -0.999175, 0.0325217
5.41402, 5.28028, 0.421424, -0.012277, -0.999108, 0.0340821
5.41274, 5.27975, 0.420026, 0.0119106, 0.99912, -0.0344274
5.41275, 5.27992, 0.420348, -0.0104693, -0.998918, 0.0402235
5.41224, 5.27987, 0.420898, -0.0139424, -0.998971, 0.0371999
5.41373, 5.28021, 0.420384, -0.0104332, -0.998792, 0.0395772
5.41311, 5.28085, 0.418423, 0.0128017, 0.99909, -0.0339895
5.4132, 5.28014, 0.420706, -0.0115752, -0.999182, 0.0320429
5.41333, 5.28226, 0.419253, 0.0126094, 0.999002, -0.0369475
5.41158, 5.27872, 0.422035, 0.0110988, 0.999199, -0.0352547
5.41335, 5.27931, 0.41869, 0.0111933, 0.99894, -0.0380921
5.41269, 5.28179, 0.42118, -0.0125273, -0.999078, 0.035731
5.41313, 5.27631, 0.421818, 0.0144143, 0.999131, -0.0321842
5.41324, 5.27936, 0.421473, 0.0121829, 0.999141, -0.0334156
5.41271, 5.28336, 0.422153, -0.00955595, -0.998918, 0.0375967
5.41323, 5.28094, 0.420796, -0.0136607, -0.999164, 0.0307535
5.41285, 5.27897, 0.422002, 0.0129115, 0.998973, -0.0382802
5.41292, 5.28093, 0.419863, -0.0128435, -0.998967, 0.0388023
5.41349, 5.27971, 0.419178, 0.00857735, 0.999259, -0.032865
5.41408, 5.27939, 0.419216, 0.0124126, 0.99898, -0.0365503
5.41254, 5.27832, 0.423429, -0.0154067, -0.998928, 0.0357559
5.41364, 5.27978, 0.4194, 0.0105124, 0.999345, -0.0298202
5.41376, 5.27989, 0.420441, -0.0104569, -0.999093, 0.0355572
5.41363, 5.28063, 0.420301, -0.0111204, -0.999263, 0.0307981
5.41294, 5.28338, 0.423992, -0.0132522, -0.998635, 0.0453169
5.41273, 5.2784, 0.419328, -0.0147036, -0.998922, 0.0377346
5.41389, 5.28128, 0.419974, -0.0124829, -0.998879, 0.0404865
5.41248, 5.28028, 0.422674, -0.013431, -0.999176, 0.0326714
5.41215, 5.28111, 0.421989, -0.0126749, -0.99882, 0.0408074
5.41344, 5.28026, 0.419848, 0.0135694, 0.999096, -0.035139
5.41263, 5.27837, 0.422851, 0.0130755, 0.999011, -0.0374165
5.41283, 5.2816, 0.419256, -0.0129504, -0.998949, 0.0376914
5.41256, 5.28066, 0.420906, -0.011158, -0.998956, 0.0382238
5.41411, 5.28025, 0.41869, -0.012085, -0.999065, 0.0338849
5.41357, 5.2812, 0.419631, -0.0155731, -0.999005, 0.0345566
5.4132, 5.27874, 0.421078, -0.0110164, -0.999229, 0.0332273
5.41346, 5.28146, 0.42023, 0.0155614, 0.998991, -0.0340349
5.41305, 5.27845, 0.421581, -0.00821784, -0.999444, 0.028568
5.41312, 5.28131, 0.420649, -0.0116335, -0.998784, 0.0410989
5.41319, 5.27986, 0.421184, -0.011247, -0.999034, 0.0370008
5.41364, 5.28058, 0.42055, 0.011004, 0.99904, -0.0379147
5.41319, 5.27946, 0.419406, 0.0130426, 0.999138, -0.0330065
5.41342, 5.2812, 0.419222, -0.00940328, -0.9989, 0.036521
5.41332, 5.27896, 0.420618, -0.0118061, -0.998908, 0.0400955
5.41309, 5.28172, 0.421215, 0.0108086, 0.99898, -0.0381599
5.41287, 5.27834, 0.421531, 0.0116637, 0.99894, -0.0360979
5.41313, 5.28086, 0.420702, -0.0127514, -0.998912, 0.041209
5.41333, 5.27978, 0.417535, 0.0156232, 0.999029, -0.0328081
5.41372, 5.28044, 0.420262, -0.0116677, -0.998961, 0.0373958
5.41246, 5.27841, 0.420738, 0.0148785, 0.999082, -0.0338464
5.41335, 5.28292, 0.420435, -0.013037, -0.998787, 0.0402928
5.41294, 5.27985, 0.41943, -0.0120283, -0.999076, 0.036008
5.41241, 5.27927, 0.42028, 0.0117144, 0.999209, -0.0325963
5.41253, 5.27936, 0.420582, -0.0137911, -0.99912, 0.0338377
5.41216, 5.28196, 0.419992, -0.0132122, -0.998972, 0.0366892
5.41358, 5.28191, 0.420215, -0.0108589, -0.998825, 0.039564
5.41316, 5.28131, 0.419257, -0.0129359, -0.999234, 0.031365
5.41232, 5.27997, 0.420279, 0.0129863, 0.999132, -0.0331955
5.41259, 5.28131, 0.421391, -0.0112669, -0.998945, 0.0388501
5.41323, 5.27977, 0.421424, -0.0120777, -0.999058, 0.0353747
5.41309, 5.27901, 0.42029, 0.0112138, 0.999253, -0.0322184
5.41192, 5.27949, 0.42031, 0.0134577, 0.999159, -0.0344353
5.41273, 5.28029, 0.420215, -0.0135223, -0.999242, 0.0288226
5.41169, 5.27972, 0.420085, 0.0156785, 0.99874, -0.0385965
5.41236, 5.28004, 0.422535, 0.0131165, 0.999094, -0.0362591
5.4136, 5.27912, 0.42008, 0.0100523, 0.999054, -0.0353899
5.41204, 5.27969, 0.422755, 0.0117409, 0.999173, -0.0338249
5.41361, 5.28059, 0.420793, 0.0124828, 0.999081, -0.0347183
5.41226, 5.27921, 0.419458, -0.0152367, -0.998898, 0.03866
5.41263, 5.28008, 0.421655, -0.0110566, -0.999145, 0.0342656
5.41392, 5.27946, 0.418952, -0.0134992, -0.998993, 0.0333616
5.41329, 5.27888, 0.417811, -0.0134652, -0.999052, 0.0354319
5.41427, 5.28068, 0.421212, 0.0127305, 0.998888, -0.038135
5.41341, 5.27975, 0.420721, 0.0133027, 0.998803, -0.0404697
5.41295, 5.27987, 0.422016, 0.0118332, 0.999145, -0.0343957
5.41344, 5.27988, 0.422121, 0.0111635, 0.999171, -0.0316569
5.41324, 5.28159, 0.420659, -0.0159329, -0.998868, 0.0374589
5.41217, 5.27859, 0.422986, -0.0120999, -0.99925, 0.0323882
5.41367, 5.27944, 0.420958, 0.0118948, 0.999158, -0.0358015
5.41296, 5.27983, 0.421517, 0.0114803, 0.999432, -0.0263506
5.41279, 5.279, 0.421286, 0.0130362, 0.99915, -0.0328777
5.41256, 5.27882, 0.421144, 0.0115354, 0.999248, -0.033199
5.41257, 5.28022, 0.420455, -0.011408, -0.999215, 0.031912
5.41259, 5.28029, 0.420795, 0.0134491, 0.99915, -0.0324402
5.41373, 5.27869, 0.420704, -0.0109165, -0.999315, 0.0318767
5.41366, 5.27783, 0.420869, 0.012896, 0.999059, -0.0361417
5.4122, 5.28126, 0.421249, -0.0125883, -0.99859, 0.0466393
5.41296, 5.28086, 0.422338, 0.0139455, 0.999097, -0.0335336
5.41219, 5.27987, 0.418955, -0.0144596, -0.99923, 0.027159
5.41193, 5.2791, 0.421917, 0.0170042, 0.999136, -0.0320526
5.41178, 5.28132, 0.420753, -0.013265, -0.99907, 0.0348351
5.41223, 5.27984, 0.422438, 0.0118789, 0.998986, -0.0394451
5.41384, 5.28271, 0.418841, 0.0103157, 0.998819, -0.0409867
5.41259, 5.2833, 0.422237, 0.0134659, 0.998945, -0.0354409
5.41216, 5.28018, 0.421771, 0.012995, 0.99876, -0.0418783
5.41352, 5.28133, 0.419723, 0.0127895, 0.99901, -0.033559
5.41281, 5.28095, 0.420718, -0.0121879, -0.998844, 0.0373961
5.41258, 5.28124, 0.421202, 0.0140282, 0.999091, -0.0345379
5.41263, 5.27936, 0.418242, -0.0137726, -0.999071, 0.0333611
5.41366, 5.27994, 0.420202, -0.0123275, -0.999153, 0.0317984
5.41365, 5.28246, 0.419846, -0.0111614, -0.999053, 0.0361755
5.41304, 5.28081, 0.420735, -0.0147165, -0.998757, 0.0408265
5.41356, 5.28121, 0.419726, 0.011138, 0.999134, -0.0338209
5.41464, 5.28182, 0.418731, -0.012646, -0.998905, 0.0406249
5.41307, 5.27901, 0.422452, 0.0127002, 0.999259, -0.0301762
5.4126, 5.28142, 0.421031, -0.0117362, -0.999014, 0.0372383
5.41499, 5.28323, 0.419798, 0.00891948, 0.998815, -0.041753
5.41261, 5.28285, 0.418833, -0.0146557, -0.998803, 0.0395712
5.41419, 5.28354, 0.419165, -0.01006, -0.998954, 0.0400978
5.41361, 5.27794, 0.420831, -0.0116257, -0.99919, 0.0330827
5.41259, 5.2789, 0.419917, 0.0116721, 0.999096, -0.0350275
5.41353, 5.27827, 0.420439, -0.0119581, -0.999088, 0.0346133
5.41258, 5.28007, 0.420546, -0.0119126, -0.998894, 0.0409943
5.41409, 5.28053, 0.419254, 0.00995214, 0.99902, -0.0371108
5.41304, 5.27817, 0.420618, 0.0142799, 0.998978, -0.0375383
5.41311, 5.282, 0.418751, -0.0118104, -0.999274, 0.0322062
5.41231, 5.28039, 0.421483, -0.0136736, -0.998794, 0.0413646
5.41368, 5.28155, 0.41912, -0.0129084, -0.999145, 0.0340381
5.41267, 5.28227, 0.42172, -0.0128415, -0.998967, 0.0372351
5.4125, 5.27908, 0.422926, -0.015002, -0.998878, 0.0367901
5.41228, 5.28028, 0.42166, -0.0136613, -0.998799, 0.0396884
5.41238, 5.27951, 0.420376, 0.0130172, 0.999216, -0.0316288
5.41328, 5.2787, 0.421152, -0.0119116, -0.998864, 0.0391599
5.41453, 5.27821, 0.418815, 0.0122073, 0.999154, -0.0344586
5.41242, 5.28122, 0.421676, 0.0167434, 0.998997, -0.0372427
5.41307, 5.28018, 0.421101, 0.0105926, 0.998909, -0.0386306
5.41322, 5.28322, 0.418923, 0.0142558, 0.99897, -0.0362691
5.4146, 5.28259, 0.419902, 0.00897847, 0.998849, -0.0409509
5.41345, 5.2824, 0.4237, 0.014202, 0.9989, -0.040039
5.41335, 5.27908, 0.420396, 0.0105781, 0.999195, -0.0331828
5.41269, 5.27857, 0.422363, -0.0148768, -0.999165, 0.0333215
5.41337, 5.27879, 0.42, 0.012055, 0.999169, -0.0302248
5.41319, 5.28113, 0.419263, -0.0129318, -0.999048, 0.0367033
5.41433, 5.28053, 0.420776, -0.0100102, -0.999085, 0.0359582
5.41247, 5.2818, 0.423318, 0.0127579, 0.998946, -0.0383232
5.41274, 5.27983, 0.420619, 0.0125015, 0.999098, -0.0339754
5.41258, 5.28039, 0.422636, 0.0133719, 0.999047, -0.0343957
5.41336, 5.27961, 0.419134, 0.0115134, 0.998974, -0.0371358
5.4138, 5.2813, 0.419868, 0.0116487, 0.998757, -0.0435607
5.41358, 5.27955, 0.420023, 0.0109076, 0.998987, -0.0388892
5.41257, 5.27921, 0.4208, 0.0121246, 0.999071, -0.0352377
5.41363, 5.28314, 0.418697, 0.0111943, 0.998985, -0.0356399
5.41204, 5.28173, 0.422911, 0.0137055, 0.998922, -0.0377309
5.41317, 5.2805, 0.420176, -0.0116845, -0.999206, 0.0318514
5.41251, 5.27954, 0.422402, -0.00945219, -0.998984, 0.0385053
5.41394, 5.27996, 0.419268, -0.0144707, -0.998787, 0.0398334
5.41247, 5.27734, 0.422199, -0.0149408, -0.998857, 0.0402656
5.41337, 5.27898, 0.420271, 0.0106761, 0.998851, -0.0416936
5.4147, 5.27979, 0.417388, 0.0109199, 0.999016, -0.0372281
5.41325, 5.28308, 0.42208, 0.0102903, 0.999045, -0.0386559
5.41238, 5.27961, 0.41925, 0.0146847, 0.99916, -0.0320754
5.41352, 5.27953, 0.418948, 0.0130662, 0.999142, -0.0332152
5.41374, 5.28053, 0.421543, -0.0100009, -0.999041, 0.0374161
5.41449, 5.27896, 0.417634, 0.0144876, 0.998952, -0.0331971
5.41279, 5.28032, 0.420602, -0.0109803, -0.999099, 0.0360351
5.41303, 5.27998, 0.420572, 0.0143453, 0.998917, -0.0388461
5.41317, 5.28217, 0.422005, 0.0140305, 0.99922, -0.031156
5.4126, 5.27981, 0.422251, 0.0103541, 0.998895, -0.0400551
5.41322, 5.27883, 0.421999, -0.0141124, -0.998963, 0.0372231
5.41317, 5.28102, 0.419269, -0.0125165, -0.998941, 0.0377851
5.41385, 5.28455, 0.417992, -0.013119, -0.998857, 0.0398141
5.41242, 5.28171, 0.420838, 0.012107, 0.999103, -0.0349719
5.41376, 5.28092, 0.418741, 0.00973063, 0.999131, -0.0343828
5.41353, 5.28058, 0.420535, -0.0136868, -0.998807, 0.0418351
5.4129, 5.28155, 0.422042, -0.0104317, -0.998981, 0.0379517
5.41363, 5.28373, 0.418875, 0.0123386, 0.99899, -0.0368542
5.413, 5.28129, 0.421904, 0.0111943, 0.998992, -0.0372972
5.41383, 5.28182, 0.421286, 0.0103728, 0.999014, -0.0376449
5.41363, 5.27882, 0.421064, -0.00969185, -0.998956, 0.0395735
5.41332, 5.28217, 0.419735, 0.00929744, 0.998965, -0.0387447
5.41334, 5.27834, 0.422745, -0.011197, -0.999072, 0.0350831
5.41298, 5.28133, 0.421479, 0.0144843, 0.998922, -0.03902
5.41315, 5.27916, 0.420737, 0.0136085, 0.998732, -0.0421605
5.41264, 5.28038, 0.423032, 0.0124227, 0.999113, -0.0358456
5.41345, 5.27997, 0.41981, 0.0139634, 0.998765, -0.0421885
5.41383, 5.28126, 0.418555, 0.00739614, 0.999016, -0.0367374
5.4131, 5.28128, 0.421944, -0.0125421, -0.998861, 0.0405059
5.41413, 5.28096, 0.420592, -0.0103426, -0.999321, 0.0308214
5.41315, 5.27986, 0.420105, -0.0088437, -0.999188, 0.0344937
5.41449, 5.27893, 0.419405, 0.0105308, 0.998931, -0.040252
5.41297, 5.28264, 0.420354, 0.0128926, 0.998728, -0.0433497
5.41343, 5.28141, 0.419395, 0.0123942, 0.999201, -0.0325211
5.41362, 5.27783, 0.419011, 0.011866, 0.999082, -0.0343544
5.41303, 5.28207, 0.424009, 0.0117261, 0.998979, -0.03624
5.41295, 5.28159, 0.419732, 0.0101028, 0.999278, -0.0326101
5.41359, 5.28042, 0.420471, 0.0117205, 0.999045, -0.037858
5.41365, 5.2792, 0.41994, -0.0125522, -0.999163, 0.035061
5.41453, 5.27909, 0.420592, 0.0124592, 0.99889, -0.0381812
5.41389, 5.2789, 0.420604, 0.0111722, 0.999356, -0.0280988
5.41253, 5.27986, 0.42073, -0.0118465, -0.999184, 0.0344296
5.41412, 5.28259, 0.421849, 0.0123586, 0.998981, -0.036796
5.4129, 5.27906, 0.420979, -0.0108383, -0.999478, 0.0227164
5.41284, 5.2821, 0.421102, 0.0128417, 0.999085, -0.033214
5.41337, 5.2789, 0.420593, -0.0113601, -0.999217, 0.0329966
5.41268, 5.27854, 0.420105, 0.0140457, 0.998944, -0.037653
5.41347, 5.2787, 0.420365, -0.0116643, -0.999276, 0.0312934
5.41306, 5.28123, 0.419821, -0.0118794, -0.999145, 0.033725
5.41389, 5.28141, 0.419145, -0.0136228, -0.998849, 0.0384796
5.414, 5.28122, 0.419851, -0.00896771, -0.999451, 0.0277582
5.41332, 5.2836, 0.420409, 0.0171987, 0.999005, -0.0323157
5.41292, 5.28093, 0.416629, 0.0178, 0.998821, -0.0337603
5.413, 5.28129, 0.422196, -0.0104235, -0.998908, 0.0401277
5.41241, 5.27874, 0.4202, -0.0139102, -0.999137, 0.0340907
5.41265, 5.28098, 0.420086, 0.0108059, 0.999088, -0.0350483
5.41316, 5.27977, 0.419952, -0.0107395, -0.999001, 0.0387573
5.41236, 5.27994, 0.420722, -0.0143523, -0.999012, 0.0349309
5.41309, 5.28009, 0.421518, 0.0125133, 0.999037, -0.0369016
5.41366, 5.28062, 0.421674, 0.0138688, 0.998754, -0.0413874
5.4128, 5.27919, 0.4178, -0.0140275, -0.99921, 0.032132
5.41294, 5.28458, 0.417189, 0.0135363, 0.999027, -0.0380781
5.41394, 5.28078, 0.419411, 0.0140583, 0.998868, -0.0402013
5.41198, 5.28061, 0.420995, -0.0122572, -0.999222, 0.0332796
5.4129, 5.27967, 0.422277, -0.0118183, -0.999005, 0.0375637
5.413, 5.28081, 0.419487, 0.0139712, 0.999051, -0.03388
5.41287, 5.28002, 0.418219, -0.0146356, -0.999206, 0.0318222
5.41194, 5.27964, 0.422653, 0.0111054, 0.999026, -0.0362591
5.41341, 5.27981, 0.418436, 0.0115356, 0.999154, -0.0331353
5.41442, 5.284, 0.418795, 0.00841044, 0.998879, -0.0393224
5.41324, 5.28276, 0.419767, -0.0110357, -0.998904, 0.0362342
5.41349, 5.28183, 0.419811, 0.0134297, 0.998879, -0.0381669
5.41302, 5.2805, 0.421002, 0.0145022, 0.998992, -0.0355845
5.41219, 5.28181, 0.417964, -0.0143987, -0.998999, 0.0367364
5.41397, 5.28028, 0.42025, 0.0118358, 0.99912, -0.030002
5.41367, 5.28064, 0.418412, -0.0153876, -0.999281, 0.0298956
5.41269, 5.27853, 0.422939, 0.0150613, 0.999108, -0.0352729
5.41411, 5.28286, 0.418931, 0.0109526, 0.999, -0.0372421
5.41316, 5.27943, 0.420286, -0.0118322, -0.99913, 0.03475
5.41396, 5.28164, 0.419033, -0.0128719, -0.998896, 0.0403806
5.41309, 5.2806, 0.420169, 0.0121503, 0.999006, -0.038307
5.41338, 5.27889, 0.421383, -0.0115027, -0.999037, 0.035296
5.41436, 5.28311, 0.420361, 0.0132933, 0.998667, -0.0432514
5.41276, 5.27807, 0.423029, -0.0135535, -0.999048, 0.0356218
5.41272, 5.28012, 0.423466, 0.0162235, 0.998958, -0.0335054
5.41322, 5.28055, 0.418974, -0.0130665, -0.998865, 0.0393827
5.41335, 5.27895, 0.421176, -0.0114703, -0.999179, 0.034516
5.41355, 5.28053, 0.421298, -0.011837, -0.999169, 0.0317083
5.41323, 5.27999, 0.418664, 0.0123787, 0.999168, -0.0345983
5.41387, 5.28243, 0.420058, -0.00880074, -0.999086, 0.0349791
5.41293, 5.27975, 0.421192, 0.0124012, 0.999117, -0.0347525
5.4132, 5.27818, 0.419907, -0.0139461, -0.999111, 0.0326217
5.41354, 5.28009, 0.417178, 0.0104175, 0.99915, -0.0351426
5.41383, 5.27901, 0.420444, -0.0114806, -0.999125, 0.0332841
5.41312, 5.28294, 0.421961, -0.0105687, -0.998979, 0.0375102
5.41286, 5.28198, 0.419526, -0.0141116, -0.999095, 0.0341899
5.41323, 5.28333, 0.421182, -0.0113854, -0.99863, 0.0460104
5.41306, 5.28009, 0.421599, -0.0149638, -0.998877, 0.0387232
5.41194, 5.28163, 0.423388, -0.01279, -0.999094, 0.0369125
5.41362, 5.28049, 0.42088, -0.00988186, -0.998886, 0.0392053
5.41431, 5.28094, 0.421352, 0.0111034, 0.999041, -0.0350147
5.41255, 5.27887, 0.421254, 0.0109082, 0.999058, -0.0362436
5.41476, 5.28046, 0.421537, 0.00816065, 0.998924, -0.0390375
5.41272, 5.27936, 0.422273, -0.0122046, -0.999118, 0.036177
5.41262, 5.28221, 0.424223, 0.0150712, 0.999046, -0.0369212
5.41247, 5.27972, 0.420115, 0.0135335, 0.999202, -0.0317596
5.41348, 5.28044, 0.421044, 0.0153491, 0.999071, -0.0329881
5.41399, 5.2798, 0.419567, -0.011056, -0.999197, 0.0305146
5.41257, 5.28388, 0.423473, -0.0138568, -0.998967, 0.0372669
5.41313, 5.28262, 0.420059, 0.0127913, 0.999026, -0.0361846
5.41196, 5.28306, 0.420016, 0.0121999, 0.999197, -0.0347691
5.41302, 5.28134, 0.420313, -0.0120042, -0.998782, 0.042591
5.41303, 5.2824, 0.419624, -0.0144348, -0.999138, 0.0303671
5.4123, 5.28112, 0.419527, 0.014384, 0.999222, -0.0291161
5.41345, 5.28268, 0.42159, -0.0123141, -0.999124, 0.0341003
5.41291, 5.28037, 0.419727, -0.0122184, -0.999047, 0.0354689
5.41309, 5.27809, 0.420542, 0.0121934, 0.99908, -0.0366598
5.41453, 5.27946, 0.41975, 0.00870081, 0.999245, -0.0317933
5.41304, 5.28258, 0.421047, 0.0102472, 0.999104, -0.0341608
5.41349, 5.28057, 0.419063, -0.013561, -0.999226, 0.0305703
5.41423, 5.28066, 0.419188, -0.010624, -0.999234, 0.0313204
5.41269, 5.28253, 0.420258, 0.0111879, 0.998817, -0.0419636
5.41273, 5.27941, 0.422195, -0.0134091, -0.99909, 0.0345187
5.41238, 5.28002, 0.419571, -0.014215, -0.999106, 0.0340287
5.4125, 5.2802, 0.420844, 0.013734, 0.998899, -0.0404325
5.41298, 5.28081, 0.422526, 0.0122747, 0.998907, -0.0402457
5.41357, 5.28036, 0.417563, 0.0125419, 0.999052, -0.0365278
5.4132, 5.28144, 0.420959, 0.012078, 0.998585, -0.0453957
5.41317, 5.2806, 0.421534, -0.0151496, -0.998949, 0.0374369
5.41312, 5.2763, 0.421097, -0.0138239, -0.999144, 0.0343325
5.4125, 5.27721, 0.420934, -0.0119135, -0.999167, 0.0331693
5.41293, 5.27934, 0.420674, 0.0140147, 0.998876, -0.037609
5.41228, 5.27936, 0.42369, -0.0131686, -0.999002, 0.0350074
5.4128, 5.28089, 0.421862, 0.0107384, 0.999168, -0.0355276
5.41408, 5.27953, 0.420434, -0.0129318, -0.999012, 0.0360221
5.41404, 5.28136, 0.420922, -0.0096186, -0.999122, 0.034596
5.41334, 5.28102, 0.420118, -0.0111655, -0.999217, 0.0313422
5.4147, 5.27948, 0.4199, 0.0102981, 0.999165, -0.0346801
5.41486, 5.28072, 0.420867, 0.0112512, 0.998894, -0.0395551
5.41374, 5.27969, 0.418951, 0.013425, 0.99912, -0.0343665
5.41337, 5.28117, 0.418888, -0.0105937, -0.999138, 0.0342275
5.41395, 5.28181, 0.419369, 0.0114423, 0.999031, -0.0372299
5.41365, 5.28234, 0.420526, -0.0072406, -0.998906, 0.0399465
5.41353, 5.28311, 0.421665, -0.0166935, -0.998635, 0.0449244
5.41338, 5.2809, 0.421601, 0.0122823, 0.999089, -0.035544
5.41314, 5.27984, 0.423237, 0.0101333, 0.998974, -0.0389158
5.41319, 5.27922, 0.41952, 0.0123542, 0.998951, -0.0372878
5.41249, 5.28044, 0.419585, 0.0111351, 0.999345, -0.028664
5.41194, 5.27911, 0.419539, 0.012383, 0.999097, -0.036009
5.41252, 5.2809, 0.420918, -0.0128504, -0.999269, 0.0307071
5.4124, 5.27924, 0.421137, 0.013149, 0.999236, -0.0325745
5.41278, 5.2839, 0.421965, -0.0111345, -0.99894, 0.039559
5.41289, 5.28054, 0.420768, -0.0146072, -0.999075, 0.0353638
5.4137, 5.28311, 0.421363, -0.0148397, -0.998729, 0.0412397
5.41325, 5.28318, 0.42022, -0.0131206, -0.999181, 0.0330653
5.41253, 5.2837, 0.420841, -0.0151967, -0.998976, 0.036533
5.41403, 5.28094, 0.421705, 0.0108571, 0.999079, -0.0366665
5.41307, 5.28267, 0.422653, -0.0119789, -0.999113, 0.0344147
5.41342, 5.28047, 0.420536, 0.0136472, 0.999062, -0.0350161
5.41293, 5.28112, 0.420654, -0.00964685, -0.999118, 0.0345825
5.4129, 5.28016, 0.417917, 0.0152244, 0.999147, -0.033276
5.41365, 5.27892, 0.420163, 0.0106476, 0.999034, -0.0365246
5.41233, 5.2781, 0.419781, -0.0134608, -0.999199, 0.0306583
5.4141, 5.28161, 0.421079, -0.00955108, -0.999093, 0.0367507
5.413, 5.27976, 0.421429, -0.0127268, -0.999254, 0.0304574
5.41408, 5.28061, 0.422344, 0.012067, 0.998879, -0.0388735
5.41264, 5.28064, 0.424247, -0.0136773, -0.999066, 0.0327262
5.41302, 5.28118, 0.420275, -0.0122534, -0.99915, 0.0339455
5.41251, 5.27917, 0.420472, 0.0138031, 0.999213, -0.0341119
5.41296, 5.28106, 0.419988, 0.0120888, 0.999156, -0.0323304
5.41345, 5.27953, 0.419286, 0.0116856, 0.999012, -0.0361916
5.41184, 5.28068, 0.421756, 0.0106688, 0.999264, -0.0320577
5.4131, 5.28059, 0.4197, -0.0136135, -0.998986, 0.0369551
5.41204, 5.27957, 0.420639, -0.0137652, -0.998902, 0.0396955
5.41275, 5.28079, 0.421729, -0.0132522, -0.999071, 0.0348131
5.41219, 5.28203, 0.421082, -0.0125661, -0.999086, 0.0348695
5.41228, 5.27934, 0.419929, 0.0124218, 0.999174, -0.0340866
5.41314, 5.28037, 0.422014, -0.0086413, -0.999021, 0.0396957
5.41346, 5.28156, 0.421833, 0.014224, 0.999019, -0.0371387
5.41253, 5.28049, 0.421332, 0.0156043, 0.998815, -0.0393628
5.41205, 5.2825, 0.423124, 0.0117648, 0.999187, -0.0336044
5.41339, 5.28026, 0.421061, 0.0095499, 0.998969, -0.0388009
5.41225, 5.27746, 0.424795, 0.0148706, 0.999109, -0.0350941
5.41197, 5.2833, 0.422247, -0.0157831, -0.999015, 0.0362021
5.41337, 5.28194, 0.421778, 0.0155447, 0.998914, -0.0377845
5.41286, 5.28378, 0.423865, -0.0111436, -0.999058, 0.0360955
5.41232, 5.28243, 0.424398, -0.0131722, -0.998913, 0.0388578
5.41285, 5.28145, 0.420473, -0.0106652, -0.998943, 0.0387681
5.41271, 5.28027, 0.420332, 0.0127701, 0.998915, -0.039525
5.41335, 5.28033, 0.420759, -0.0109441, -0.999139, 0.0354132
5.41426, 5.27865, 0.421486, -0.0100476, -0.998895, 0.0402266
5.41283, 5.27888, 0.42066, -0.0116215, -0.999339, 0.0318459
5.41298, 5.28138, 0.420529, -0.0101982, -0.999002, 0.0369
5.41281, 5.27991, 0.421519, -0.0123853, -0.999007, 0.0368942
5.41243, 5.28235, 0.421562, 0.0108619, 0.999122, -0.0326975
5.41277, 5.28022, 0.419686, 0.0119479, 0.999228, -0.0332684
5.41268, 5.28397, 0.419848, -0.0110005, -0.999137, 0.0361351
5.41353, 5.28138, 0.42294, 0.0131396, 0.999101, -0.0342094
5.41216, 5.27974, 0.42404, -0.011943, -0.999096, 0.0353408
5.41273, 5.27834, 0.423652, -0.0146679, -0.99898, 0.0368779
5.41218, 5.28055, 0.420053, 0.0127847, 0.998976, -0.037294
5.4127, 5.28276, 0.420331, -0.0148149, -0.998956, 0.03722
5.41289, 5.28035, 0.422313, 0.013268, 0.999333, -0.0285832
5.41244, 5.2811, 0.422577, 0.0135802, 0.999102, -0.0351557
5.4129, 5.27937, 0.422167, -0.0132234, -0.99896, 0.0387049
5.4127, 5.28177, 0.421267, -0.0145923, -0.998799, 0.0393903
5.4133, 5.28104, 0.422076, 0.0119882, 0.999055, -0.0358458
5.41203, 5.28089, 0.423707, -0.0111569, -0.998935, 0.0364475
5.41272, 5.27916, 0.420517, 0.0115698, 0.999187, -0.0322672
5.41336, 5.2787, 0.420659, -0.0143239, -0.999181, 0.0322375
5.41288, 5.28085, 0.421678, -0.0102644, -0.99889, 0.0414651
5.41295, 5.28048, 0.422737, 0.0133546, 0.999203, -0.0336831
5.413, 5.28104, 0.420429, -0.0112966, -0.999055, 0.0377185
5.41337, 5.28104, 0.419674, 0.0124742, 0.99903, -0.0332909
5.41289, 5.27871, 0.420283, 0.0129577, 0.998943, -0.0392034
5.41226, 5.27977, 0.423447, 0.0139053, 0.998861, -0.0408863
5.41285, 5.27913, 0.420238, 0.0104861, 0.998791, -0.0433436
5.41214, 5.28038, 0.422162, -0.0125036, -0.998988, 0.0378564
5.41301, 5.28009, 0.420784, 0.0095015, 0.99899, -0.0394856
5.41242, 5.28496, 0.42315, 0.0153786, 0.998777, -0.0393339
5.41341, 5.27995, 0.420636, 0.0113783, 0.999156, -0.0314491
5.41304, 5.28014, 0.423111, -0.0138808, -0.999099, 0.0337128
5.41222, 5.2808, 0.422718, 0.0132716, 0.999192, -0.0332746
5.41143, 5.28307, 0.421951, 0.0146951, 0.999064, -0.0350569
5.41164, 5.27914, 0.421448, -0.0129925, -0.999181, 0.0314393
5.41276, 5.27672, 0.4229, 0.0123084, 0.999169, -0.0322943
5.41264, 5.27972, 0.422253, 0.0122735, 0.998966, -0.0380519
5.41279, 5.28172, 0.421799, -0.010957, -0.999052, 0.0341781
5.41339, 5.2819, 0.419594, 0.0119556, 0.99915, -0.0339061
5.41242, 5.28197, 0.421004, -0.012645, -0.999128, 0.0341297
5.41261, 5.28131, 0.421142, 0.0120663, 0.998999, -0.0341496
5.41142, 5.28211, 0.422452, -0.0101824, -0.998958, 0.0386519
5.4116, 5.27923, 0.420644, -0.013357, -0.999282, 0.0304538
5.41281, 5.28066, 0.422551, 0.0131719, 0.999045, -0.0358854
5.4119, 5.27791, 0.425134, -0.0139241, -0.999149, 0.0324685
5.41207, 5.28009, 0.422754, 0.0145084, 0.999013, -0.0394133
5.41339, 5.27916, 0.422294, -0.0120744, -0.999093, 0.0365715
5.41094, 5.28071, 0.420872, 0.0157972, 0.999034, -0.0359543
5.4125, 5.2801, 0.421323, -0.0128596, -0.999078, 0.0327641
5.41269, 5.27791, 0.421567, -0.0123908, -0.99925, 0.0285217
5.4118, 5.2811, 0.420641, -0.0141072, -0.999057, 0.0332676
5.41239, 5.27969, 0.423797, -0.014566, -0.999078, 0.0355786
5.41255, 5.28567, 0.421187, -0.0149994, -0.999021, 0.0349846
5.41295, 5.28017, 0.420677, 0.0160506, 0.999255, -0.0269597
5.41187, 5.2827, 0.421065, 0.0168746, 0.998723, -0.0407134
5.41327, 5.28253, 0.420924, -0.0124987, -0.999081, 0.0349068
5.41224, 5.27838, 0.422199, -0.0137095, -0.999082, 0.0335358
5.41205, 5.28051, 0.421847, -0.0131074, -0.999095, 0.0333152
5.4123, 5.2808, 0.42155, -0.0118044, -0.999046, 0.0330156
5.41289, 5.28088, 0.421625, 0.0124052, 0.998909, -0.0405733
5.41274, 5.28013, 0.420392, 0.0118287, 0.999154, -0.0331125
5.41278, 5.28321, 0.421792, 0.0127998, 0.999035, -0.0362209
5.41218, 5.28377, 0.422022, -0.0124012, -0.999044, 0.0341042
5.41184, 5.28127, 0.42093, -0.0126199, -0.999173, 0.0318448
5.41321, 5.28312, 0.421274, 0.0114485, 0.99907, -0.0368059
5.41303, 5.28319, 0.424223, -0.0115471, -0.998901, 0.040759
5.41233, 5.28152, 0.419295, 0.0139426, 0.99925, -0.0287004
5.4128, 5.27847, 0.422485, 0.0141636, 0.999053, -0.0363668
5.41213, 5.27739, 0.42003, 0.0117124, 0.998939, -0.0377082
5.41226, 5.28106, 0.421644, -0.0152344, -0.999039, 0.0367132
5.41138, 5.27865, 0.420644, 0.0157148, 0.999326, -0.0284819
5.41212, 5.28091, 0.422207, 0.0145035, 0.998877, -0.0396731
5.41257, 5.2821, 0.423229, -0.0129515, -0.998912, 0.0393461
5.41334, 5.28195, 0.420746, -0.00950348, -0.999153, 0.0334705
5.41251, 5.28262, 0.420957, -0.0104003, -0.999246, 0.0327159
5.41214, 5.2789, 0.420568, 0.0143366, 0.99929, -0.0272968
5.41181, 5.28054, 0.422117, 0.0178726, 0.999073, -0.0321471
5.41273, 5.28166, 0.419734, 0.0146349, 0.999, -0.0348626
5.41257, 5.28147, 0.422131, 0.0117223, 0.999151, -0.0348001
5.41192, 5.28056, 0.421605, 0.0162442, 0.999135, -0.0335958
5.41265, 5.28039, 0.420463, -0.0145443, -0.998824, 0.042643
5.41148, 5.27863, 0.422466, 0.0139089, 0.999293, -0.0287386
5.41227, 5.2809, 0.422128, -0.0136258, -0.999029, 0.0357923
5.4119, 5.27855, 0.420579, -0.0117923, -0.999259, 0.0316822
5.4123, 5.28007, 0.423223, 0.00922675, 0.999095, -0.0370544
5.41249, 5.28053, 0.420129, -0.013079, -0.99876, 0.0410842
5.41188, 5.27997, 0.421476, 0.013744, 0.999309, -0.0285956
5.4117, 5.28015, 0.423898, -0.0120143, -0.999138, 0.0327415
5.41279, 5.28002, 0.420609, -0.0127598, -0.99922, 0.0304796
5.41278, 5.27895, 0.419474, 0.0126585, 0.999125, -0.0332035
5.41204, 5.27907, 0.424119, -0.0128454, -0.999072, 0.0345967
5.41295, 5.28244, 0.420125, -0.0102761, -0.999034, 0.0358007
5.413, 5.28061, 0.42206, 0.0115067, 0.998854, -0.0418851
5.41185, 5.28326, 0.420043, -0.0151092, -0.99899, 0.0352945
5.41132, 5.27833, 0.421779, 0.0152536, 0.999097, -0.033129
5.41233, 5.28184, 0.425873, -0.0157146, -0.9991, 0.0353724
5.41221, 5.2838, 0.42214, -0.011525, -0.999236, 0.0316154
5.41334, 5.27917, 0.42125, 0.0151607, 0.998974, -0.0378888
5.41263, 5.28078, 0.419849, 0.0116762, 0.999155, -0.0342148
5.41161, 5.27816, 0.422166, 0.0157789, 0.99898, -0.0352668
5.41189, 5.27824, 0.418407, 0.0140124, 0.999185, -0.0314412
5.41166, 5.27912, 0.421214, 0.0149082, 0.999031, -0.0333733
5.4114, 5.28024, 0.421676, 0.0139705, 0.999006, -0.0357487
5.41337, 5.28377, 0.420806, 0.0114726, 0.999189, -0.033945
5.41146, 5.27809, 0.422655, 0.0115518, 0.999205, -0.0331021
5.41265, 5.27902, 0.42114, 0.0100736, 0.999204, -0.0315396
5.412, 5.28126, 0.420666, -0.0111078, -0.998986, 0.0364017
5.41319, 5.27881, 0.42243, 0.0122324, 0.999041, -0.0358494
5.41269, 5.28218, 0.421521, 0.013382, 0.99933, -0.0277157
5.41231, 5.27992, 0.422425, -0.0113395, -0.999055, 0.0360991
5.41233, 5.28012, 0.422574, -0.0138548, -0.99895, 0.0371533
5.41312, 5.28117, 0.4219, 0.0119918, 0.999028, -0.0356698
5.41114, 5.27956, 0.42158, 0.0157319, 0.999104, -0.0346025
5.41242, 5.28073, 0.42304, 0.0142636, 0.999137, -0.0347515
5.41294, 5.28182, 0.423686, 0.0144986, 0.999093, -0.0337203
5.41222, 5.28077, 0.421128, 0.0139228, 0.999154, -0.0338035
5.41225, 5.28675, 0.420885, 0.0138505, 0.998964, -0.0351891
5.41132, 5.28226, 0.423475, 0.0149247, 0.999157, -0.030003
5.41191, 5.27884, 0.422938, -0.0143719, -0.99895, 0.0384878
5.41198, 5.28167, 0.426548, -0.0145749, -0.999103, 0.0343003
5.41285, 5.28338, 0.423469, -0.0110733, -0.999037, 0.0377392
5.412, 5.2787, 0.419059, 0.0191255, 0.999068, -0.0331112
5.41093, 5.27899, 0.421364, 0.0134617, 0.999094, -0.0362769
5.41263, 5.28128, 0.421809, 0.0178736, 0.998595, -0.0426566
5.41279, 5.28259, 0.418522, 0.0146741, 0.999152, -0.0327081
5.41232, 5.28097, 0.41989, -0.0147352, -0.998895, 0.0382572
5.41281, 5.27975, 0.42081, -0.0136146, -0.999136, 0.0330823
5.41244, 5.27995, 0.421404, 0.0110894, 0.998786, -0.0410701
5.4119, 5.27926, 0.420402, -0.0170666, -0.998997, 0.0354183
5.41128, 5.28104, 0.424579, -0.0163583, -0.998948, 0.038518
5.41147, 5.27899, 0.423653, -0.0160045, -0.999041, 0.0356167
5.41249, 5.28256, 0.419585, 0.0139251, 0.999054, -0.0345017
5.4126, 5.28006, 0.420706, -0.00949109, -0.999232, 0.0295256
5.41287, 5.27832, 0.420274, -0.0129501, -0.999276, 0.0310738
5.41139, 5.28098, 0.421276, 0.0162895, 0.9988, -0.040123
5.41121, 5.27772, 0.422888, -0.014166, -0.999211, 0.0314595
5.41213, 5.27984, 0.423436, -0.016011, -0.998792, 0.0400258
5.41187, 5.27873, 0.423576, -0.0136954, -0.99899, 0.0388688
5.41138, 5.28217, 0.421728, -0.0144139, -0.998846, 0.0397207
5.41251, 5.2803, 0.421594, 0.0128548, 0.999028, -0.0357319
5.41395, 5.28203, 0.418356, -0.0104339, -0.999098, 0.0335414
5.41198, 5.27942, 0.426214, -0.0126864, -0.999001, 0.0357559
5.41167, 5.28276, 0.422365, -0.015027, -0.999177, 0.032224
5.41254, 5.28133, 0.422611, 0.0130682, 0.999207, -0.034582
5.41201, 5.27814, 0.420648, -0.0148645, -0.999276, 0.0261985
5.41224, 5.28034, 0.422434, 0.012156, 0.999233, -0.0327118
5.41304, 5.28002, 0.420532, 0.0115148, 0.99917, -0.0348856
5.41228, 5.28106, 0.420844, -0.0138845, -0.999094, 0.0343047
5.41353, 5.2786, 0.420792, 0.0136257, 0.999089, -0.0331495
5.41231, 5.27723, 0.423254, -0.0152228, -0.999028, 0.0350645
5.41253, 5.27992, 0.422005, -0.0122774, -0.999119, 0.036126
5.41227, 5.2779, 0.422221, 0.0146231, 0.999075, -0.0350092
5.41109, 5.27838, 0.420371, -0.0151604, -0.999331, 0.0271388
5.41333, 5.27884, 0.421983, -0.010095, -0.999201, 0.0307325
5.4128, 5.28084, 0.424123, -0.0112812, -0.998971, 0.0384055
5.41229, 5.27953, 0.42083, 0.0110342, 0.998942, -0.0375231
5.41277, 5.28173, 0.420147, 0.0127695, 0.998944, -0.0387298
5.41364, 5.27913, 0.420986, 0.011448, 0.999192, -0.0347449
5.41352, 5.27779, 0.421766, -0.0111289, -0.999319, 0.0311075
5.41262, 5.28159, 0.420601, 0.0101513, 0.999206, -0.0315254
5.41131, 5.27845, 0.423764, -0.0137427, -0.999021, 0.036742
5.41205, 5.28091, 0.41996, -0.0121192, -0.999113, 0.0312064
5.41139, 5.27789, 0.423718, -0.0150449, -0.999195, 0.030883
5.41129, 5.27866, 0.419564, -0.0167083, -0.999149, 0.030418
5.41265, 5.28029, 0.420292, -0.0169391, -0.998931, 0.0389695
5.41227, 5.27881, 0.422911, 0.0140082, 0.999038, -0.0353535
5.41166, 5.27978, 0.422341, -0.0117047, -0.998788, 0.0425866
5.41219, 5.27943, 0.42251, 0.0136071, 0.999328, -0.0290065
5.41255, 5.28001, 0.421882, -0.015043, -0.998724, 0.0399377
5.41201, 5.28116, 0.423014, 0.0128224, 0.998966, -0.0371285
5.41241, 5.28084, 0.42085, -0.010846, -0.9989, 0.0396924
5.41184, 5.27789, 0.423548, 0.0147892, 0.999139, -0.0334771
5.41206, 5.28061, 0.422564, -0.0137109, -0.998969, 0.0356482
5.41271, 5.28061, 0.424101, 0.0109266, 0.999132, -0.0295294
5.41282, 5.28128, 0.422635, 0.00983578, 0.999102, -0.0371359
5.41254, 5.28242, 0.420996, -0.013695, -0.998976, 0.0380636
5.4119, 5.28158, 0.421432, -0.0141968, -0.998961, 0.0381167
5.41215, 5.28246, 0.418429, -0.0159944, -0.999298, 0.0293742
5.41177, 5.28008, 0.423549, 0.0123042, 0.99909, -0.0349411
5.41194, 5.28093, 0.424735, 0.0127059, 0.999156, -0.0324942
5.41149, 5.28117, 0.422494, -0.0133285, -0.998982, 0.0350106
5.41176, 5.27942, 0.42037, 0.01388, 0.999319, -0.028067
5.41312, 5.28385, 0.423326, 0.0132555, 0.998927, -0.0380987
5.41306, 5.28139, 0.420774, -0.0128135, -0.999074, 0.0337542
5.41228, 5.28252, 0.42072, 0.0116901, 0.9991, -0.0366605
5.41168, 5.28295, 0.421135, 0.0138487, 0.999162, -0.0334324
5.41183, 5.28017, 0.423163, 0.0110403, 0.999139, -0.0334917
5.41206, 5.28425, 0.424281, 0.0141219, 0.999093, -0.0333742
5.413, 5.282, 0.421354, 0.0142309, 0.998823, -0.0403872
5.41168, 5.28249, 0.420708, 0.0125165, 0.999053, -0.0366298
5.41208, 5.281, 0.422452, 0.0110043, 0.999016, -0.0380177
5.41131, 5.28202, 0.421457, 0.0129971, 0.999026, -0.0361159
5.41078, 5.27891, 0.422543, -0.0161894, -0.998997, 0.0373858
5.41214, 5.27874, 0.421433, -0.0116543, -0.999206, 0.0304358
5.41124, 5.2804, 0.423698, 0.0150375, 0.999076, -0.0315626
5.41231, 5.27843, 0.421375, 0.0158223, 0.999168, -0.0325737
5.41188, 5.28438, 0.422919, -0.0136388, -0.999152, 0.0334048
5.41104, 5.28085, 0.422323, -0.0149752, -0.998849, 0.0389962
5.41259, 5.28059, 0.422813, -0.0136546, -0.999098, 0.0339496
5.41186, 5.28116, 0.421578, 0.0143456, 0.999122, -0.0307153
5.41221, 5.2854, 0.426777, 0.0132741, 0.998671, -0.0442925
5.41151, 5.28124, 0.422479, -0.0150703, -0.999019, 0.0360967
5.41274, 5.28213, 0.419436, 0.0105699, 0.998888, -0.0360013
5.41229, 5.28077, 0.422244, 0.011031, 0.999064, -0.0368623
5.4121, 5.28024, 0.420517, -0.0117618, -0.99917, 0.0349072
5.41139, 5.27833, 0.423264, -0.015688, -0.999112, 0.032394
5.41173, 5.27978, 0.423098, 0.0137249, 0.999223, -0.0304522
5.41256, 5.28019, 0.421451, 0.0135219, 0.998998, -0.0355396
5.4125, 5.27862, 0.420163, 0.0121051, 0.998912, -0.0378569
5.41178, 5.28011, 0.423246, 0.0129059, 0.999271, -0.0295946
5.41196, 5.27898, 0.42486, 0.0108004, 0.998959, -0.0388938
5.41213, 5.28201, 0.42231, 0.0115869, 0.998984, -0.0370549
5.41157, 5.28133, 0.423093, 0.0133056, 0.99916, -0.0333427
5.41242, 5.28479, 0.418305, 0.0122353, 0.999089, -0.0319856
5.412, 5.27853, 0.422109, 0.0153316, 0.999139, -0.0330199
5.41207, 5.28235, 0.421355, 0.0135921, 0.998702, -0.0436474
5.41272, 5.27829, 0.420913, -0.0164695, -0.998799, 0.0388821
5.41195, 5.28455, 0.423382, 0.0141923, 0.998944, -0.0373497
5.41206, 5.28016, 0.419531, -0.0144129, -0.999017, 0.0362121
5.41217, 5.28161, 0.422119, -0.0125857, -0.999132, 0.0357808
5.41218, 5.28083, 0.422972, -0.0106762, -0.998878, 0.0408511
5.41144, 5.28164, 0.421981, -0.0137925, -0.998751, 0.0422385
5.4128, 5.28, 0.421579, 0.0140811, 0.999207, -0.0286282
5.41165, 5.28272, 0.42307, -0.012001, -0.999091, 0.0362744
5.4132, 5.28176, 0.420395, -0.0121679, -0.999112, 0.0343435
5.41194, 5.28194, 0.422411, -0.0142059, -0.998903, 0.0358514
5.41242, 5.28227, 0.421252, -0.0139088, -0.99905, 0.0337951
5.4111, 5.28024, 0.420473, 0.0163094, 0.999035, -0.0316176
5.41242, 5.27941, 0.42235, -0.0108551, -0.999263, 0.0320484
5.41176, 5.28233, 0.421746, 0.0123446, 0.999325, -0.0294189
5.41296, 5.27915, 0.420608, 0.0126678, 0.999138, -0.0352112
5.41174, 5.27914, 0.422984, 0.0160365, 0.998684, -0.0421097
5.412, 5.27829, 0.420723, -0.011747, -0.999193, 0.0316578
5.41257, 5.28007, 0.420667, -0.013134, -0.999116, 0.0326657
5.41096, 5.28077, 0.421892, -0.0143694, -0.999043, 0.0329446
5.41318, 5.27921, 0.420858, -0.011399, -0.998982, 0.038919
5.4117, 5.2806, 0.421757, -0.0118792, -0.999301, 0.0310001
5.41155, 5.28062, 0.421871, 0.0145244, 0.99916, -0.0323334
5.41215, 5.28191, 0.420928, -0.0149055, -0.998896, 0.0393942
5.41291, 5.2794, 0.421704, -0.0123863, -0.999104, 0.0345807
5.41186, 5.27918, 0.424143, -0.0140549, -0.998863, 0.0407087
5.41175, 5.2796, 0.422698, -0.0152304, -0.998881, 0.0378057
5.4123, 5.27945, 0.422599, -0.0148604, -0.998916, 0.0369862
5.41257, 5.28027, 0.421696, 0.0117386, 0.999118, -0.0357464
5.41189, 5.27847, 0.420963, -0.0140633, -0.999151, 0.0309784
5.41259, 5.27875, 0.419681, -0.0125921, -0.99908, 0.034653
5.41167, 5.27974, 0.421425, -0.0134062, -0.998996, 0.0345144
5.41215, 5.27873, 0.423503, 0.0146263, 0.999036, -0.0361798
5.41223, 5.27918, 0.419082, 0.014132, 0.999259, -0.0283093
5.41178, 5.28373, 0.421326, -0.0147397, -0.998839, 0.0380322
5.41199, 5.2804, 0.421461, 0.013706, 0.999169, -0.032991
5.41276, 5.27894, 0.419055, 0.0153506, 0.999287, -0.0270572
5.41197, 5.28073, 0.421289, 0.0122522, 0.999124, -0.0335537
5.41189, 5.28051, 0.42515, 0.0158201, 0.999029, -0.0350572
5.4111, 5.27959, 0.424882, 0.0126935, 0.999181, -0.0339921
5.41268, 5.28129, 0.421875, -0.0139327, -0.99899, 0.0373746
5.41291, 5.27898, 0.421492, 0.0138027, 0.998894, -0.039413
5.41159, 5.28231, 0.421474, 0.0117331, 0.999185, -0.0328234
5.41204, 5.27871, 0.422508, 0.0125346, 0.999102, -0.0365359
5.41251, 5.28016, 0.422157, -0.0112243, -0.999288, 0.0296772
5.4113, 5.28123, 0.423574, -0.0132015, -0.999172, 0.0327368
5.41188, 5.28067, 0.419963, -0.0128188, -0.999038, 0.0360026
5.41294, 5.27873, 0.425864, 0.0139957, 0.999064, -0.0351648
5.41162, 5.27861, 0.423391, 0.0126509, 0.998904, -0.0397425
5.41249, 5.27909, 0.420278, -0.0113826, -0.999028, 0.0340234
5.41236, 5.28054, 0.422389, -0.0126762, -0.999095, 0.0338841
5.41262, 5.28282, 0.42018, -0.0143892, -0.998855, 0.0401712
5.41217, 5.27746, 0.421361, 0.0139896, 0.999123, -0.0343269
5.41232, 5.28284, 0.42223, 0.014245, 0.998882, -0.0385224
5.41243, 5.28222, 0.422645, -0.0109335, -0.999179, 0.0350035
5.4132, 5.28175, 0.421099, 0.0104126, 0.999174, -0.0355105
5.41278, 5.27927, 0.42096, 0.0143455, 0.999214, -0.0298805
5.41276, 5.27994, 0.422478, -0.0114395, -0.999083, 0.0355444
5.4114, 5.27988, 0.424209, -0.0137364, -0.999243, 0.0311722
5.41222, 5.28116, 0.421642, -0.012098, -0.999209, 0.0332531
5.41212, 5.27833, 0.423003, 0.0166954, 0.998952, -0.0345602
5.41304, 5.27977, 0.420999, 0.0121307, 0.999104, -0.0335004
5.41225, 5.27884, 0.420499, -0.0126676, -0.999066, 0.0365752
5.41275, 5.27917, 0.42111, -0.0102184, -0.999042, 0.0377242
5.41275, 5.28051, 0.420335, 0.012863, 0.999064, -0.0358108
5.41212, 5.28121, 0.422628, -0.0139163, -0.999073, 0.0360956
5.41232, 5.28038, 0.420367, -0.0134915, -0.999221, 0.0327091
5.41182, 5.27983, 0.423364, 0.0141218, 0.999255, -0.0307112
5.41158, 5.28201, 0.424308, 0.0126059, 0.999069, -0.0350729
5.41195, 5.27856, 0.422978, 0.0119402, 0.999142, -0.0351984
5.41287, 5.28098, 0.421199, -0.0132864, -0.998839, 0.0376354
5.41286, 5.28081, 0.421694, 0.0136039, 0.999051, -0.0356681
5.41153, 5.28039, 0.425315, 0.0149491, 0.998867, -0.0396491
5.41261, 5.2806, 0.421705, -0.0135253, -0.999202, 0.0305337
5.41173, 5.28163, 0.422094, 0.0136857, 0.999002, -0.0362241
5.41215, 5.28609, 0.423628, -0.0119162, -0.998693, 0.0404724
5.41317, 5.28058, 0.422351, 0.0148245, 0.9988, -0.0410991
5.41117, 5.28186, 0.420976, -0.0189915, -0.998913, 0.0359992
5.41242, 5.28018, 0.423379, -0.0116557, -0.99912, 0.033911
5.41235, 5.28084, 0.421282, -0.0109518, -0.99917, 0.0332957
5.4129, 5.28138, 0.418855, -0.0136834, -0.998894, 0.0373105
5.4122, 5.28159, 0.421402, 0.0147093, 0.999148, -0.032619
5.41202, 5.28043, 0.423343, -0.0129608, -0.99923, 0.0326539
5.41175, 5.28064, 0.423832, -0.0129959, -0.998959, 0.0369038
5.41242, 5.28051, 0.42123, 0.0125597, 0.999053, -0.0355258
5.41182, 5.27844, 0.42303, -0.0133558, -0.999179, 0.0334585
5.41246, 5.27974, 0.421824, -0.0126661, -0.998937, 0.0373107
5.41125, 5.27976, 0.424821, -0.0171678, -0.998802, 0.0388837
5.41205, 5.27898, 0.422426, 0.011827, 0.999269, -0.0313214
5.41167, 5.27934, 0.4227, 0.017612, 0.998977, -0.0340935
5.41207, 5.28067, 0.421171, 0.0121107, 0.999182, -0.0322647
5.41334, 5.27885, 0.420673, -0.00980159, -0.999167, 0.0348504
5.41231, 5.28126, 0.423728, 0.0128107, 0.999044, -0.0331693
5.41272, 5.28061, 0.420574, -0.0120981, -0.999199, 0.0302709
5.41165, 5.28188, 0.419506, -0.0153791, -0.999017, 0.0352145
5.41297, 5.27947, 0.420592, -0.0109291, -0.999018, 0.0383795
5.41243, 5.27963, 0.422568, -0.0156529, -0.99877, 0.0407684
5.41283, 5.28145, 0.422344, 0.0110705, 0.998968, -0.0369749
5.41294, 5.28069, 0.421693, 0.0137832, 0.998634, -0.0437607
5.41201, 5.27847, 0.419703, 0.0144107, 0.998854, -0.0397193
5.41122, 5.27955, 0.425676, -0.0153414, -0.998918, 0.0375596
5.41132, 5.27811, 0.423905, -0.0139013, -0.999144, 0.032431
5.41255, 5.282, 0.421982, -0.0104652, -0.99899, 0.0369596
5.41157, 5.2803, 0.42238, 0.0145945, 0.998879, -0.0380758
5.41184, 5.28022, 0.420594, -0.0160504, -0.999017, 0.0345187
5.41275, 5.27667, 0.424342, -0.0133998, -0.99928, 0.0310155
5.41312, 5.28023, 0.422792, -0.014457, -0.999004, 0.0390729
5.4125, 5.28046, 0.422398, 0.0122276, 0.99923, -0.0302516
5.41119, 5.28059, 0.424489, -0.0146005, -0.999104, 0.0348077
5.41294, 5.28081, 0.421938, -0.0130958, -0.99926, 0.0320351
5.41242, 5.2831, 0.419563, 0.0145999, 0.998588, -0.0431797
5.41244, 5.27826, 0.41965, -0.0158424, -0.998994, 0.0352696
5.41167, 5.28116, 0.422637, -0.0154166, -0.998854, 0.0373885
5.41265, 5.28152, 0.4216, -0.0143209, -0.998883, 0.0390453
5.41147, 5.27914, 0.4216, -0.0146695, -0.99917, 0.0322937
5.41167, 5.27973, 0.421889, -0.011589, -0.999184, 0.0332587
5.41235, 5.27986, 0.421865, -0.0131588, -0.999013, 0.0361831
5.41253, 5.27885, 0.421979, 0.0126048, 0.999172, -0.0315176
5.41202, 5.27926, 0.423997, -0.0118357, -0.998927, 0.0395752
5.41233, 5.28126, 0.424708, 0.0131421, 0.999338, -0.0286958
5.41184, 5.27994, 0.421128, -0.015391, -0.999194, 0.0303136
5.41215, 5.28066, 0.422047, 0.0129491, 0.999154, -0.0324317
5.41207, 5.2794, 0.421143, 0.0131636, 0.999256, -0.0305345
5.41116, 5.28338, 0.424092, 0.0142746, 0.998573, -0.0450383
5.41211, 5.2825, 0.421351, -0.0111081, -0.999183, 0.0344111
5.41162, 5.27861, 0.422786, 0.0141223, 0.999064, -0.0362732
5.41178, 5.28141, 0.423202, -0.0112229, -0.999198, 0.0324372
5.41158, 5.27854, 0.422504, -0.0131743, -0.999054, 0.0361738
5.4129, 5.28223, 0.422312, -0.0154652, -0.998891, 0.0389491
5.41208, 5.28029, 0.421646, -0.0113609, -0.999261, 0.031306
5.41288, 5.2817, 0.421311, 0.0106843, 0.999075, -0.0361435
5.41262, 5.28075, 0.422734, 0.0122077, 0.998826, -0.0437753
5.41103, 5.28071, 0.422233, -0.0151697, -0.99889, 0.0375245
5.41238, 5.28066, 0.422144, 0.0125204, 0.998987, -0.0381941
5.41221, 5.28131, 0.423644, 0.012375, 0.999247, -0.0317166
