5.28937, 5.30402, 0.805886, 0.00965578, -0.0331282, -0.999352
5.28746, 5.30229, 0.799971, 0.0112605, -0.0386179, -0.999113
5.2879, 5.30675, 0.800739, -0.0062498, 0.0340694, 0.999271
5.28901, 5.30497, 0.793187, -0.016536, 0.0324073, 0.999304
5.28627, 5.30492, 0.803692, 0.00641948, -0.0370362, -0.999234
5.28604, 5.30396, 0.809164, -0.00949375, 0.0336577, 0.99931
5.28995, 5.3054, 0.79225, 0.010576, -0.0236971, -0.999574
5.2899, 5.30338, 0.799655, 0.0132316, -0.0317803, -0.999215
5.28753, 5.3045, 0.799467, -0.00577481, 0.0302288, 0.999426
5.28975, 5.30406, 0.802287, 0.0158208, -0.034366, -0.999064
5.28922, 5.30289, 0.803851, 0.0118258, -0.0360045, -0.999187
5.29072, 5.30607, 0.799673, 0.0130086, -0.03363, -0.999284
5.28836, 5.3036, 0.801974, -0.0125573, 0.0322507, 0.999233
5.28974, 5.3054, 0.801983, 0.00374697, -0.0406383, -0.999053
5.28688, 5.30586, 0.807116, 0.00646628, -0.0326019, -0.99939
5.29106, 5.30425, 0.804074, -0.0177853, 0.038782, 0.999003
5.28703, 5.30208, 0.796611, 0.00478309, -0.03589, -0.999254
5.28908, 5.303, 0.795048, 0.0130069, -0.0308402, -0.999202
5.28613, 5.30544, 0.795293, -0.00506823, 0.0340154, 0.999305
5.28829, 5.30328, 0.816678, 0.0146688, -0.0365057, -0.999103
5.29011, 5.30433, 0.799096, -0.0108239, 0.0338642, 0.999271
5.28926, 5.30412, 0.800526, 0.010693, -0.0290691, -0.999429
5.28826, 5.30421, 0.81345, 0.014611, -0.0299356, -0.999319
5.28943, 5.3036, 0.794872, 0.0123604, -0.031937, -0.999205
5.289, 5.30524, 0.805598, 0.0120545, -0.0253115, -0.999351
5.28768, 5.30167, 0.800131, 0.007036, -0.0307308, -0.999439
5.2898, 5.30318, 0.799645, 0.0190823, -0.0380922, -0.998992
5.28713, 5.30319, 0.808071, 0.00886858, -0.0401051, -0.999002
5.28945, 5.30516, 0.801359, 0.0111223, -0.0249273, -0.999568
5.2892, 5.30434, 0.802644, 0.0109082, -0.0363899, -0.999189
5.28817, 5.30218, 0.790134, 0.00840785, -0.0276433, -0.999486
5.28685, 5.3029, 0.803234, -0.00939315, 0.0270136, 0.999515
5.2876, 5.30438, 0.79638, 0.00956573, -0.0249112, -0.999589
5.29174, 5.30609, 0.793844, -0.00390853, 0.0325373, 0.999345
5.28688, 5.30484, 0.794829, -0.0134478, 0.0326838, 0.999219
5.29123, 5.30492, 0.798534, 0.0100229, -0.0349911, -0.999238
5.29014, 5.30346, 0.803155, 0.0110268, -0.032671, -0.999274
5.28729, 5.30389, 0.803073, -0.00515904, 0.0336018, 0.999246
5.28838, 5.30372, 0.808791, 0.0146123, -0.0385564, -0.999005
5.29003, 5.30315, 0.799733, -0.0111374, 0.0313412, 0.999345
5.29173, 5.30434, 0.801008, -0.0139403, 0.0330027, 0.999162
5.29304, 5.30452, 0.821238, 0.0292364, -0.0376898, -0.998748
5.29227, 5.30061, 0.797036, 0.0164939, -0.0389664, -0.998901
5.29053, 5.3036, 0.798473, 0.0147591, -0.0427155, -0.998788
5.29084, 5.30249, 0.809685, 0.0220599, -0.0400158, -0.998878
5.29082, 5.305, 0.814655, 0.0152261, -0.0342494, -0.999189
5.29278, 5.30308, 0.79322, 0.0152936, -0.0351843, -0.999171
5.29709, 5.30349, 0.80579, 0.0250712, -0.0290961, -0.999069
5.29199, 5.30032, 0.803996, 0.0145769, -0.0421608, -0.998876
5.29037, 5.30336, 0.814122, -0.0159448, 0.0383316, 0.999062
5.29494, 5.30395, 0.802539, -0.0239326, 0.0376745, 0.998908
5.29139, 5.30145, 0.796772, 0.020364, -0.0386155, -0.998866
5.29568, 5.30444, 0.81411, -0.0274054, 0.0469542, 0.998329
5.29147, 5.30306, 0.809264, 0.0112352, -0.0346076, -0.999195
5.29406, 5.30445, 0.803216, 0.0193616, -0.0382387, -0.998963
5.29336, 5.30248, 0.804646, 0.0159545, -0.0419246, -0.998771
5.29479, 5.30399, 0.799633, 0.0201896, -0.0413294, -0.998825
5.29296, 5.30244, 0.800615, -0.0139241, 0.0340879, 0.999208
5.29347, 5.3024, 0.803302, 0.0189242, -0.0357918, -0.999019
5.29217, 5.30095, 0.805627, -0.0173076, 0.0393799, 0.99895
5.29005, 5.30372, 0.803447, 0.0225788, -0.0334057, -0.999089
5.29105, 5.30422, 0.80552, -0.00537464, 0.039354, 0.999018
5.29173, 5.30245, 0.81306, -0.016934, 0.0345414, 0.999092
5.29244, 5.30247, 0.813973, -0.0216509, 0.0405644, 0.998808
5.29363, 5.3039, 0.813929, -0.0185272, 0.0376423, 0.999029
5.28971, 5.30286, 0.798091, -0.00995074, 0.039447, 0.999097
5.29105, 5.30489, 0.81457, 0.0141515, -0.0344919, -0.99914
5.29067, 5.30283, 0.802246, -0.0136039, 0.0330384, 0.999229
5.29161, 5.30568, 0.79512, -0.0163165, 0.0272351, 0.99937
5.28996, 5.30392, 0.795917, -0.0137552, 0.0313609, 0.999336
5.28646, 5.30386, 0.794417, 0.00504233, -0.0277003, -0.999485
5.29158, 5.30395, 0.793941, -0.0139167, 0.0209492, 0.999531
5.29199, 5.30338, 0.796627, -0.0182903, 0.0366202, 0.999016
5.29261, 5.30515, 0.799948, -0.0172088, 0.0282794, 0.999387
5.29013, 5.30503, 0.797401, 0.0144324, -0.0271025, -0.999384
5.29096, 5.30084, 0.794092, 0.0174467, -0.0318117, -0.999173
5.29357, 5.30405, 0.799954, -0.0102854, 0.028795, 0.999473
5.2908, 5.30541, 0.790083, 0.0109394, -0.0294867, -0.999388
5.28864, 5.30686, 0.805239, -0.0150014, 0.0344346, 0.999183
5.28821, 5.3053, 0.797792, 0.00701078, -0.0229118, -0.999553
5.29076, 5.30498, 0.803007, -0.0123179, 0.0379439, 0.999106
5.29292, 5.30389, 0.798791, 0.0129355, -0.0277265, -0.99942
5.29312, 5.30518, 0.809999, 0.0229801, -0.0442901, -0.998703
5.29242, 5.30495, 0.807778, -0.0211599, 0.0343444, 0.999073
5.289, 5.30311, 0.797744, 0.0116739, -0.0347036, -0.999242
5.29186, 5.30404, 0.817246, 0.0240188, -0.0391817, -0.998842
5.29076, 5.30266, 0.791326, -0.00625034, 0.0340742, 0.998967
5.28904, 5.30424, 0.80062, -0.00991376, 0.0346489, 0.999286
5.28896, 5.30431, 0.811124, 0.0054066, -0.0384428, -0.999173
5.28848, 5.30505, 0.801898, -0.0125256, 0.0369979, 0.999161
5.28845, 5.30264, 0.79503, -0.00464717, 0.0373198, 0.999132
5.29083, 5.30496, 0.798516, 0.0156419, -0.0247102, -0.999402
5.2895, 5.30567, 0.800417, -0.0113287, 0.0208486, 0.99959
5.2933, 5.30554, 0.812121, 0.0138829, -0.0355074, -0.999158
5.28821, 5.30322, 0.78991, -0.0113568, 0.0310192, 0.999291
5.28794, 5.30165, 0.793722, -0.00536979, 0.023853, 0.999575
5.29, 5.30303, 0.798059, -0.0135263, 0.0318038, 0.999117
5.28944, 5.30548, 0.799224, 0.016496, -0.035779, -0.999101
5.28953, 5.30434, 0.801861, 0.00918443, -0.0338502, -0.999287
5.28904, 5.30407, 0.791397, -0.0106014, 0.0302667, 0.99931
5.2898, 5.30382, 0.79294, 0.010136, -0.0330135, -0.999321
5.29212, 5.30686, 0.805503, 0.00639293, -0.0302295, -0.99931
5.29046, 5.30388, 0.796663, 0.0147319, -0.0356616, -0.999201
5.28875, 5.30578, 0.797089, 0.0105853, -0.0392639, -0.999014
5.28888, 5.30272, 0.8077, 0.0118209, -0.0346174, -0.999198
5.2886, 5.30457, 0.797775, 0.0118823, -0.0401974, -0.999081
5.2915, 5.30511, 0.808377, -0.00741618, 0.033025, 0.999213
5.28915, 5.30456, 0.807145, 0.00934253, -0.0281884, -0.999438
5.28863, 5.30311, 0.792878, -0.00944594, 0.0379394, 0.999147
5.29223, 5.30329, 0.813837, 0.0140768, -0.0354637, -0.99919
5.29099, 5.30378, 0.798515, 0.0118008, -0.0349298, -0.999124
5.28946, 5.30441, 0.794188, -0.0112869, 0.0342352, 0.999192
5.29093, 5.3032, 0.803204, -0.0238107, 0.0348071, 0.998973
5.28973, 5.30314, 0.796, -0.0102198, 0.0367974, 0.999162
5.28788, 5.30423, 0.79981, 0.0101173, -0.0343372, -0.999275
5.28789, 5.30344, 0.799483, -0.0108235, 0.0310294, 0.999341
5.29036, 5.30253, 0.811039, 0.0119976, -0.030636, -0.999273
5.29095, 5.30415, 0.801328, -0.0122266, 0.0407259, 0.998991
5.28968, 5.30264, 0.788754, -0.0115966, 0.0291047, 0.999227
5.28819, 5.30324, 0.804866, 0.0120174, -0.0306744, -0.999282
5.29053, 5.30273, 0.79715, -0.0195512, 0.033531, 0.999145
5.28951, 5.30395, 0.799193, -0.00995645, 0.030686, 0.999374
5.28851, 5.3033, 0.79192, 0.00852775, -0.0329268, -0.999317
5.28803, 5.30329, 0.802254, -0.00852765, 0.0384506, 0.999113
5.28874, 5.30329, 0.801187, 0.0128455, -0.0421097, -0.998812
5.29034, 5.30454, 0.806571, -0.0151611, 0.0402629, 0.998966
5.28881, 5.30251, 0.79283, 0.00685583, -0.0361016, -0.999148
5.2898, 5.3057, 0.817942, -0.0134356, 0.0375541, 0.999129
5.28819, 5.30403, 0.791155, 0.0115971, -0.0356562, -0.999104
5.28904, 5.30253, 0.796709, -0.00577878, 0.0334928, 0.999263
5.2903, 5.30227, 0.796284, -0.00964624, 0.0424598, 0.99891
5.28992, 5.30214, 0.808604, -0.0136341, 0.0396828, 0.99902
5.28937, 5.30352, 0.796702, -0.0121234, 0.0245082, 0.999551
5.29064, 5.30462, 0.806805, 0.0185853, -0.0309548, -0.999213
5.28922, 5.30283, 0.793522, -0.0116802, 0.0259378, 0.999518
5.28821, 5.30249, 0.799086, 0.0167494, -0.0314062, -0.999284
5.2877, 5.30344, 0.80631, 0.0119986, -0.0277817, -0.999462
5.29154, 5.30149, 0.791533, -0.0117598, 0.0341734, 0.999054
5.28782, 5.305, 0.79448, -0.00838659, 0.0339986, 0.99934
5.28992, 5.30381, 0.801234, 0.00863803, -0.0290745, -0.99951
5.28847, 5.30289, 0.790924, 0.00940671, -0.0320662, -0.999402
5.28509, 5.30412, 0.792963, -0.00413578, 0.0266431, 0.999526
5.29148, 5.30159, 0.796738, -0.0107718, 0.0277452, 0.999402
5.28908, 5.3042, 0.799439, -0.0112395, 0.0344558, 0.999259
5.28847, 5.30316, 0.796085, 0.0106426, -0.0333612, -0.999311
5.28756, 5.30377, 0.800307, -0.00564478, 0.0344785, 0.999282
5.28822, 5.30327, 0.796369, -0.0113965, 0.0371017, 0.999176
5.29106, 5.30135, 0.794153, 0.0145935, -0.0342404, -0.999232
5.29007, 5.30314, 0.803964, -0.0133836, 0.0326782, 0.999189
5.28961, 5.30362, 0.805221, 0.0101524, -0.0361063, -0.999098
5.29064, 5.30444, 0.800015, -0.0161997, 0.0350294, 0.999093
5.29308, 5.30315, 0.798174, -0.0189801, 0.0382316, 0.998979
5.28966, 5.3029, 0.789583, 0.00837928, -0.0379428, -0.9992
5.29191, 5.30221, 0.79666, 0.0173459, -0.0317695, -0.999281
5.28521, 5.30135, 0.791739, -0.00789695, 0.0327447, 0.999349
5.2831, 5.3047, 0.7859, 0.00604115, -0.0340556, -0.999318
5.27958, 5.30361, 0.791753, -0.00513302, -0.0332061, -0.999384
5.2828, 5.30179, 0.793534, -0.00204505, 0.0290846, 0.999442
5.28555, 5.30419, 0.800305, -0.0048642, 0.0253319, 0.999598
5.2907, 5.30314, 0.799496, -0.0110947, 0.0360414, 0.999166
5.28617, 5.30295, 0.789447, -0.00385978, 0.0379385, 0.999194
5.28442, 5.30448, 0.800183, 0.00691803, -0.0389877, -0.99914
5.28496, 5.30395, 0.79071, -0.00172851, 0.0324434, 0.999397
5.28346, 5.30223, 0.78648, -0.00176507, 0.0323168, 0.999352
5.28198, 5.30479, 0.79757, 0.00536081, -0.0324039, -0.999354
5.28441, 5.30505, 0.796034, 0.000684558, -0.0359152, -0.999227
5.28314, 5.30317, 0.79541, -0.0018191, 0.0366514, 0.999272
5.28437, 5.30283, 0.797476, -0.00488512, 0.0390314, 0.99915
5.28474, 5.30264, 0.791598, -0.00159788, 0.0239896, 0.999619
5.28801, 5.30657, 0.795019, -0.0137093, 0.0343654, 0.999244
5.28452, 5.30244, 0.787401, 0.00294041, -0.031249, -0.999336
5.28471, 5.30349, 0.792547, 0.00369923, -0.0335296, -0.999389
5.2855, 5.30371, 0.797726, 0.00346526, -0.0306632, -0.999443
5.28615, 5.30513, 0.791006, 0.00374078, -0.0338104, -0.999352
5.28738, 5.3018, 0.791169, 0.00992561, -0.0265127, -0.999439
5.28511, 5.30407, 0.798528, 0.00901901, -0.03495, -0.999235
5.28911, 5.30362, 0.793003, -0.0148835, 0.0340078, 0.998876
5.28684, 5.30257, 0.787519, -0.00479391, 0.0244137, 0.999618
5.28754, 5.30342, 0.807289, -0.0134205, 0.0390728, 0.999049
5.28813, 5.3045, 0.795848, -0.0104104, 0.0328029, 0.999123
5.28892, 5.30473, 0.785005, -0.0068413, 0.0368531, 0.999228
5.28527, 5.30389, 0.795568, -0.00371511, 0.0304579, 0.999428
5.28537, 5.30427, 0.80109, -0.00363644, 0.0349418, 0.999219
5.28626, 5.30171, 0.787341, -0.00991043, 0.0339397, 0.999207
5.28095, 5.30588, 0.803015, -0.00868843, 0.0334458, 0.999278
5.29065, 5.30189, 0.7891, -0.0109646, 0.0400779, 0.999055
5.28373, 5.30186, 0.779773, -0.00209898, 0.0345289, 0.999318
5.28549, 5.30264, 0.802481, -0.00668476, 0.0299884, 0.999415
5.28651, 5.3028, 0.808668, 0.0123878, -0.0381545, -0.999066
5.28267, 5.30401, 0.793995, -0.00106763, -0.0342877, -0.999325
5.28231, 5.30485, 0.790824, -0.00191586, 0.03279, 0.999392
5.2864, 5.30478, 0.800526, -0.00437357, 0.0284803, 0.999448
5.28565, 5.30192, 0.789304, -0.011437, 0.0359496, 0.999134
5.2895, 5.30137, 0.802404, 0.0103226, -0.0373541, -0.99912
5.28149, 5.30348, 0.791477, -0.00760051, 0.0331347, 0.999363
5.28466, 5.30372, 0.796196, -0.00750101, 0.0352378, 0.999315
5.28549, 5.30399, 0.809892, 0.00906669, -0.0313903, -0.999359
5.28635, 5.30291, 0.791815, -0.00665564, 0.0363172, 0.999189
5.28622, 5.30293, 0.793616, -0.0102389, 0.0296786, 0.999447
5.28479, 5.30214, 0.788127, -0.00192229, 0.0305642, 0.999471
5.28376, 5.30472, 0.793516, -0.00237717, 0.0281048, 0.999527
5.28353, 5.30426, 0.787543, 0.00625667, -0.0322244, -0.999393
5.28479, 5.30411, 0.808322, -0.00828126, 0.03594, 0.999232
5.28448, 5.30418, 0.79267, -0.00960189, 0.0396361, 0.999048
5.28724, 5.3029, 0.797391, 0.0125303, -0.0318709, -0.999317
5.28626, 5.30313, 0.793472, 0.0074828, -0.0349671, -0.999249
5.28256, 5.30384, 0.798996, 0.00145877, -0.0362451, -0.999249
5.28469, 5.30572, 0.792329, -0.00669133, 0.0321684, 0.999393
5.28769, 5.30376, 0.793598, -0.00594678, 0.0354121, 0.999281
5.28722, 5.30365, 0.791087, 0.00635776, -0.0351332, -0.999269
5.28706, 5.30274, 0.790486, 0.0130824, -0.0350431, -0.999118
5.28918, 5.30453, 0.816779, -0.0138721, 0.037043, 0.999148
5.28518, 5.30512, 0.784359, 0.00522566, -0.0357905, -0.99921
5.28572, 5.30373, 0.792852, 0.0121103, -0.0281205, -0.999349
5.28642, 5.30288, 0.791844, 0.00571703, -0.0343453, -0.999305
5.28593, 5.30363, 0.792772, 0.0112878, -0.0347794, -0.999195
5.28428, 5.30287, 0.785664, 0.00694242, -0.0358352, -0.999236
5.28435, 5.30331, 0.801505, -0.0126848, 0.0366353, 0.999099
5.28746, 5.30321, 0.798039, 0.01039, -0.0388156, -0.999017
5.28211, 5.30341, 0.790322, 0.00778106, -0.029139, -0.999472
5.28706, 5.30471, 0.803473, 0.0109545, -0.0371429, -0.999123
5.2825, 5.30315, 0.800261, -0.00107342, 0.0318622, 0.999321
5.28798, 5.30163, 0.792935, 0.0154917, -0.0337976, -0.999032
5.28886, 5.30308, 0.796705, 0.0105891, -0.0441894, -0.998885
5.29083, 5.30252, 0.801885, 0.0111222, -0.0302385, -0.999375
5.28474, 5.30324, 0.785564, 0.00455736, -0.033298, -0.999355
5.28843, 5.30394, 0.787889, -0.000895743, 0.0293848, 0.999364
5.28382, 5.30416, 0.806968, 0.00493048, -0.0317094, -0.999411
5.28619, 5.30383, 0.796059, -0.00599033, 0.0312779, 0.999342
5.28166, 5.30328, 0.786838, 0.00332729, 0.0356532, 0.999259
5.28767, 5.30295, 0.794229, -0.00562927, 0.0340095, 0.9993
5.28918, 5.30246, 0.795452, 0.00747973, -0.0407893, -0.998993
5.2894, 5.30345, 0.797568, 0.00781121, -0.0285108, -0.999322
5.28392, 5.30232, 0.802043, -0.00822928, 0.030677, 0.999409
5.28562, 5.30417, 0.799585, -0.00662044, 0.0357054, 0.999145
5.2836, 5.30305, 0.791663, 0.00778697, -0.0339203, -0.999322
5.28747, 5.30126, 0.786408, -0.00922752, 0.0323008, 0.99931
5.2868, 5.30313, 0.790889, 0.00676097, -0.0331821, -0.999294
5.28834, 5.30355, 0.793414, -0.0053662, 0.0382877, 0.999131
5.28238, 5.30282, 0.793426, 0.00805466, -0.0277161, -0.999481
5.28812, 5.30424, 0.798229, -0.0117764, 0.0321691, 0.999269
5.2866, 5.30292, 0.795505, -0.0125639, 0.0333773, 0.999211
5.2852, 5.30313, 0.790702, 0.00235616, -0.0281055, -0.999451
5.28404, 5.3035, 0.790927, 0.00725997, -0.0343316, -0.999299
5.28152, 5.30178, 0.798609, 0.00539358, -0.0417002, -0.999028
5.2855, 5.30271, 0.779542, -0.00223834, 0.03328, 0.999324
5.28776, 5.30172, 0.790481, 0.00697325, -0.0389039, -0.999082
5.28494, 5.30268, 0.785384, 0.00623106, -0.0327892, -0.999348
5.28419, 5.30299, 0.802735, -0.00725714, 0.0285069, 0.99938
5.28286, 5.30314, 0.800467, -0.0025517, 0.0335415, 0.999342
5.28541, 5.30426, 0.789479, -0.00595442, 0.0322505, 0.999372
5.28487, 5.30488, 0.78742, -0.00192259, 0.0325384, 0.999397
5.28253, 5.30438, 0.803437, -0.0021299, 0.0350306, 0.999311
5.28707, 5.3016, 0.791517, -0.00970342, 0.0317745, 0.999405
5.28531, 5.30408, 0.790741, -0.00320281, 0.0340761, 0.999379
5.28091, 5.3047, 0.79264, -0.00529679, 0.0368141, 0.99922
5.28387, 5.30221, 0.800016, 0.0107979, -0.0317838, -0.999362
5.28489, 5.30389, 0.793358, -0.00936399, 0.0314767, 0.999392
5.28771, 5.3032, 0.799554, 0.0141427, -0.0364452, -0.999011
5.28591, 5.30429, 0.801577, -0.00577752, 0.0349883, 0.999239
5.2833, 5.30436, 0.793845, 0.0118408, -0.0271263, -0.999138
5.28855, 5.30487, 0.784951, 0.00278011, -0.0403872, -0.999036
5.28844, 5.30361, 0.795172, 0.0198747, -0.0356067, -0.999043
5.29128, 5.30289, 0.78935, -0.0105648, 0.0435232, 0.998852
5.28112, 5.3048, 0.801573, 0.00419546, -0.0362452, -0.999278
5.28717, 5.30193, 0.790939, -0.00506453, 0.0414988, 0.998933
5.28386, 5.30457, 0.785128, 0.00505123, -0.0299016, -0.999427
5.28476, 5.30308, 0.798163, -0.00559866, 0.0359113, 0.999297
5.28124, 5.30405, 0.797743, -0.0020293, 0.0344846, 0.999337
5.28836, 5.30371, 0.801006, 0.00465644, -0.0371572, -0.999147
5.28903, 5.30286, 0.802283, 0.0122369, -0.0325506, -0.99923
5.28265, 5.30485, 0.790835, 0.00221367, -0.0320426, -0.999369
5.28772, 5.30448, 0.795319, 0.011298, -0.0355558, -0.999205
5.28787, 5.30352, 0.799072, 0.00656091, -0.0298058, -0.99943
5.28678, 5.30347, 0.799846, -0.0087119, 0.0368748, 0.999135
5.2863, 5.30548, 0.800014, -0.0059478, 0.0315592, 0.999422
5.28854, 5.30373, 0.796043, 0.00812191, -0.0327931, -0.999273
5.28542, 5.3056, 0.798447, -0.00659251, 0.0370094, 0.999212
5.28962, 5.30313, 0.798257, 0.0160915, -0.0273622, -0.999338
5.28171, 5.30531, 0.800336, 0.00562126, -0.0289399, -0.999493
5.28609, 5.30346, 0.791089, 0.00983307, -0.0383035, -0.999089
5.28694, 5.30293, 0.79936, -0.00925188, 0.0364511, 0.999232
5.28648, 5.30314, 0.793665, 0.00379275, -0.0300009, -0.999399
5.28308, 5.30412, 0.79411, 0.00192275, -0.0297947, -0.9994
5.28776, 5.30202, 0.803192, 0.0084606, -0.0345029, -0.999241
5.28477, 5.30307, 0.78922, -0.00191629, 0.0337953, 0.999345
5.29096, 5.3031, 0.800206, 0.0154081, -0.0336336, -0.999217
5.28776, 5.3037, 0.794975, 0.0112787, -0.0329611, -0.999299
5.28315, 5.30269, 0.794876, 0.0112896, -0.0313177, -0.999386
5.28589, 5.30659, 0.79439, -0.00813389, 0.0363657, 0.999226
5.27938, 5.3044, 0.800561, 0.00555387, -0.0279775, -0.999472
5.287, 5.30343, 0.796262, -0.00807221, 0.0309202, 0.999402
5.28477, 5.30287, 0.790062, 0.00623299, -0.0275962, -0.999462
5.29005, 5.30431, 0.796244, -0.0104664, 0.0302858, 0.999336
5.28353, 5.30416, 0.795673, -0.00849554, 0.030666, 0.99939
5.28472, 5.30535, 0.801047, 0.00480488, -0.0331138, -0.999368
5.285, 5.30375, 0.788347, -0.00774741, 0.0300491, 0.999414
5.28347, 5.30435, 0.804863, -0.00714148, 0.0368726, 0.999258
5.28128, 5.30432, 0.79697, -9.14677e-05, -0.0328677, -0.999371
5.28804, 5.30484, 0.799677, -0.0107056, 0.0405322, 0.999016
5.28369, 5.30157, 0.790068, 0.00456418, -0.0340404, -0.999298
5.28247, 5.30449, 0.791798, -0.00413155, 0.0336843, 0.999349
5.28758, 5.30216, 0.804973, -0.018474, 0.0356256, 0.999072
5.28214, 5.30215, 0.786341, 0.000669477, -0.0383988, -0.999115
5.28104, 5.30332, 0.797462, -0.000462681, 0.032811, 0.999356
5.28608, 5.30397, 0.79023, 0.00657526, -0.0344442, -0.999325
5.28579, 5.3027, 0.7844, 0.00403648, -0.0302427, -0.999428
5.28316, 5.30386, 0.791942, -0.00809647, 0.0428111, 0.998963
5.28944, 5.30194, 0.802653, -0.0119202, 0.0438364, 0.998897
5.28354, 5.30324, 0.795044, 0.00720169, -0.0341238, -0.999245
5.28689, 5.30331, 0.795288, -0.00487368, 0.0295101, 0.999465
5.28975, 5.30242, 0.795314, 0.0101302, -0.0403137, -0.998984
5.28075, 5.30505, 0.787232, 0.00173281, 0.028886, 0.999525
5.28419, 5.30596, 0.801225, 0.009369, -0.0359188, -0.999232
5.28322, 5.3061, 0.799592, -0.00809218, 0.0319995, 0.999364
5.28722, 5.30383, 0.790175, -0.00766521, 0.0287876, 0.999442
5.28896, 5.30075, 0.790322, -0.0132178, 0.039434, 0.998997
5.28393, 5.30437, 0.804345, 0.00326179, -0.0408324, -0.999087
5.2839, 5.30304, 0.795591, 0.00123181, 0.0296609, 0.999391
5.28521, 5.304, 0.801477, 0.00952122, -0.035814, -0.999241
5.28887, 5.30092, 0.786958, -0.0151058, 0.0342801, 0.999177
5.28587, 5.30482, 0.806292, 0.0138628, -0.0342302, -0.999164
5.28794, 5.30521, 0.805426, -0.0100044, 0.038425, 0.999037
5.28696, 5.30349, 0.800419, 0.0128905, -0.041669, -0.998879
5.28707, 5.30304, 0.800546, 0.0119793, -0.0371253, -0.999136
5.28739, 5.30293, 0.787112, -0.00729308, 0.0344096, 0.999276
5.28265, 5.3044, 0.785879, -0.000854469, 0.0325835, 0.99937
5.28573, 5.30426, 0.790651, -0.00610661, 0.0361357, 0.999182
5.28199, 5.30276, 0.792194, 0.000176684, 0.0399443, 0.999086
5.28658, 5.30323, 0.79688, 0.00548147, -0.0416834, -0.999017
5.29042, 5.30218, 0.808372, -0.0231853, 0.0412421, 0.99866
5.28769, 5.30218, 0.795999, 0.00492851, -0.0322837, -0.9994
5.28854, 5.30378, 0.785491, 0.00381329, -0.0322904, -0.999355
5.28448, 5.30345, 0.80255, 0.00874669, -0.029792, -0.999368
5.28099, 5.30306, 0.800332, -0.000818728, 0.0319572, 0.999399
5.28561, 5.30436, 0.804815, 0.0124086, -0.0357413, -0.999227
5.28299, 5.30415, 0.800534, 0.00413583, -0.0349044, -0.999298
5.28906, 5.30397, 0.787532, -0.00841366, 0.0280712, 0.999466
5.28561, 5.30472, 0.800092, 0.0129257, -0.0339636, -0.999114
5.29011, 5.30352, 0.804445, -0.0222476, 0.0391195, 0.998882
5.29118, 5.30215, 0.796572, -0.0139428, 0.0290976, 0.999297
5.28662, 5.30305, 0.7975, -0.0145099, 0.0337372, 0.999196
5.28605, 5.30079, 0.795869, -0.00748034, 0.0293718, 0.999369
5.28453, 5.3051, 0.794268, -0.00223414, 0.0374688, 0.999233
5.28835, 5.307, 0.797676, 0.00826884, -0.038945, -0.999114
5.2901, 5.30484, 0.788186, -0.0106831, 0.0282312, 0.999334
5.28523, 5.30234, 0.789755, 0.0123887, -0.034352, -0.999244
5.28897, 5.30455, 0.807168, 0.00968086, -0.0335688, -0.999285
5.2838, 5.30309, 0.786152, -0.00216239, 0.0334897, 0.999358
5.28691, 5.3047, 0.791005, 0.00295885, -0.0381019, -0.999219
5.28225, 5.30404, 0.793123, -0.00811592, 0.0343448, 0.999277
5.28934, 5.30327, 0.802206, 0.00586127, -0.0351182, -0.999193
5.28336, 5.30378, 0.804947, 0.00829288, -0.0388232, -0.99913
5.28704, 5.30409, 0.801101, 0.00470136, -0.0394606, -0.999127
5.28727, 5.30339, 0.79854, 0.0130095, -0.0253662, -0.999433
5.28348, 5.30329, 0.787955, 0.00585386, -0.0313045, -0.999352
5.28521, 5.30289, 0.799951, -0.0102577, 0.0372177, 0.999006
5.28536, 5.30417, 0.783338, 0.000750195, -0.0309937, -0.999426
5.28652, 5.30284, 0.80003, -0.0023716, 0.031198, 0.999364
5.28756, 5.30284, 0.794638, -0.00744312, 0.0396032, 0.999085
5.2876, 5.30297, 0.802717, 0.00984058, -0.0330515, -0.999312
5.28466, 5.30293, 0.798932, 0.00990013, -0.0367777, -0.999109
5.28849, 5.3055, 0.792638, -0.00661895, 0.033691, 0.999342
5.28505, 5.30382, 0.795147, -0.00662779, 0.0275246, 0.999407
5.28531, 5.30323, 0.798248, 0.00742043, -0.0366163, -0.999215
5.2843, 5.30373, 0.785924, -0.00645268, 0.0317268, 0.999386
5.28413, 5.30534, 0.786971, 0.00244585, -0.0331986, -0.999268
5.2845, 5.30245, 0.798969, -0.00342497, 0.0311033, 0.999432
5.28126, 5.303, 0.784879, -0.00427365, 0.0315368, 0.999382
5.28833, 5.30519, 0.796143, 0.00211283, -0.0342988, -0.999301
5.28785, 5.30091, 0.796776, 0.00244573, -0.0279438, -0.99951
5.28755, 5.30502, 0.789792, 0.0101548, -0.035868, -0.999174
5.28643, 5.30283, 0.78973, 0.00612509, -0.0351889, -0.999256
5.28484, 5.30516, 0.806568, -0.00312996, 0.0388134, 0.999178
5.28546, 5.3043, 0.796541, 0.0068011, -0.0301924, -0.999448
5.28271, 5.30327, 0.802013, 0.00506344, -0.0314361, -0.999397
5.28089, 5.30317, 0.807619, 0.000755114, 0.0297696, 0.999423
5.28506, 5.30518, 0.800756, -0.0048874, 0.030396, 0.99945
5.28867, 5.30108, 0.795566, -0.0140253, 0.0261684, 0.999308
5.28454, 5.30477, 0.794413, 0.0116479, -0.0344238, -0.999234
5.28987, 5.30141, 0.80158, 0.0158205, -0.0316753, -0.999233
5.28297, 5.30372, 0.787758, 0.00370663, -0.0344778, -0.999252
5.28759, 5.30422, 0.799811, 0.0122278, -0.0397352, -0.999044
5.28865, 5.30284, 0.797559, 0.0121789, -0.0361619, -0.999126
5.2861, 5.30614, 0.796045, 0.0108114, -0.0388459, -0.999034
5.28598, 5.30177, 0.793685, -0.00451402, 0.0308563, 0.99942
5.28538, 5.30519, 0.798878, -0.00674128, 0.0313853, 0.999351
5.28512, 5.30181, 0.78896, -0.00862339, 0.0306146, 0.999416
5.28777, 5.30376, 0.809663, -0.00845175, 0.0290534, 0.99938
5.28482, 5.30318, 0.803865, -0.00932001, 0.0348839, 0.999222
5.28773, 5.3016, 0.805784, 0.0132049, -0.0310901, -0.999339
5.28358, 5.30321, 0.801673, 0.00864374, -0.0307145, -0.999383
5.28366, 5.30421, 0.788808, -0.00381143, 0.0360674, 0.999248
5.28605, 5.30552, 0.793859, -0.00464977, 0.0333481, 0.999383
5.28816, 5.30401, 0.794165, -0.0127957, 0.0328712, 0.999303
5.28461, 5.30579, 0.803339, -0.00514409, 0.032107, 0.999441
5.28765, 5.30309, 0.791311, 0.0101605, -0.0329241, -0.999283
5.28387, 5.30292, 0.797614, -0.00370528, 0.0373174, 0.999234
5.28412, 5.30257, 0.790424, -0.00754791, 0.0295341, 0.999321
5.28757, 5.3043, 0.798351, 0.011843, -0.0357487, -0.999179
5.28277, 5.30638, 0.791232, 0.00401118, -0.0273319, -0.999486
5.28637, 5.30367, 0.801864, 0.00467061, -0.0368066, -0.999185
5.28664, 5.30238, 0.795116, -0.00730757, 0.0421218, 0.998923
5.28673, 5.30554, 0.805917, -0.00867452, 0.0366577, 0.999254
5.28493, 5.30308, 0.788093, -0.0105471, 0.0375698, 0.999075
5.28625, 5.3015, 0.789004, 0.00396374, -0.0331021, -0.999336
5.28602, 5.29995, 0.788778, 0.00950879, -0.0423634, -0.99881
5.28946, 5.30219, 0.79721, -0.00545003, 0.0247906, 0.999503
5.28707, 5.30375, 0.79543, -0.00366569, 0.0321094, 0.999407
5.28258, 5.30464, 0.800903, 0.00711401, -0.0320339, -0.999375
5.28475, 5.30685, 0.795223, -0.00687568, 0.0373285, 0.999169
5.28755, 5.30385, 0.787439, -0.0151895, 0.0316949, 0.999199
5.28838, 5.30507, 0.785877, -0.0114918, 0.0336087, 0.999278
5.28306, 5.30403, 0.793314, -0.00603364, 0.0397102, 0.999143
5.28636, 5.30368, 0.796684, 0.00927697, -0.0341162, -0.999262
5.28551, 5.30686, 0.797525, 0.00334525, -0.0370602, -0.999181
5.28651, 5.302, 0.802414, -0.0104474, 0.025214, 0.99954
5.2849, 5.30369, 0.798297, -0.00404574, 0.0322177, 0.999455
5.28365, 5.30595, 0.794418, 0.00597722, -0.033257, -0.999372
5.28603, 5.30336, 0.800634, 0.013165, -0.0341818, -0.999152
5.28436, 5.30423, 0.794776, -0.00364025, 0.0283413, 0.999381
5.28644, 5.30395, 0.7978, -0.00160142, 0.027264, 0.999502
5.28774, 5.30602, 0.801875, -0.00780018, 0.0382859, 0.999051
5.28408, 5.30474, 0.791497, -0.00506349, 0.0273804, 0.999349
5.27969, 5.30346, 0.791365, 0.0029673, -0.0229894, -0.999561
5.28103, 5.30399, 0.784798, -0.00117191, 0.0324353, 0.999382
5.28832, 5.30295, 0.793912, -0.00837484, 0.0232164, 0.999598
5.29118, 5.30404, 0.803126, -0.0188708, 0.0394643, 0.998894
5.28292, 5.30474, 0.803284, 0.00294535, -0.0311569, -0.999463
5.28828, 5.30494, 0.798293, -0.00908621, 0.0336052, 0.999255
5.28264, 5.30377, 0.785581, -0.000356599, 0.0306481, 0.999469
5.27643, 5.30402, 0.782654, -0.0033559, -0.0353059, -0.999327
5.28589, 5.3028, 0.793059, 0.0108513, -0.0287833, -0.999414
5.28889, 5.30297, 0.791273, -0.00547902, 0.0323442, 0.999385
5.29065, 5.30298, 0.79127, -0.015946, 0.0333474, 0.999176
5.28263, 5.3055, 0.808204, 0.004339, -0.0314962, -0.999407
5.28929, 5.30316, 0.799404, -0.0105487, 0.03673, 0.99917
5.28656, 5.303, 0.803787, 0.00827764, -0.0370281, -0.999242
5.2905, 5.30511, 0.798549, -0.0130436, 0.0350337, 0.999174
5.28015, 5.30471, 0.788525, 0.00185801, 0.0290562, 0.999482
5.28711, 5.30222, 0.797537, -0.00542674, 0.0360512, 0.999285
5.2858, 5.30676, 0.803375, -0.00436534, 0.0329036, 0.999411
5.28612, 5.30446, 0.80724, -0.00118013, -0.043065, -0.998915
5.28659, 5.30292, 0.78979, 0.00759624, -0.0321671, -0.999144
5.28835, 5.30423, 0.791301, -0.00268688, 0.0232781, 0.999487
5.2815, 5.30402, 0.800208, 0.00413175, -0.0329028, -0.999318
5.28575, 5.30214, 0.792298, -0.0117561, 0.0361584, 0.9992
5.28827, 5.30166, 0.798296, 0.00765561, -0.0321873, -0.999184
5.28409, 5.3024, 0.795352, -0.00488403, 0.0311933, 0.99944
5.28647, 5.30312, 0.785158, 0.0104298, -0.0339716, -0.999259
5.28372, 5.30558, 0.807925, -0.00922824, 0.0368508, 0.999165
5.28255, 5.30408, 0.796273, -0.00051367, -0.0357584, -0.999226
5.28917, 5.30292, 0.792627, -0.00690991, 0.0343634, 0.999277
5.28775, 5.30179, 0.799723, -0.00894975, 0.0315653, 0.999295
5.28919, 5.30208, 0.802047, -0.0116015, 0.0317437, 0.99918
5.27998, 5.30363, 0.802024, -0.000938735, 0.0270138, 0.999555
5.2844, 5.30358, 0.78737, -0.00808232, 0.0346683, 0.999293
5.28489, 5.30426, 0.796352, 0.00740041, -0.0329418, -0.999331
5.28533, 5.3017, 0.793724, -0.0072882, 0.030443, 0.999417
5.2893, 5.30303, 0.792638, 0.0104063, -0.026067, -0.999557
5.28508, 5.30281, 0.794071, -0.00730501, 0.0319637, 0.999376
5.28302, 5.30494, 0.797954, -0.0028211, 0.0321614, 0.999382
5.28619, 5.30277, 0.80101, 0.0057454, -0.0372284, -0.999157
5.28317, 5.3009, 0.794325, -0.002545, 0.033897, 0.999282
5.28216, 5.30278, 0.793764, 0.00209445, -0.0293995, -0.999462
5.28614, 5.30331, 0.795598, 0.00538675, -0.0333247, -0.999271
5.2823, 5.30488, 0.80603, -0.00171396, 0.0339918, 0.999321
5.28237, 5.30165, 0.789374, -0.00395654, 0.0301175, 0.999448
5.28295, 5.30298, 0.784567, 0.00628613, -0.036075, -0.999237
5.28541, 5.30267, 0.78994, 0.00516316, -0.0313243, -0.999414
5.28587, 5.30443, 0.794854, -0.006525, 0.027795, 0.999508
5.28495, 5.30372, 0.785761, 0.00381538, -0.0357495, -0.99926
5.28275, 5.30439, 0.802751, 0.00359778, 0.0277604, 0.999429
5.2855, 5.30503, 0.792557, -0.00969856, 0.0330748, 0.999269
5.2877, 5.30531, 0.80281, -0.00834962, 0.0327979, 0.99923
5.28504, 5.30309, 0.797013, -0.00636785, 0.037865, 0.999219
5.28189, 5.30493, 0.789301, 0.00130329, -0.0328344, -0.99939
5.285, 5.3037, 0.794437, -0.00653984, 0.0298067, 0.999357
5.28952, 5.3034, 0.803954, -0.0111052, 0.0373897, 0.999092
5.28703, 5.30438, 0.790674, -0.00476001, 0.0370765, 0.999238
5.28478, 5.30257, 0.785577, 0.00647137, -0.0294248, -0.99947
5.28349, 5.30194, 0.786652, 0.00577196, -0.0345893, -0.999246
5.28883, 5.30493, 0.799589, -0.00514458, 0.0336319, 0.999323
5.2875, 5.30429, 0.798209, -0.0127378, 0.0314265, 0.999356
5.28495, 5.30227, 0.789427, 0.00704245, -0.0209803, -0.999515
5.28744, 5.30203, 0.795302, -0.00947143, 0.0307717, 0.999339
5.2842, 5.30307, 0.795068, 0.00627841, -0.036113, -0.999215
5.28738, 5.30282, 0.811181, -0.0150632, 0.0333409, 0.999162
5.28762, 5.30256, 0.788597, 0.00929417, -0.0315454, -0.999375
5.28441, 5.30528, 0.793598, 0.00903696, -0.0308091, -0.9993
5.28596, 5.30354, 0.78879, -0.00143346, -0.0379156, -0.99914
5.28745, 5.30348, 0.786746, 0.00517747, -0.0294235, -0.999461
5.29004, 5.30216, 0.795293, -0.00970535, 0.0286318, 0.999357
5.28762, 5.30524, 0.800669, -0.00935469, 0.0339566, 0.999339
5.28658, 5.30453, 0.794056, 0.00542432, -0.0412734, -0.999046
5.28657, 5.30279, 0.787221, 0.00627855, -0.023972, -0.999581
5.28703, 5.30365, 0.785241, -0.00485986, 0.0293774, 0.999504
5.28142, 5.30432, 0.802015, -0.00761212, 0.0359799, 0.999234
5.28645, 5.30323, 0.788168, 0.00863232, -0.0348666, -0.999254
5.28354, 5.30519, 0.787793, -0.00418251, 0.0337531, 0.999346
5.29114, 5.30411, 0.792389, 0.0195661, -0.0382282, -0.998934
5.28642, 5.30379, 0.789826, 0.00753003, -0.0338887, -0.999357
5.28754, 5.30246, 0.789099, -0.00898686, 0.0281294, 0.999434
5.29054, 5.3026, 0.809111, -0.0143685, 0.0383944, 0.999041
5.28548, 5.3047, 0.795382, 0.00922248, -0.0322433, -0.999322
5.28304, 5.30252, 0.802296, 0.00586371, -0.0277767, -0.999477
5.28562, 5.30339, 0.797064, 0.00384464, -0.0388729, -0.999012
5.28651, 5.30331, 0.794158, 0.0078726, -0.0258704, -0.999379
5.28563, 5.30427, 0.795504, 0.00836542, -0.0373679, -0.999122
5.28609, 5.30354, 0.795368, -0.000590792, 0.0289971, 0.999457
5.28247, 5.30307, 0.800489, 0.00496494, -0.0327038, -0.999331
5.28378, 5.30356, 0.793639, 0.000880647, 0.0323398, 0.999437
5.28383, 5.30336, 0.790487, -0.00217456, 0.0332612, 0.999328
5.28605, 5.30269, 0.789637, -0.00257532, 0.0371937, 0.999177
5.28455, 5.30268, 0.793754, 0.00414134, 0.0320545, 0.999291
5.28605, 5.30345, 0.800781, 0.00729347, -0.0387548, -0.999132
5.28687, 5.3041, 0.800246, 0.00651826, -0.0305075, -0.999404
5.28167, 5.30329, 0.793351, 7.66915e-05, 0.0371157, 0.999181
5.28344, 5.30246, 0.781389, 0.00387745, -0.0374026, -0.99915
5.28559, 5.30393, 0.792675, 0.00953114, -0.0389642, -0.99909
5.28148, 5.30376, 0.797518, 0.00116078, -0.0358941, -0.999293
5.28819, 5.30243, 0.801753, -0.0123281, 0.0330137, 0.999175
5.28631, 5.30556, 0.796732, -0.00650123, 0.0356973, 0.999255
5.28519, 5.30433, 0.790377, 0.00441808, -0.0321575, -0.999337
5.28689, 5.30124, 0.799189, 0.00500444, -0.0325621, -0.999385
5.28517, 5.30506, 0.800711, -0.00616335, 0.0193613, 0.99951
5.28504, 5.30402, 0.782732, 0.00617091, -0.0372681, -0.999148
5.2904, 5.30423, 0.798313, 0.0137363, -0.035743, -0.999139
5.2853, 5.30186, 0.804386, -0.00774119, 0.0240257, 0.999557
5.28524, 5.30324, 0.791627, 0.0037511, -0.0325914, -0.999374
5.28359, 5.30445, 0.787037, 0.00760747, -0.0319813, -0.99939
5.28524, 5.30361, 0.800448, -0.00591805, 0.032803, 0.999361
5.2859, 5.30193, 0.791701, 0.00693027, -0.039871, -0.999088
5.28441, 5.30284, 0.789085, -0.0081955, 0.0388594, 0.999145
5.28765, 5.30242, 0.806448, -0.0179222, 0.0317669, 0.999233
5.28751, 5.30351, 0.806295, -0.00704034, 0.0343419, 0.999331
5.28541, 5.30548, 0.795033, -0.00949344, 0.0309106, 0.999252
5.28359, 5.30511, 0.795193, 0.00392774, -0.0334111, -0.999374
5.28782, 5.30292, 0.79131, -0.00939682, 0.0310589, 0.999267
5.28931, 5.30169, 0.798927, -0.0142335, 0.029289, 0.999348
5.28726, 5.30376, 0.792172, 0.00752513, -0.0308152, -0.999409
5.28443, 5.3039, 0.797216, 0.0122185, -0.0346803, -0.999276
5.28933, 5.30376, 0.814556, -0.0121424, 0.0396548, 0.998993
5.28357, 5.30401, 0.795743, -0.0011398, 0.0393483, 0.999146
5.28708, 5.30376, 0.784334, -0.00518507, 0.0289615, 0.999444
5.2875, 5.30337, 0.784692, -0.00624176, 0.0377896, 0.999097
5.28898, 5.3047, 0.808208, 0.0127639, -0.033892, -0.999238
5.28251, 5.30371, 0.808596, -0.00571198, 0.0361659, 0.999175
5.28294, 5.30396, 0.800085, -0.000769012, 0.0369974, 0.999266
5.28321, 5.30462, 0.797408, 0.00562323, -0.0282432, -0.999442
5.28684, 5.30424, 0.803847, -0.00279819, 0.0336157, 0.999337
5.2877, 5.30399, 0.802611, -0.0109916, 0.0330497, 0.999228
5.28615, 5.30461, 0.80294, 0.00598296, -0.0309373, -0.999413
5.28561, 5.30503, 0.807276, 0.00771547, -0.0343388, -0.99924
5.28393, 5.30429, 0.791304, -0.00345042, 0.0281301, 0.999527
5.28448, 5.3015, 0.79532, 0.00500097, -0.0302433, -0.999373
5.28549, 5.30512, 0.784882, -0.00145191, 0.034447, 0.999252
5.28328, 5.30456, 0.787417, -0.000505179, 0.0283639, 0.999438
5.28774, 5.30625, 0.803795, -0.0110542, 0.0332109, 0.999132
5.28889, 5.30247, 0.789528, 0.00851806, -0.0276961, -0.999458
5.28338, 5.30519, 0.795112, 0.00704719, -0.0354847, -0.999253
5.28469, 5.30298, 0.804494, 0.0061606, -0.0296697, -0.999407
5.28547, 5.30403, 0.788089, -0.00340059, 0.0348403, 0.999344
5.28405, 5.30291, 0.797498, -0.0058124, 0.0361402, 0.999228
5.28601, 5.3033, 0.794784, 0.0109281, -0.0264178, -0.999442
5.28774, 5.30531, 0.797316, 0.0101272, -0.0420332, -0.998932
5.28593, 5.30372, 0.793286, 0.0053349, -0.033651, -0.999296
5.28737, 5.30488, 0.792709, -0.0131811, 0.0315139, 0.999249
5.28863, 5.30495, 0.795022, -0.00759929, 0.0387069, 0.999076
5.28684, 5.30374, 0.794406, -0.00544717, 0.0335644, 0.99934
5.285, 5.30455, 0.795994, 0.00667188, -0.0301147, -0.999446
5.28782, 5.30403, 0.799401, -0.00938019, 0.0325851, 0.99927
5.28554, 5.30437, 0.792084, -0.0112722, 0.0343481, 0.999206
5.28928, 5.30533, 0.795312, 0.00344065, -0.0294785, -0.999497
5.28267, 5.30179, 0.781683, 0.00462316, 0.032523, 0.999359
5.2875, 5.30396, 0.794103, -0.00666029, 0.0290162, 0.99946
5.283, 5.30367, 0.790844, -0.00628374, 0.0358984, 0.999208
5.28633, 5.30208, 0.795776, 0.00731013, -0.0377222, -0.999112
5.28709, 5.30447, 0.794524, 0.0015138, -0.0300809, -0.999356
5.28673, 5.30431, 0.800707, 0.00378717, -0.0338843, -0.999327
5.28801, 5.30331, 0.799185, -0.0038933, 0.031128, 0.999446
5.28445, 5.30259, 0.789501, -0.000942559, 0.0316921, 0.999396
5.28247, 5.30457, 0.79034, -0.00502938, 0.0398468, 0.999135
5.28647, 5.30395, 0.801848, 0.0125367, -0.0306702, -0.999278
5.2881, 5.30472, 0.791839, -0.01378, 0.0322955, 0.99925
5.28517, 5.30426, 0.798399, -0.00687726, 0.0353188, 0.999285
5.28642, 5.30477, 0.796647, -0.0047478, 0.0368346, 0.999238
5.28682, 5.30398, 0.796684, 0.00905233, -0.0256608, -0.999442
5.28994, 5.30457, 0.790834, -0.0110163, 0.0400057, 0.999002
5.28217, 5.30499, 0.795395, 0.00138053, -0.0283714, -0.999466
5.28364, 5.30299, 0.793186, 0.00369578, -0.0350165, -0.999254
5.28392, 5.3045, 0.795478, -0.00739243, 0.0363145, 0.999241
5.28738, 5.30284, 0.790909, -0.00867146, 0.0314165, 0.999404
5.28667, 5.303, 0.803235, 0.0126358, -0.0383882, -0.999124
5.28444, 5.30278, 0.795105, -0.00294777, 0.0414275, 0.999005
5.28755, 5.30228, 0.790761, -0.00356283, 0.0288822, 0.999382
5.28367, 5.30114, 0.795402, -0.00664656, 0.0352541, 0.999111
5.28403, 5.3046, 0.783447, -0.00160972, -0.0353171, -0.999263
5.28224, 5.30582, 0.792215, -0.00577469, 0.0358361, 0.999222
5.28865, 5.30385, 0.792297, -0.00528639, 0.033955, 0.999275
5.28837, 5.30476, 0.791102, -0.0141516, 0.0330467, 0.999242
5.28717, 5.30402, 0.787769, -0.0159414, 0.0294842, 0.999357
5.28487, 5.30453, 0.793228, -0.00215966, 0.0287722, 0.999427
5.28648, 5.30418, 0.788838, -0.00293846, 0.0309411, 0.999339
5.28904, 5.30568, 0.793715, -0.0188435, 0.0384663, 0.99895
5.28684, 5.30159, 0.792469, -0.0114324, 0.0307833, 0.999379
5.28693, 5.30353, 0.797109, 0.00922579, -0.0266198, -0.999398
5.28531, 5.30383, 0.785645, -0.00345898, 0.0311801, 0.999392
5.28408, 5.30311, 0.792753, 0.0101652, -0.0337085, -0.999237
5.28749, 5.30422, 0.797093, -0.00912799, 0.0351475, 0.99923
5.28192, 5.30463, 0.798707, 0.00256804, -0.0315914, -0.99935
5.28731, 5.30498, 0.798223, 0.01157, -0.0344157, -0.999111
5.28458, 5.30379, 0.79155, -0.00744155, 0.0336548, 0.999267
5.2859, 5.30319, 0.790673, 0.0027491, -0.0339443, -0.999355
5.28757, 5.30465, 0.792774, -0.0106112, 0.0392592, 0.999125
5.28555, 5.30346, 0.807846, -0.00621317, 0.0363803, 0.999086
5.28484, 5.30295, 0.788455, -0.00801948, 0.0328652, 0.999282
5.28874, 5.30251, 0.797188, 0.0170148, -0.0393627, -0.998996
5.28749, 5.30221, 0.806036, -0.0111132, 0.0371337, 0.999169
5.28823, 5.30348, 0.790454, 0.00590667, -0.031663, -0.999385
5.28479, 5.30443, 0.788411, -0.00379419, 0.0403762, 0.999026
5.2857, 5.30566, 0.80203, -0.00744163, 0.0343734, 0.999256
5.28551, 5.3026, 0.785147, 0.00302517, -0.0390374, -0.999129
5.2891, 5.30351, 0.803713, 0.0142494, -0.0373358, -0.999106
5.2829, 5.30274, 0.785834, -0.00380466, 0.0322147, 0.999376
5.28377, 5.30401, 0.802945, 0.00611404, -0.036737, -0.999106
5.2825, 5.30329, 0.787939, -0.00272567, 0.0286457, 0.999466
5.28833, 5.30187, 0.793167, 0.0111557, -0.0337553, -0.999244
5.28595, 5.30364, 0.799282, -0.0103511, 0.0308338, 0.999369
5.28331, 5.30487, 0.797867, -0.00553484, 0.0322611, 0.999315
5.28533, 5.30289, 0.786724, -0.00721695, 0.03284, 0.999325
5.28617, 5.30372, 0.799366, 0.0095352, -0.0327234, -0.999343
5.28599, 5.30497, 0.801288, -0.00608723, 0.0320537, 0.999326
5.28401, 5.30192, 0.787178, 0.00325634, -0.0379694, -0.999192
5.28312, 5.30322, 0.785782, 0.00477127, -0.0338676, -0.999356
5.28595, 5.30374, 0.794088, -0.00112063, 0.031743, 0.999439
5.28639, 5.30404, 0.785726, -0.00834181, 0.0357403, 0.999196
5.28896, 5.30301, 0.799816, -0.0146265, 0.0382015, 0.99907
5.28511, 5.30455, 0.793038, 0.000730938, -0.0248153, -0.999534
5.28555, 5.30243, 0.791754, -0.00992749, 0.029804, 0.999425
5.2845, 5.30363, 0.790945, -0.0065572, 0.0306483, 0.999436
5.2842, 5.30328, 0.79607, -0.00919736, 0.0337627, 0.999264
5.28589, 5.30265, 0.791606, 0.0094932, -0.0356852, -0.999249
5.28648, 5.30365, 0.799175, 0.00973252, -0.0369054, -0.999083
5.28124, 5.30465, 0.796759, 0.00353067, -0.0359358, -0.999291
5.28321, 5.30385, 0.790386, -0.00580857, 0.0371512, 0.999261
5.28715, 5.30349, 0.78838, -0.0045591, 0.0358204, 0.999295
5.28562, 5.30296, 0.797927, -0.00472188, 0.0371547, 0.999202
5.28498, 5.30393, 0.788161, 0.00074842, -0.0376456, -0.999251
5.2837, 5.30253, 0.796726, -0.00911257, 0.0339634, 0.999289
5.28672, 5.30426, 0.803504, -0.00741022, 0.0346963, 0.999245
5.2826, 5.30515, 0.79816, -0.00237681, 0.034251, 0.999353
5.2846, 5.30305, 0.800022, -0.00907033, 0.0287653, 0.9993
5.28585, 5.30396, 0.789828, -0.0028976, 0.036222, 0.999293
5.28285, 5.30307, 0.7953, 0.000906406, -0.0286267, -0.999452
5.28611, 5.30348, 0.800037, 0.00681735, -0.0334741, -0.99928
5.28888, 5.30362, 0.789765, -0.0065409, 0.0258546, 0.99943
5.28413, 5.30385, 0.795944, -0.00368035, 0.0298109, 0.999444
5.2853, 5.30366, 0.788938, 0.00835423, -0.0318721, -0.999308
5.29034, 5.30319, 0.796046, 0.00550769, -0.0296166, -0.999424
5.28573, 5.30266, 0.797789, 0.0132468, -0.0337829, -0.999111
5.28149, 5.30354, 0.78667, -0.00556008, 0.031386, 0.999445
5.28461, 5.30379, 0.785759, -0.00929258, 0.0299374, 0.999426
5.28339, 5.30505, 0.802022, -0.00365672, 0.0344817, 0.999284
5.2868, 5.30281, 0.802303, -0.0117163, 0.0378374, 0.99911
5.2819, 5.30351, 0.792813, -0.00359947, 0.0350036, 0.999334
5.28676, 5.30155, 0.790838, -0.00900534, 0.0349835, 0.999182
5.28814, 5.30391, 0.791205, -0.0139474, 0.0330071, 0.999165
5.28273, 5.30546, 0.797565, 0.00450378, -0.0364992, -0.999203
5.28444, 5.30397, 0.78288, -0.00365179, 0.0336517, 0.999327
5.28424, 5.30268, 0.788681, -0.00301475, 0.0347711, 0.999267
5.29186, 5.30248, 0.812661, 0.0132406, -0.0380204, -0.99899
5.28483, 5.30345, 0.799386, 0.00282687, -0.0370392, -0.999215
5.2892, 5.30354, 0.80811, 0.0129104, -0.0373083, -0.999156
5.29086, 5.30306, 0.802423, 0.0163351, -0.0396158, -0.998935
5.28394, 5.30522, 0.805248, -0.00641299, 0.036257, 0.999224
5.28698, 5.3039, 0.803894, -0.00334926, 0.0359789, 0.99925
5.28595, 5.30407, 0.804818, -0.00582045, 0.0277769, 0.999406
5.28689, 5.30218, 0.79819, 0.00720174, -0.0337132, -0.999297
5.28425, 5.30324, 0.793654, 0.00948792, -0.0285222, -0.999427
5.28529, 5.3039, 0.792905, -0.00851645, 0.0314257, 0.999367
5.28607, 5.30392, 0.806697, -0.00840598, 0.0348977, 0.999239
5.28555, 5.30213, 0.792324, -0.0117662, 0.0363748, 0.999087
5.28662, 5.30395, 0.79988, -0.00910339, 0.0269703, 0.999468
5.28407, 5.30417, 0.783653, 0.00830178, -0.0337632, -0.999355
5.28664, 5.30279, 0.792233, -0.00240879, 0.0340136, 0.999342
5.28426, 5.30362, 0.789641, 0.00754206, -0.0344986, -0.999318
5.28777, 5.30496, 0.800489, -0.0119343, 0.0326354, 0.999233
5.28451, 5.30582, 0.796695, -0.00136124, 0.0319763, 0.999364
5.28049, 5.30401, 0.79994, -0.00149168, 0.0361658, 0.999273
5.28691, 5.3033, 0.810463, 0.010747, -0.0363838, -0.999178
5.28502, 5.30426, 0.790282, -0.000871819, 0.0321356, 0.999386
5.2869, 5.3023, 0.80282, 0.0118663, -0.0289083, -0.99939
5.28572, 5.30321, 0.802083, -0.00186214, 0.0304544, 0.999409
5.28346, 5.30387, 0.799414, 0.00195499, -0.0351695, -0.999275
5.28847, 5.30248, 0.79884, 0.0148204, -0.0391748, -0.998944
5.28921, 5.30239, 0.805937, 0.0104209, -0.0407447, -0.998974
5.28392, 5.30488, 0.791235, 0.00268455, -0.0346555, -0.999314
5.28596, 5.30317, 0.795001, 0.00696697, -0.0361075, -0.999098
5.29022, 5.30286, 0.789191, -0.00883359, 0.0291798, 0.999466
5.28759, 5.3037, 0.786753, -0.00411561, 0.0342782, 0.99932
5.28673, 5.30348, 0.799163, -0.00488043, 0.0384444, 0.999085
5.28229, 5.30409, 0.798675, -0.00293546, 0.0276917, 0.999527
5.29047, 5.30305, 0.811793, -0.0161175, 0.0355346, 0.999149
5.28696, 5.30394, 0.805196, 0.010173, -0.0328529, -0.999376
5.27947, 5.30336, 0.792556, -0.00201286, -0.030591, -0.999399
5.28623, 5.30488, 0.795047, -0.00933336, 0.0402036, 0.999092
5.28523, 5.30291, 0.792178, 0.0109842, -0.0341113, -0.999264
5.28823, 5.30474, 0.799063, -0.0109204, 0.0309756, 0.999384
5.28501, 5.30592, 0.791642, -0.00440333, 0.0325157, 0.999305
5.28718, 5.30349, 0.790663, -0.0109259, 0.0284273, 0.999487
5.28707, 5.30222, 0.800435, -0.00557469, 0.0322203, 0.999246
5.28585, 5.30279, 0.800382, 0.00595119, -0.0346163, -0.999125
5.28479, 5.30298, 0.798973, 0.00980898, -0.0355394, -0.999205
5.28616, 5.30158, 0.793601, -0.00881331, 0.0332481, 0.99932
5.28812, 5.30401, 0.808341, 0.0117466, -0.0342307, -0.999274
5.28085, 5.30406, 0.785467, 0.0016207, 0.0361107, 0.999314
5.28386, 5.30345, 0.792908, -0.00913574, 0.0329521, 0.999293
5.28443, 5.30383, 0.786411, -0.00298347, 0.0319907, 0.99939
5.28344, 5.30441, 0.784672, -0.00222958, 0.0288927, 0.999366
5.28593, 5.30267, 0.792741, -0.00695894, 0.0265328, 0.99957
5.28826, 5.30524, 0.804373, 0.0148586, -0.0377512, -0.998989
5.28611, 5.3049, 0.793603, 0.0102703, -0.0368997, -0.999109
5.28408, 5.30435, 0.793568, -0.0064368, 0.0366376, 0.999251
5.28603, 5.30347, 0.805937, -0.0111063, 0.0419279, 0.998912
5.28525, 5.30377, 0.798392, 0.00912265, -0.0351326, -0.999262
5.28645, 5.30261, 0.789952, -0.000468581, 0.0412732, 0.999106
5.28499, 5.30387, 0.809929, 0.0149559, -0.0327312, -0.999231
5.28597, 5.30469, 0.789215, -0.000947376, 0.0333748, 0.99934
5.29155, 5.29982, 0.803994, 0.0173171, -0.0376822, -0.998976
5.28768, 5.30517, 0.791954, 0.00103399, -0.0351786, -0.999293
5.28462, 5.30396, 0.798755, -0.0139803, 0.0313798, 0.999191
5.28566, 5.30407, 0.804102, -0.0114092, 0.0347234, 0.999182
5.28258, 5.30268, 0.799737, 0.00689574, -0.0340821, -0.999345
5.28458, 5.30363, 0.793778, -0.00463288, 0.0316256, 0.999348
5.29174, 5.30207, 0.805917, -0.010605, 0.0249307, 0.999427
5.28975, 5.30193, 0.783875, 0.0133387, -0.0235509, -0.999296
5.28769, 5.30525, 0.799178, -0.00155868, 0.0334413, 0.999337
5.28808, 5.30288, 0.798153, 0.0112284, -0.0386323, -0.99913
5.28348, 5.30413, 0.806213, -0.00530193, 0.0309659, 0.999385
5.28802, 5.30602, 0.802582, -0.0128156, 0.0296358, 0.999304
5.28394, 5.30839, 0.788838, -0.00500834, 0.0270413, 0.999519
5.28232, 5.30237, 0.797984, -0.0037241, 0.0363487, 0.999254
5.28737, 5.30473, 0.796514, -0.00974484, 0.0367204, 0.999219
5.28633, 5.30252, 0.79277, 0.00887462, -0.0322333, -0.999323
5.28592, 5.30263, 0.791397, 0.0105874, -0.0310145, -0.99934
5.28601, 5.30455, 0.803977, 0.00867036, -0.0370778, -0.999188
5.28059, 5.30308, 0.795677, -0.00071403, -0.0321042, -0.999366
5.28161, 5.30486, 0.790106, -0.00207974, 0.0312417, 0.999432
5.28894, 5.30449, 0.803337, 0.0150562, -0.0378321, -0.99909
5.28656, 5.30231, 0.794173, -0.00622863, 0.0313687, 0.999324
5.28909, 5.30421, 0.795865, 0.00607332, -0.0394602, -0.999107
5.28305, 5.30559, 0.806265, 0.00328286, -0.0329123, -0.999309
5.28424, 5.30232, 0.794278, 0.0073053, -0.0262436, -0.99953
5.28665, 5.30295, 0.781487, 0.00700397, -0.0256204, -0.999513
5.28564, 5.30401, 0.797311, 0.00650374, -0.037595, -0.999181
5.28554, 5.30298, 0.7918, -0.00988998, 0.0343484, 0.999246
5.28327, 5.30351, 0.79996, 0.00555863, -0.0349328, -0.999312
5.28987, 5.30386, 0.806867, 0.0135116, -0.034376, -0.999268
5.28463, 5.30463, 0.793809, 0.00436227, -0.0312425, -0.999312
5.28737, 5.30277, 0.795376, 0.0106206, -0.0412425, -0.998931
5.28255, 5.30674, 0.793689, -0.0059234, 0.0294585, 0.999432
5.28176, 5.30569, 0.792489, -0.00217078, -0.0326063, -0.999327
5.28519, 5.30272, 0.79523, -0.00646539, 0.0299314, 0.999397
5.28824, 5.30309, 0.802663, -0.0135776, 0.0336589, 0.99919
5.28744, 5.30298, 0.783092, 0.011891, -0.0355588, -0.999154
5.28414, 5.30304, 0.787252, 0.00295231, 0.0351753, 0.999212
5.28777, 5.30403, 0.792949, 0.00818001, -0.0259708, -0.999456
5.28242, 5.30328, 0.791498, 0.00316057, -0.0308415, -0.999452
5.2896, 5.30229, 0.792764, -0.0105561, 0.0367828, 0.999131
5.28643, 5.30523, 0.781578, -0.00185405, 0.0261263, 0.999568
5.2836, 5.30206, 0.79547, 2.29596e-05, -0.044448, -0.998844
5.28584, 5.30446, 0.796657, -0.00777091, 0.0288125, 0.999455
5.28277, 5.30405, 0.790031, -0.00720382, 0.0342031, 0.999327
5.2832, 5.3028, 0.790125, -0.0021714, -0.0360212, -0.999297
5.28755, 5.30509, 0.806779, -0.0124652, 0.0333978, 0.999203
5.28288, 5.30367, 0.787967, 0.00545609, -0.0396757, -0.999117
5.28809, 5.30552, 0.791837, 0.0102566, -0.0287985, -0.999379
5.28906, 5.30375, 0.79355, 0.0129101, -0.0297931, -0.999327
5.2868, 5.30275, 0.794526, -0.00184184, 0.0371245, 0.999273
5.2907, 5.30339, 0.785592, -0.013552, 0.0435569, 0.998802
5.28504, 5.3044, 0.803912, -0.0120959, 0.0366177, 0.999136
5.28203, 5.30379, 0.79844, -0.00332014, 0.0344189, 0.999354
5.28551, 5.30467, 0.799096, 0.0088591, -0.0379826, -0.999176
5.28649, 5.30187, 0.798006, -0.00929429, 0.0357078, 0.999196
5.28645, 5.3032, 0.793959, 0.00639855, -0.0288096, -0.999398
5.28772, 5.30259, 0.798522, -0.00974171, 0.024198, 0.999489
5.28959, 5.302, 0.801649, -0.0117986, 0.0346421, 0.999249
5.28726, 5.30403, 0.808935, 0.0185849, -0.0274023, -0.999217
5.2872, 5.30338, 0.805535, -0.00861864, 0.0382497, 0.999098
5.28573, 5.30404, 0.794314, 0.0120254, -0.0396955, -0.999099
5.28246, 5.30195, 0.78086, -0.00533373, -0.0244208, -0.999579
5.2861, 5.30577, 0.792233, -0.00554941, 0.0259333, 0.999537
5.29102, 5.30248, 0.7909, 0.00684578, -0.0309664, -0.999385
5.28597, 5.30377, 0.788054, 0.011587, -0.0314587, -0.999346
5.28708, 5.3037, 0.793121, -0.00616563, 0.0242955, 0.99947
5.28509, 5.30429, 0.803488, 0.00420728, -0.0358163, -0.999216
5.28809, 5.30307, 0.800391, -0.00720271, 0.0289739, 0.999402
5.28426, 5.3038, 0.799205, -0.00279609, 0.0349507, 0.99926
5.28531, 5.30477, 0.79353, -0.00569493, 0.0352888, 0.999213
5.28401, 5.30335, 0.796672, -0.00740273, 0.0416399, 0.998983
5.28581, 5.30394, 0.792239, -0.00981097, 0.0333309, 0.999216
5.28971, 5.30327, 0.798921, -0.0169568, 0.0369094, 0.999074
5.28755, 5.30236, 0.795059, 0.0083148, -0.0414259, -0.999022
5.28261, 5.30473, 0.799361, -0.0040724, -0.0335437, -0.999399
5.28725, 5.30187, 0.788801, -0.0092677, 0.0305203, 0.999368
5.28897, 5.30464, 0.800837, -0.00760561, 0.0309629, 0.999372
5.28856, 5.30287, 0.801283, -0.00896227, 0.0218092, 0.999667
5.28735, 5.30327, 0.797121, 0.00753195, -0.0307257, -0.999358
5.28511, 5.30472, 0.794414, 0.00645982, -0.0349416, -0.999316
5.287, 5.30399, 0.789885, -0.00974014, 0.0274118, 0.999222
5.28341, 5.30457, 0.803235, 0.0059358, -0.0374911, -0.999165
5.28577, 5.30296, 0.790775, -0.00456678, -0.0311509, -0.999404
5.28719, 5.3042, 0.79019, -0.00450866, 0.0384958, 0.999032
5.28239, 5.30346, 0.788251, -0.00368895, 0.0353756, 0.999211
5.28676, 5.30495, 0.78971, 0.00499015, -0.0387873, -0.999153
5.28662, 5.30626, 0.799345, 0.00847151, -0.02762, -0.999447
5.28878, 5.30353, 0.797678, 0.0111226, -0.0360085, -0.999157
5.28168, 5.30411, 0.791062, -0.000292864, 0.0301518, 0.999367
5.28468, 5.30203, 0.788609, -0.00853762, 0.0375388, 0.999206
5.28694, 5.3043, 0.800845, 0.0107987, -0.0341003, -0.999295
5.28715, 5.30219, 0.793144, -0.0112092, 0.0329465, 0.999237
5.28592, 5.30466, 0.802749, 0.0105337, -0.0314022, -0.999382
5.28859, 5.30254, 0.799563, -0.00952573, 0.0380962, 0.999096
5.28323, 5.30293, 0.792704, 0.00312622, -0.0286787, -0.999534
5.28488, 5.30356, 0.797788, 0.00874916, -0.0345453, -0.999174
5.28696, 5.30519, 0.796397, -0.0106753, 0.0336649, 0.999339
5.28858, 5.30226, 0.802351, 0.0183632, -0.037739, -0.999054
5.2815, 5.30252, 0.790223, -0.000621664, -0.0360208, -0.999217
5.28684, 5.30359, 0.807975, -0.00810601, 0.0332988, 0.999259
5.28911, 5.30446, 0.798486, -0.00854476, 0.0298508, 0.999417
5.28729, 5.30187, 0.794077, -0.00921387, 0.0279915, 0.999427
5.28287, 5.30273, 0.79205, 0.00807834, -0.0340748, -0.999194
5.28438, 5.30453, 0.78614, 0.00432177, -0.0340196, -0.999301
5.2835, 5.30323, 0.786951, -0.0029081, -0.0282258, -0.999492
5.28495, 5.30397, 0.796947, 0.00395769, -0.038204, -0.999207
5.28517, 5.3056, 0.79159, 0.0121706, -0.0289537, -0.999346
5.28087, 5.30538, 0.802595, -0.00329777, 0.0335903, 0.999376
5.28659, 5.30175, 0.786437, -0.00982412, 0.0369533, 0.999188
5.29072, 5.30285, 0.800121, -0.0121928, 0.0376115, 0.999144
5.28994, 5.30231, 0.794462, -0.0101388, 0.0363024, 0.999127
5.2829, 5.30374, 0.787955, -0.000457649, 0.0372563, 0.999242
5.28537, 5.30256, 0.787934, -0.00680998, 0.0338409, 0.999218
5.28853, 5.30701, 0.798457, -0.00223751, 0.0266454, 0.999431
5.28441, 5.30245, 0.794973, -0.00698157, 0.0396738, 0.999122
5.28383, 5.30434, 0.78343, 0.000835232, 0.036703, 0.999294
5.28603, 5.30302, 0.788042, -3.6644e-05, -0.0382877, -0.999146
5.28729, 5.30355, 0.793603, -0.000874802, -0.0379135, -0.99914
5.28592, 5.30336, 0.796597, 0.00640616, -0.0250648, -0.99951
5.29059, 5.30411, 0.803178, 0.0133706, -0.0340197, -0.999192
5.28338, 5.30259, 0.79488, 0.00473376, -0.0291763, -0.999478
5.28708, 5.3036, 0.79303, 0.00473536, -0.0352069, -0.999251
5.28709, 5.30317, 0.801438, -0.00912444, 0.0304545, 0.999448
5.28793, 5.30152, 0.799285, 0.0106133, -0.0283318, -0.99933
5.28532, 5.30578, 0.803609, 0.0073993, -0.0208685, -0.999518
5.29013, 5.30334, 0.790999, -0.00897941, 0.0411228, 0.998998
5.28948, 5.30207, 0.786087, 0.00840005, -0.0308982, -0.999365
5.2847, 5.30487, 0.794349, -0.00332887, 0.0337851, 0.99938
5.28494, 5.30402, 0.791269, -0.00406068, 0.0312447, 0.999422
5.28612, 5.3032, 0.794798, -0.00809142, 0.0335733, 0.999254
5.28569, 5.30322, 0.793624, 0.00248737, -0.0338974, -0.999383
5.28564, 5.30337, 0.799609, 0.00818391, -0.033223, -0.999291
5.28758, 5.30465, 0.790812, -0.0116812, 0.0357138, 0.999234
5.28743, 5.30438, 0.789973, -0.00942017, 0.0328518, 0.999367
5.28869, 5.3045, 0.791681, -0.00962656, 0.0402181, 0.999032
5.28285, 5.30349, 0.786069, 0.00376851, 0.0306105, 0.999478
5.28339, 5.30246, 0.794175, -0.000971491, -0.037443, -0.999227
5.2905, 5.3059, 0.802185, -0.0155318, 0.0397858, 0.998945
5.28721, 5.30508, 0.791552, -0.00366949, 0.0317225, 0.999345
5.28448, 5.30552, 0.793365, -0.00581224, 0.0295233, 0.999443
5.28877, 5.30378, 0.787643, -0.00888361, 0.0318987, 0.999343
5.2871, 5.30339, 0.79919, 0.00929781, -0.0339806, -0.999316
5.28688, 5.30182, 0.792298, 0.00820084, -0.0257669, -0.999499
5.28123, 5.30397, 0.794184, -0.00889131, 0.0372267, 0.999218
5.29104, 5.30219, 0.80407, 0.0140755, -0.0290618, -0.999373
5.282, 5.30399, 0.782257, -0.00108897, 0.0318297, 0.999419
5.28469, 5.30469, 0.792789, -0.000947139, 0.0367602, 0.999223
5.28777, 5.30171, 0.784357, -0.00462725, -0.03472, -0.999284
5.28754, 5.30407, 0.803843, -0.00659297, 0.0358634, 0.999269
5.28503, 5.30249, 0.793254, 0.0059076, -0.0290756, -0.999486
5.28698, 5.30143, 0.802067, 0.00688299, -0.0310369, -0.999425
5.28767, 5.303, 0.805933, 0.00677038, -0.0318528, -0.999392
5.28545, 5.30339, 0.7924, -0.00415736, 0.036098, 0.999226
5.27963, 5.30349, 0.804854, 0.00175802, -0.0367298, -0.999258
5.28562, 5.30522, 0.79585, 0.00986611, -0.0321543, -0.999324
5.28595, 5.30392, 0.792203, -0.00718176, 0.0300907, 0.99947
5.2899, 5.30263, 0.80741, 0.0130312, -0.0472364, -0.998651
5.28291, 5.3034, 0.796059, -0.0024213, 0.0302855, 0.999455
5.28807, 5.3025, 0.800228, 0.00461396, -0.0404707, -0.9991
5.28775, 5.30448, 0.812254, 0.0122027, -0.027609, -0.999408
5.28177, 5.30461, 0.799689, 0.00877061, -0.0321248, -0.999353
5.28635, 5.30457, 0.794217, -0.00602283, 0.0393775, 0.999025
5.28644, 5.30338, 0.790944, 0.0136948, -0.0401005, -0.999045
5.28239, 5.30314, 0.797654, 0.00625831, -0.0352028, -0.999262
5.28343, 5.30521, 0.796129, 0.000212977, -0.0287762, -0.99951
5.28186, 5.30414, 0.799967, 0.00684074, -0.0371136, -0.999206
5.28356, 5.30442, 0.787419, -0.00527675, 0.0336704, 0.999322
5.28851, 5.3032, 0.784619, -0.0138134, 0.0210814, 0.999445
5.28798, 5.30369, 0.794701, -0.0114488, 0.0357263, 0.999155
5.28475, 5.30399, 0.783391, 0.000749938, -0.0292071, -0.999502
5.28304, 5.30257, 0.801823, 0.00377419, -0.0351326, -0.999262
5.28619, 5.30182, 0.797964, 0.00486531, -0.0291174, -0.999455
5.28862, 5.30102, 0.792446, -0.00408923, 0.0262336, 0.999553
5.28497, 5.30393, 0.788493, -0.00866172, 0.0301545, 0.99932
5.28798, 5.30155, 0.818619, 0.0123847, -0.0398048, -0.999016
5.28818, 5.3027, 0.81301, 0.00786317, -0.0474982, -0.998672
5.27942, 5.3052, 0.793736, 0.00254178, 0.0330108, 0.999338
5.28456, 5.30304, 0.800004, -0.0056664, 0.0302115, 0.999468
5.28279, 5.30342, 0.783951, -0.000517238, -0.0366884, -0.999284
5.28815, 5.30131, 0.79275, 0.0147031, -0.0336893, -0.999163
5.28952, 5.30304, 0.813624, -0.0209691, 0.0378213, 0.998903
5.28367, 5.30527, 0.7908, 0.00828663, -0.0291448, -0.999495
5.28566, 5.3048, 0.800907, -0.00660502, 0.0338791, 0.999327
5.28408, 5.30298, 0.784932, 0.00302815, -0.0357168, -0.999234
5.29145, 5.30284, 0.802737, -0.0140527, 0.0361922, 0.999185
5.28149, 5.30253, 0.805431, -0.000699545, 0.036366, 0.999235
5.28639, 5.30413, 0.801615, -0.00857647, 0.0321191, 0.999388
5.28567, 5.30358, 0.804148, -0.00849634, 0.0328815, 0.999291
5.28802, 5.30328, 0.803934, 0.0163497, -0.0324444, -0.999195
5.28525, 5.30312, 0.792475, -0.00548735, 0.0298672, 0.99946
5.2814, 5.30436, 0.801384, -0.00316751, 0.0338864, 0.999367
5.28583, 5.30337, 0.801843, 0.0125224, -0.0336282, -0.999132
5.2841, 5.30434, 0.805233, -0.00335638, 0.0377975, 0.999159
5.28871, 5.30317, 0.79057, -0.00730104, 0.0251587, 0.999606
5.28371, 5.30207, 0.784711, 0.00864799, -0.0301613, -0.999395
5.28441, 5.30407, 0.793459, -0.00694595, 0.0352228, 0.999261
5.28699, 5.30277, 0.804301, 0.00531416, -0.0355344, -0.999307
5.28401, 5.30407, 0.792084, 0.00712826, -0.0332791, -0.999328
5.28615, 5.30387, 0.801191, 0.00481219, -0.0346363, -0.999317
5.28738, 5.30333, 0.789311, -0.00148823, 0.0301249, 0.999438
5.28522, 5.30197, 0.80336, -0.0146177, 0.0359158, 0.999128
5.28598, 5.3045, 0.805349, -0.00469573, 0.0307999, 0.999425
5.28392, 5.30271, 0.790957, 0.00222077, -0.0272626, -0.999537
5.28873, 5.30309, 0.806564, -0.0128445, 0.0343826, 0.999247
5.28437, 5.30209, 0.794548, 0.00593632, -0.0325541, -0.999421
5.28789, 5.3032, 0.802092, -0.00891472, 0.0351475, 0.999263
5.28437, 5.30527, 0.795406, 0.00293491, -0.0314583, -0.999446
5.28597, 5.3016, 0.795593, -0.00667342, 0.0377077, 0.999203
5.28767, 5.30293, 0.799042, 0.0115493, -0.0389344, -0.999031
5.28739, 5.30224, 0.796556, 0.00778313, -0.0368408, -0.999233
5.2852, 5.30439, 0.80193, 0.0111142, -0.0400283, -0.998993
5.28632, 5.30258, 0.791358, -0.00862746, 0.0380395, 0.999114
5.28285, 5.30424, 0.802655, -0.00821629, 0.0397058, 0.999041
5.28509, 5.30355, 0.787898, 0.00554611, -0.0357176, -0.99928
5.2862, 5.30312, 0.785362, -0.000632786, 0.0295283, 0.999472
5.28824, 5.30478, 0.798164, -0.00869426, 0.0304664, 0.999355
5.28447, 5.30253, 0.783398, -0.00385923, 0.0323014, 0.999364
5.28426, 5.30334, 0.784621, 0.00502839, -0.0372548, -0.999234
5.28731, 5.30483, 0.791279, 0.00571482, -0.0354992, -0.99931
5.29153, 5.30309, 0.799353, 0.0141172, -0.0351566, -0.999185
5.28629, 5.30338, 0.802988, -0.00669085, 0.0301, 0.99942
5.2845, 5.30367, 0.792728, 0.00513719, -0.0340419, -0.999301
5.28299, 5.30558, 0.805918, -0.00803663, 0.0328789, 0.999243
5.28232, 5.30482, 0.788627, -0.00151901, 0.0380084, 0.999218
5.28703, 5.30208, 0.791363, -0.00600618, 0.0315708, 0.999414
5.28576, 5.30289, 0.789532, -0.00604949, 0.0210585, 0.999535
5.28219, 5.30319, 0.795616, -0.00215272, -0.0368233, -0.999278
5.28459, 5.30257, 0.791318, 0.00474007, -0.0359813, -0.999223
5.28661, 5.30429, 0.789372, -0.00510072, 0.026899, 0.999586
5.28179, 5.30338, 0.791538, -0.000946584, -0.0337821, -0.999386
5.28604, 5.30406, 0.791179, 0.0039154, -0.030039, -0.999479
5.28566, 5.30421, 0.799556, -0.0124838, 0.0382754, 0.999048
5.28811, 5.30136, 0.795622, 0.0111745, -0.0343115, -0.999236
5.2843, 5.30425, 0.797059, 0.0073268, -0.0311375, -0.999401
5.28521, 5.30458, 0.793907, 0.00598977, -0.0357959, -0.999285
5.28384, 5.30316, 0.800329, -0.00425285, 0.0353081, 0.999181
5.28889, 5.30178, 0.796422, 0.0150876, -0.0415436, -0.998775
5.28752, 5.30288, 0.802534, 0.00925322, -0.029627, -0.999444
5.28673, 5.30337, 0.793351, -0.00363561, 0.0339398, 0.999295
5.28299, 5.30284, 0.792101, -0.00377784, 0.0329621, 0.999351
5.28509, 5.30305, 0.793683, -0.0077452, 0.0334293, 0.999351
5.28577, 5.30122, 0.794488, -0.00878102, 0.0303064, 0.999313
5.28379, 5.30175, 0.800944, -0.00507127, 0.0373514, 0.999155
5.2881, 5.30338, 0.794601, 0.0136376, -0.0326183, -0.999315
5.29009, 5.30321, 0.805523, -0.0106577, 0.0317073, 0.999358
5.28566, 5.30331, 0.796521, 0.00877691, -0.0363554, -0.999195
5.28801, 5.30172, 0.808475, -0.00811812, 0.0437288, 0.998896
5.28482, 5.30377, 0.798782, -0.00996187, 0.0379173, 0.999169
5.29042, 5.30384, 0.795441, -0.0123788, 0.0294699, 0.999306
5.28105, 5.30363, 0.791198, 0.00833054, -0.0298544, -0.999427
5.28423, 5.30569, 0.794676, 0.00396437, -0.0384032, -0.999153
5.28582, 5.30472, 0.798147, 0.00871501, -0.0303628, -0.999245
5.28709, 5.30367, 0.780883, -0.00104476, -0.0247466, -0.999658
5.28511, 5.30406, 0.794433, -0.00469394, 0.0348107, 0.999334
5.28365, 5.30449, 0.805879, -0.00216774, 0.0337983, 0.999367
5.28718, 5.30396, 0.800009, 0.00729265, -0.0359166, -0.999268
5.28386, 5.30252, 0.807891, -0.00725616, 0.0296448, 0.999353
5.28892, 5.30206, 0.799908, 0.0173347, -0.0358544, -0.999044
5.29043, 5.30215, 0.79772, -0.0149201, 0.0298043, 0.999333
5.28166, 5.30338, 0.792064, -0.00513346, 0.0346144, 0.999325
5.28429, 5.30352, 0.798726, 0.00668732, -0.0292902, -0.999399
5.28301, 5.30462, 0.797297, 0.00810761, -0.0360688, -0.999219
5.28279, 5.30453, 0.79231, 0.00448153, -0.034036, -0.99924
5.28589, 5.30334, 0.787395, -0.00157714, 0.0297492, 0.99942
5.28602, 5.30487, 0.788933, -0.000954556, 0.0374569, 0.999196
5.28362, 5.30372, 0.780084, 0.00109943, -0.0253682, -0.999534
5.28291, 5.30513, 0.78721, 0.00111596, -0.0377504, -0.999194
5.28464, 5.30246, 0.79368, 0.00306606, -0.0251606, -0.999563
5.28611, 5.30498, 0.794788, 0.00665416, -0.0268313, -0.999453
5.28883, 5.30214, 0.788815, 0.0127101, -0.0326812, -0.999246
5.28538, 5.30441, 0.797126, -0.00784925, 0.0388994, 0.999095
5.28475, 5.30239, 0.789315, -0.013727, 0.0355294, 0.999105
5.28466, 5.30457, 0.803558, -0.00699884, 0.0351717, 0.999268
5.28931, 5.30381, 0.785626, -0.0146308, 0.0340523, 0.999177
5.28977, 5.30454, 0.795222, -0.00899589, 0.0244415, 0.999489
5.28455, 5.30232, 0.791263, -0.000131274, -0.0310113, -0.99943
5.28715, 5.30416, 0.795007, -0.00836768, 0.0334935, 0.999364
5.28502, 5.30402, 0.790631, -0.00889665, 0.0343954, 0.999273
5.28736, 5.30499, 0.800441, -0.0110407, 0.0346938, 0.999227
5.28679, 5.303, 0.800849, -0.00915212, 0.0355658, 0.999226
5.28588, 5.3053, 0.808543, 0.010389, -0.0349678, -0.999269
5.28157, 5.30289, 0.794895, 0.00455266, -0.0328727, -0.999372
5.28844, 5.30235, 0.796886, -0.0121938, 0.026474, 0.999366
5.28787, 5.30528, 0.787874, -0.00702503, 0.0336397, 0.999309
5.28514, 5.30477, 0.800266, -0.00164412, 0.0287848, 0.999482
5.28442, 5.3042, 0.782668, 0.00674121, -0.0302245, -0.999416
5.28585, 5.30125, 0.789326, 0.00476319, -0.0311863, -0.999465
5.28826, 5.30438, 0.796424, 0.00364609, -0.0330587, -0.999331
5.28562, 5.30277, 0.784456, 0.00739417, -0.0280896, -0.999452
5.2832, 5.30366, 0.785277, 0.00173133, -0.0329314, -0.99936
5.2889, 5.30376, 0.796567, -0.00581211, 0.0331569, 0.999243
5.28366, 5.305, 0.793977, 0.00811618, -0.0376221, -0.999164
5.28475, 5.3025, 0.798944, 0.00675407, -0.0362396, -0.999146
5.28594, 5.30218, 0.781875, -0.00390997, 0.0381518, 0.999127
5.28938, 5.30341, 0.789314, -0.00758142, 0.0311487, 0.999402
5.28642, 5.30304, 0.798606, -0.00908907, 0.0343178, 0.999197
5.28477, 5.30446, 0.793426, 0.00397464, -0.0360969, -0.999275
5.28529, 5.30283, 0.798993, 0.00273887, -0.0333292, -0.999279
5.28324, 5.30265, 0.786098, 0.000543052, 0.035167, 0.999301
5.28712, 5.30315, 0.786539, 0.000950731, -0.0335629, -0.999321
5.28778, 5.30426, 0.800493, -0.010769, 0.0367661, 0.999179
5.28995, 5.30523, 0.808434, 0.0108154, -0.0378206, -0.999151
5.28849, 5.30336, 0.788607, -0.00740328, 0.0289064, 0.999481
5.28722, 5.30239, 0.791521, -0.00941064, 0.0338411, 0.999242
5.28368, 5.30439, 0.791228, -0.0083102, 0.0342783, 0.999335
5.28522, 5.30255, 0.797734, 0.00695547, -0.036063, -0.999264
5.28584, 5.3049, 0.80758, -0.00497411, 0.039857, 0.999118
5.28134, 5.30306, 0.785653, -0.00356255, 0.0351904, 0.999323
5.28842, 5.30563, 0.804323, 0.010755, -0.036268, -0.999134
5.28726, 5.30498, 0.805461, 0.0097642, -0.0397568, -0.999066
5.2848, 5.30163, 0.786506, -0.00271991, 0.034822, 0.99929
5.28726, 5.30329, 0.789644, -0.00834471, 0.0289784, 0.999446
5.28771, 5.30321, 0.799012, 0.0114985, -0.0287065, -0.999422
5.2865, 5.302, 0.799011, 0.00469459, -0.0368269, -0.999062
5.28919, 5.30441, 0.798491, -0.0155813, 0.0422989, 0.998848
5.28554, 5.30396, 0.794843, 0.010795, -0.0371523, -0.999175
5.28952, 5.30466, 0.799972, 0.0142756, -0.0300419, -0.999371
5.2843, 5.30387, 0.791252, 0.00626265, -0.0335647, -0.99931
5.28813, 5.30417, 0.805394, -0.00597103, 0.0354239, 0.999194
5.2877, 5.30474, 0.801572, -0.0125551, 0.0343603, 0.999257
5.28091, 5.30456, 0.792869, -0.000695543, -0.0332437, -0.999388
5.2867, 5.3045, 0.791177, -0.00385641, 0.0348428, 0.999309
5.28541, 5.30514, 0.789075, -0.0069839, 0.0306442, 0.999397
5.28721, 5.30477, 0.788839, 0.00320706, -0.0410926, -0.999033
5.28454, 5.30474, 0.796709, -0.00129467, 0.0339623, 0.999324
5.28876, 5.30578, 0.803563, 0.0136549, -0.0391665, -0.999059
5.28769, 5.30339, 0.78845, 0.00931088, -0.0311788, -0.999231
5.28408, 5.30356, 0.799852, -0.00693944, 0.0324624, 0.999385
5.28901, 5.30425, 0.791962, 0.00935851, -0.029273, -0.999447
5.28425, 5.30453, 0.795237, 0.00751909, -0.0363828, -0.99923
5.2864, 5.30257, 0.797936, -0.00803007, 0.0350737, 0.999098
5.28626, 5.30141, 0.790199, 0.010799, -0.0334367, -0.999303
5.28133, 5.30405, 0.794187, -0.0021453, 0.0398727, 0.999123
5.28495, 5.30422, 0.804485, -0.0100023, 0.0416656, 0.998984
5.28705, 5.30523, 0.800791, 0.0137989, -0.0338608, -0.999223
5.28281, 5.30284, 0.787746, -0.00220017, 0.0322447, 0.999355
5.28418, 5.30306, 0.79566, -0.00242039, 0.041217, 0.998976
5.28485, 5.30376, 0.800026, -0.0149469, 0.035464, 0.999145
5.28331, 5.30261, 0.781596, 0.00120092, 0.0348373, 0.999327
5.28717, 5.30194, 0.787262, 0.0139669, -0.0289423, -0.999127
5.28466, 5.30416, 0.794474, 0.00480533, -0.0360296, -0.999272
5.28208, 5.30728, 0.797307, 0.00230117, -0.0327129, -0.999299
5.28603, 5.30405, 0.794631, 0.00608002, -0.0309769, -0.999384
5.28523, 5.30223, 0.792408, -0.00613153, 0.0360998, 0.99928
5.28725, 5.30354, 0.791267, -0.00607193, 0.0358192, 0.999255
5.28568, 5.30274, 0.798243, 0.00992159, -0.0354889, -0.999248
5.28648, 5.30442, 0.788924, -0.00425844, 0.0330479, 0.999332
5.28388, 5.30334, 0.791062, -0.00620752, 0.0243903, 0.999497
5.2862, 5.30426, 0.793994, -0.00322152, 0.0379828, 0.999004
5.28386, 5.30136, 0.799941, -0.00175243, -0.0287497, -0.999451
5.28765, 5.30319, 0.786487, -0.0046857, 0.0317363, 0.999333
5.28732, 5.30449, 0.785429, -0.000265074, 0.0277966, 0.99954
5.28601, 5.30492, 0.798731, -0.00581027, 0.0274562, 0.999484
5.2858, 5.30317, 0.792494, -0.010869, 0.0348959, 0.999181
5.28607, 5.30303, 0.799402, -0.00720155, 0.0379923, 0.99914
5.28469, 5.30469, 0.790443, -0.00130189, 0.0302184, 0.999485
5.28274, 5.30286, 0.79993, -0.00597606, 0.0325392, 0.9994
5.28426, 5.30337, 0.792433, -0.00454032, 0.0344177, 0.999338
5.2846, 5.30331, 0.7907, 0.0133895, -0.0380732, -0.999037
5.2851, 5.30487, 0.794944, 0.00170877, 0.0331104, 0.999362
5.28512, 5.30254, 0.795735, 0.00376889, -0.0374976, -0.999196
5.28621, 5.30398, 0.796962, -0.00975529, 0.0307321, 0.999319
5.28222, 5.3032, 0.797331, 0.00360374, -0.0362184, -0.999267
5.28525, 5.30584, 0.795296, -0.00361465, 0.0366421, 0.999207
5.28634, 5.30229, 0.794222, -0.00756446, 0.0411381, 0.999071
5.28453, 5.3037, 0.807751, 0.00886985, -0.0370143, -0.999057
5.28604, 5.30369, 0.786007, -0.000999944, 0.0305164, 0.999486
5.28779, 5.30483, 0.794628, -0.00237287, 0.037435, 0.999181
5.28829, 5.30231, 0.793671, -0.0144046, 0.0313806, 0.999268
5.28883, 5.30371, 0.786636, 0.00539203, -0.0316388, -0.999429
5.28592, 5.30165, 0.793365, -0.0124293, 0.0292409, 0.999387
5.28776, 5.30354, 0.802372, -0.00705582, 0.033794, 0.999336
5.28518, 5.30306, 0.793333, 0.00931165, -0.0347395, -0.999188
5.28565, 5.3049, 0.795292, -0.00821179, 0.0364357, 0.999251
5.28324, 5.30535, 0.79823, -0.00390957, 0.0334401, 0.999356
5.28279, 5.30475, 0.791078, -0.0031077, 0.0352233, 0.999303
5.28703, 5.3025, 0.791909, 0.00693413, -0.0361308, -0.999271
5.28775, 5.30381, 0.79052, 0.00834627, -0.0367678, -0.999215
5.28319, 5.30494, 0.789294, -0.000100666, 0.0322517, 0.999397
5.29007, 5.30239, 0.807624, -0.0141569, 0.02759, 0.999235
5.28864, 5.30382, 0.792663, -0.00967318, 0.0352849, 0.999269
5.28353, 5.30517, 0.796429, -0.00161372, 0.0275065, 0.999472
5.28854, 5.30401, 0.806325, 0.0148611, -0.0315569, -0.999293
5.28819, 5.30289, 0.801331, -0.0085627, 0.0348274, 0.999262
5.28348, 5.30698, 0.808896, -0.0130266, 0.0358565, 0.999221
5.28615, 5.30275, 0.786221, -0.00693159, 0.0197179, 0.999511
5.28524, 5.3046, 0.784478, -0.000888735, 0.031274, 0.999459
5.28786, 5.30501, 0.787056, 0.00335808, -0.0284776, -0.999497
5.28566, 5.30306, 0.805651, 0.00306384, -0.0319986, -0.999398
5.28789, 5.30385, 0.801538, -0.00587224, 0.0355367, 0.999216
5.28761, 5.30292, 0.789575, 0.00514234, -0.0334909, -0.999296
5.28876, 5.30237, 0.79017, -0.0150848, 0.0319126, 0.999224
5.28478, 5.30368, 0.800376, 0.00878099, -0.0393347, -0.999109
5.28718, 5.30433, 0.796515, -0.0120004, 0.0339724, 0.999272
5.28865, 5.3032, 0.796671, -0.0108742, 0.0386193, 0.999024
5.28088, 5.3023, 0.794269, 0.00251074, 0.0298382, 0.999468
5.28488, 5.30406, 0.788522, -0.0011953, 0.0350576, 0.999246
5.28878, 5.30448, 0.797709, 0.00749648, -0.040858, -0.99908
5.28805, 5.30448, 0.800301, -0.00985023, 0.0354448, 0.999227
5.2883, 5.30251, 0.804295, -0.00987896, 0.0377927, 0.99907
5.28188, 5.30403, 0.787542, 0.0114558, -0.0343239, -0.999283
5.28737, 5.30331, 0.78811, -0.00844983, 0.038087, 0.999114
5.28198, 5.30383, 0.805532, 0.000942535, -0.0354939, -0.999294
5.2878, 5.30629, 0.80818, -0.00619023, 0.0357873, 0.999263
5.28073, 5.30403, 0.786711, -0.00099866, -0.0270885, -0.999448
5.28922, 5.30265, 0.80195, -0.0089676, 0.0393614, 0.999058
5.28626, 5.30383, 0.792766, 0.00545745, -0.0309722, -0.999412
5.28664, 5.30138, 0.791403, 0.00963603, -0.0386369, -0.9991
5.28692, 5.30272, 0.790635, -0.0113962, 0.0366312, 0.999104
5.28365, 5.30383, 0.799432, -0.00175901, 0.0307138, 0.999272
5.28639, 5.30315, 0.809602, 0.0127405, -0.0365527, -0.999056
5.2818, 5.30578, 0.79149, 0.00276823, -0.029909, -0.99944
5.28458, 5.30472, 0.801453, -0.00529522, 0.0305075, 0.999398
5.28616, 5.30222, 0.784117, 9.48575e-05, -0.0313449, -0.999437
5.28636, 5.30441, 0.791273, -0.00112583, 0.0284941, 0.99946
5.28819, 5.30624, 0.797101, -0.0135439, 0.0306217, 0.999351
5.28645, 5.30559, 0.79453, 0.00156524, -0.035582, -0.999312
5.28452, 5.30388, 0.795888, 0.0012674, -0.0376681, -0.999023
5.28447, 5.30551, 0.804631, -0.00169182, 0.0354914, 0.999272
5.28541, 5.30512, 0.793299, 0.00965556, -0.0316982, -0.999309
5.287, 5.30319, 0.795481, 0.0123283, -0.0335798, -0.999192
5.28956, 5.30323, 0.79694, 0.00897578, -0.04368, -0.99886
5.28617, 5.30356, 0.801778, -0.0145392, 0.0259277, 0.999354
5.28421, 5.30246, 0.789652, -0.00346834, 0.0309846, 0.99935
