5.42727, 5.84136, 0.426554, -0.0142936, -0.998539, 0.0515495
5.42233, 5.85024, 0.421638, -0.0366373, -0.998729, 0.0308204
5.42537, 5.84055, 0.421471, -0.0478616, -0.998256, 0.0293981
5.42297, 5.84039, 0.42625, 0.0259838, 0.99959, -0.00718131
5.42233, 5.84138, 0.42403, 0.0170918, 0.999103, -0.0361727
5.42445, 5.83814, 0.416157, 0.015902, 0.999301, -0.0295344
5.41646, 5.83992, 0.417831, -0.0169458, -0.999575, 0.0183805
5.42223, 5.85661, 0.417198, 0.0267925, 0.999411, -0.0168792
5.42467, 5.8481, 0.419063, -0.0368597, -0.998968, 0.0161813
5.42281, 5.83822, 0.421362, -0.0219221, -0.999423, 0.0245213
5.42298, 5.84158, 0.423049, -0.0198464, -0.998528, 0.0454635
5.41998, 5.83801, 0.427898, 0.025985, 0.999361, -0.0241382
5.42457, 5.83645, 0.420186, -0.0543228, -0.996513, 0.0466763
5.42199, 5.8686, 0.426806, -0.0360981, -0.998558, 0.0369557
5.42463, 5.83921, 0.424043, 0.0327481, 0.999064, -0.0221514
5.422, 5.85874, 0.424121, 0.026543, 0.998936, -0.0326624
5.42276, 5.83639, 0.430836, 0.0350678, 0.99914, -0.019913
5.42619, 5.84835, 0.423066, 0.020125, 0.999088, -0.0275845
5.42358, 5.84141, 0.423696, -0.0156549, -0.998638, 0.0447257
5.42278, 5.85178, 0.424591, 0.0268741, 0.999152, -0.0300304
5.42524, 5.84032, 0.428282, -0.0177313, -0.998925, 0.0337197
5.42116, 5.85084, 0.425561, 0.0282385, 0.999104, -0.0271768
5.42346, 5.85784, 0.424312, -0.0232497, -0.998795, 0.0260096
5.42413, 5.83886, 0.418187, -0.0227121, -0.99888, 0.0345149
5.42072, 5.83923, 0.421038, -0.0276711, -0.999359, 0.0139392
5.42134, 5.84117, 0.425382, -0.022463, -0.999547, 0.0176022
5.42033, 5.83876, 0.414861, 0.0346403, 0.998909, -0.0261209
5.42436, 5.85931, 0.423732, -0.0350378, -0.998633, 0.0345646
5.42634, 5.83844, 0.419493, -0.0204596, -0.998652, 0.0392914
5.41747, 5.81727, 0.431682, 0.0265837, 0.999175, -0.0276141
5.42467, 5.85755, 0.418366, 0.0303779, 0.998594, -0.0348863
5.42042, 5.83755, 0.428796, -0.0251389, -0.999501, 0.017586
5.42028, 5.84865, 0.42309, 0.026178, 0.999339, -0.0242622
5.42104, 5.84799, 0.425358, 0.0238339, 0.999104, -0.0310793
5.42258, 5.85068, 0.423778, 0.0329128, 0.998428, -0.031945
5.42469, 5.83752, 0.418367, -0.0263696, -0.999462, 0.0156236
5.42392, 5.84174, 0.418733, 0.00373641, 0.998673, -0.0403352
5.42399, 5.86009, 0.425712, -0.0201857, -0.999095, 0.0362688
5.42446, 5.84095, 0.419094, -0.0242606, -0.999284, 0.027736
5.41966, 5.8376, 0.422263, -0.0289583, -0.999209, 0.0216505
5.42468, 5.85013, 0.424226, -0.0308512, -0.99878, 0.037907
5.42475, 5.84737, 0.422509, 0.0249304, 0.998782, -0.0342491
5.42225, 5.83735, 0.42458, 0.0247276, 0.999613, -0.0121209
5.41747, 5.83951, 0.421698, -0.0287534, -0.998835, 0.030934
5.41868, 5.83982, 0.420867, 0.0219743, 0.999351, -0.0193382
5.42327, 5.83744, 0.421632, 0.020939, 0.999394, -0.0261154
5.42394, 5.85692, 0.424423, 0.0231337, 0.999237, -0.0276204
5.42013, 5.84826, 0.427143, -0.0234826, -0.9995, 0.0190871
5.41827, 5.8387, 0.427443, 0.0190088, 0.999145, -0.0326386
5.42215, 5.84266, 0.427862, 0.019501, 0.999337, -0.0299124
5.42366, 5.84019, 0.42624, -0.0288618, -0.999326, 0.0218598
5.42524, 5.84975, 0.421032, -0.0203234, -0.998727, 0.0433733
5.42232, 5.82813, 0.418771, -0.0245339, -0.999644, 0.00570142
5.42091, 5.84813, 0.423965, -0.0393881, -0.998252, 0.03243
5.4247, 5.84047, 0.418404, 0.0281962, 0.999415, -0.0170853
5.4175, 5.83672, 0.420282, -0.0225684, -0.999656, 0.00743884
5.4109, 5.81827, 0.42767, -0.0204089, -0.999153, 0.0351578
5.42242, 5.84883, 0.422445, 0.0199818, 0.998923, -0.0405612
5.42507, 5.84974, 0.424881, 0.0357167, 0.99898, -0.025225
5.42442, 5.84039, 0.419362, -0.0318041, -0.999243, 0.0194213
5.4228, 5.84047, 0.418351, 0.032342, 0.998716, -0.0303145
5.4239, 5.83741, 0.423267, 0.0265621, 0.998359, -0.0455598
5.42397, 5.84162, 0.42204, 0.0231433, 0.999459, -0.021212
5.42543, 5.85054, 0.421054, 0.040211, 0.998301, -0.0255941
5.42217, 5.84863, 0.426588, -0.0149013, -0.998983, 0.0311705
5.4233, 5.83722, 0.428384, 0.0234629, 0.999461, -0.0199066
5.42523, 5.83956, 0.425941, 0.0255977, 0.998493, -0.0374445
5.42182, 5.84074, 0.426481, -0.0237726, -0.998744, 0.0419195
5.42548, 5.84973, 0.420569, -0.0176087, -0.999033, 0.0337093
5.4223, 5.84896, 0.428563, -0.0212578, -0.997987, 0.0556135
5.42495, 5.85029, 0.429184, 0.0350433, 0.997062, -0.0593757
5.42279, 5.83952, 0.419096, 0.0242839, 0.999032, -0.0260711
5.42231, 5.84853, 0.420577, 0.0233921, 0.999565, -0.0076899
5.42205, 5.81839, 0.427452, -0.0240926, -0.99956, 0.011966
5.424, 5.82829, 0.430115, 0.0316914, 0.998941, -0.00834472
5.42233, 5.83875, 0.425195, -0.0214485, -0.997995, 0.0535172
5.42234, 5.84633, 0.426315, 0.0143891, 0.999515, -0.0190885
5.42293, 5.83696, 0.42689, 0.0217843, 0.999509, -0.0163963
5.42419, 5.82935, 0.422792, 0.0221361, 0.999282, -0.0218686
5.42433, 5.86723, 0.423275, 0.0200425, 0.998924, -0.0384827
5.42064, 5.82676, 0.426059, 0.0280815, 0.99945, -0.0167227
5.42312, 5.84111, 0.422879, 0.0304424, 0.999292, -0.0184098
5.42436, 5.83671, 0.418201, -0.0172569, -0.99872, 0.0412617
5.42175, 5.85071, 0.423087, 0.0185835, 0.999235, -0.0313889
5.42299, 5.86948, 0.426436, -0.0388103, -0.99779, 0.0520991
5.41761, 5.83723, 0.420374, -0.0197338, -0.999753, 0.00655098
5.42321, 5.85587, 0.427796, -0.023701, -0.998253, 0.048015
5.42519, 5.84969, 0.422827, 0.0300693, 0.998805, -0.0311651
5.42162, 5.82918, 0.427222, 0.0244391, 0.999206, -0.0292488
5.42453, 5.85951, 0.426303, 0.0116423, 0.997565, -0.0587294
5.42575, 5.84047, 0.423434, -0.0288807, -0.998899, 0.0279009
5.42272, 5.82714, 0.425856, 0.0324785, 0.998752, -0.00597872
5.41985, 5.83618, 0.424411, -0.0316042, -0.999059, 0.0227512
5.42122, 5.83993, 0.423553, 0.0331454, 0.999013, -0.0251247
5.42198, 5.83814, 0.425296, -0.027444, -0.999046, 0.0289762
5.42229, 5.82109, 0.428954, -0.0102379, -0.999526, -0.0116852
5.42204, 5.85662, 0.416967, -0.0201775, -0.999679, 0.0142664
5.42319, 5.84091, 0.424436, -0.030364, -0.997811, 0.0512679
5.42143, 5.83964, 0.420177, -0.0235179, -0.999328, 0.0241109
5.42389, 5.84738, 0.419354, 0.0256827, 0.998522, -0.0346711
5.42692, 5.8376, 0.428014, 0.02311, 0.999199, -0.0275407
5.42598, 5.86529, 0.427813, 0.0242149, 0.997937, -0.0581763
5.42334, 5.8681, 0.425358, -0.0228342, -0.997745, 0.0584466
5.41958, 5.85599, 0.427076, -0.0323401, -0.99845, 0.0417241
5.42247, 5.83665, 0.422233, 0.0221278, 0.998745, -0.0360864
5.42006, 5.83806, 0.422504, 0.0308644, 0.999215, -0.0222584
5.42452, 5.86465, 0.423393, 0.0303932, 0.998313, -0.0459543
5.41973, 5.85921, 0.420204, -0.0264213, -0.998184, 0.0484044
5.41918, 5.85679, 0.420093, -0.03634, -0.998982, 0.0237378
5.42359, 5.85679, 0.418721, 0.0365787, 0.998309, -0.0422305
5.41875, 5.84306, 0.422405, -0.0362687, -0.998186, 0.0420722
5.4233, 5.83975, 0.420709, 0.0284843, 0.998693, -0.0400714
5.41985, 5.8424, 0.428725, 0.0283642, 0.998146, -0.051586
5.42134, 5.84603, 0.426792, -0.031985, -0.998304, 0.00748814
5.41837, 5.83732, 0.421311, -0.033181, -0.998895, 0.0132054
5.42425, 5.83831, 0.419475, -0.0272333, -0.998955, 0.0332325
5.42661, 5.83713, 0.423975, -0.0182322, -0.999285, 0.0276228
5.42359, 5.85126, 0.422597, 0.0218497, 0.999183, -0.0270433
5.42087, 5.85134, 0.423774, 0.0271459, 0.99916, -0.02627
5.42063, 5.84594, 0.428788, -0.0331328, -0.998884, 0.0313816
5.42291, 5.84891, 0.422134, -0.0249313, -0.999011, 0.0344204
5.42438, 5.84004, 0.420932, 0.0233524, 0.998971, -0.0254628
5.42465, 5.85749, 0.424957, -0.0309409, -0.998221, 0.0493613
5.41889, 5.83925, 0.422185, -0.0258646, -0.999233, 0.027075
5.42019, 5.84472, 0.427874, -0.0264368, -0.999417, 0.0199395
5.4149, 5.83693, 0.427565, 0.018576, 0.998606, -0.0464558
5.42128, 5.84342, 0.429749, -0.0184647, -0.999738, 0.0117814
5.42261, 5.85111, 0.420032, -0.0524287, -0.997492, 0.0416007
5.42229, 5.83565, 0.429104, -0.0190082, -0.999308, 0.0292036
5.42461, 5.83952, 0.420998, 0.0298509, 0.999006, -0.0246608
5.42021, 5.85758, 0.421948, 0.0259316, 0.998026, -0.0497598
5.41898, 5.84159, 0.416124, 0.0352395, 0.999053, -0.018928
5.42567, 5.85845, 0.422079, -0.0331498, -0.999212, 0.0170272
5.42743, 5.84867, 0.42366, -0.0305374, -0.997733, 0.0525567
5.4198, 5.83866, 0.431281, 0.0322319, 0.998973, -0.0298233
5.42152, 5.86801, 0.419103, -0.0131844, -0.997876, 0.053843
5.41773, 5.8393, 0.422007, -0.0339162, -0.998828, 0.0266838
5.42353, 5.86625, 0.425727, -0.0161406, -0.99788, 0.0600285
5.42264, 5.84689, 0.423674, 0.0211227, 0.999346, -0.0201377
5.42323, 5.84645, 0.425102, 0.0300314, 0.998589, -0.0334902
5.42611, 5.85932, 0.429253, 0.0262394, 0.997991, -0.0481959
5.42094, 5.84012, 0.425981, 0.0359085, 0.998729, -0.0315432
5.42108, 5.83801, 0.422466, 0.0350379, 0.999119, -0.0186985
5.42178, 5.82805, 0.423955, 0.0267383, 0.998859, -0.0356447
5.4264, 5.84143, 0.427878, -0.027386, -0.999204, 0.0276766
5.42378, 5.8355, 0.423821, 0.0313103, 0.99929, -0.0186266
5.41899, 5.83606, 0.419686, -0.023172, -0.999442, 0.0203945
5.42296, 5.83704, 0.416829, 0.0273656, 0.998755, -0.0412514
5.42249, 5.84926, 0.42149, -0.0190029, -0.99896, 0.0353789
5.42143, 5.84882, 0.426249, 0.0330573, 0.998846, -0.0260212
5.42421, 5.83969, 0.421105, 0.00531286, 0.998442, -0.04914
5.42364, 5.84927, 0.423948, 0.029607, 0.998971, -0.0312676
5.42724, 5.84149, 0.425041, -0.0194122, -0.999556, 0.0215195
5.42398, 5.84009, 0.422556, -0.0254902, -0.998724, 0.0411268
5.42624, 5.84847, 0.415363, -0.0309107, -0.999256, 0.0152976
5.42512, 5.85941, 0.416833, 0.0488415, 0.998273, -0.0294934
5.42093, 5.85823, 0.431102, 0.0315215, 0.999098, -0.02646
5.42529, 5.8272, 0.42154, 0.0081972, 0.999743, -0.00616902
5.42207, 5.83773, 0.425409, 0.0164457, 0.998826, -0.0389062
5.42446, 5.86568, 0.421483, -0.00731447, -0.999554, 0.0229942
5.42175, 5.83631, 0.423237, 0.0293726, 0.998947, -0.0324393
5.42377, 5.83877, 0.423446, -0.0199744, -0.999269, 0.030313
5.4206, 5.85679, 0.430166, -0.017161, -0.999209, 0.035178
5.42318, 5.84086, 0.422251, -0.0260824, -0.999329, 0.0234801
5.42031, 5.83963, 0.423549, 0.0237247, 0.999678, -0.00537563
5.42451, 5.84874, 0.421668, 0.0258592, 0.999149, -0.0247776
5.4253, 5.84977, 0.422819, -0.0349967, -0.998987, 0.0245548
5.42602, 5.83968, 0.421711, 0.0251112, 0.999448, -0.0195197
5.42267, 5.84201, 0.420286, 0.0280884, 0.998605, -0.0405568
5.42396, 5.83911, 0.425312, 0.0244075, 0.999304, -0.0267936
5.42199, 5.85059, 0.426544, -0.0198037, -0.998896, 0.0415803
5.41872, 5.84857, 0.423314, 0.016787, 0.999036, -0.0315244
5.42243, 5.84053, 0.4221, -0.0329088, -0.998726, 0.0325464
5.41948, 5.8284, 0.427027, 0.0208134, 0.999692, -0.0118704
5.42317, 5.84815, 0.422207, -0.0252402, -0.99876, 0.0342809
5.42593, 5.83855, 0.423356, 0.0271143, 0.999221, -0.0261996
5.42432, 5.83968, 0.421649, -0.0259093, -0.999188, 0.0281361
5.42251, 5.85815, 0.425073, -0.0277411, -0.999034, 0.0317534
5.42205, 5.83985, 0.429452, 0.0229669, 0.999667, -0.00680324
5.42773, 5.88328, 0.420293, -0.00103175, -0.997485, 0.0647948
5.42187, 5.83785, 0.428795, 0.0289084, 0.998867, -0.0372426
5.42236, 5.87676, 0.421125, 0.0176516, 0.999428, -0.0271289
5.42136, 5.83654, 0.428165, -0.0285031, -0.999126, 0.0281975
5.42553, 5.84061, 0.428377, 0.0309908, 0.997408, -0.0542388
5.42398, 5.84025, 0.418787, -0.0284955, -0.999459, 0.0147791
5.41919, 5.8374, 0.428716, -0.0287369, -0.998765, 0.038743
5.42264, 5.84818, 0.425995, -0.0276016, -0.999124, 0.0295138
5.4197, 5.81822, 0.422831, 0.0171407, 0.999649, -0.0178171
5.42498, 5.85086, 0.420091, -0.0186717, -0.998939, 0.0310262
5.42116, 5.8367, 0.421651, 0.0310521, 0.999325, -0.0159097
5.42461, 5.85863, 0.420642, -0.017855, -0.997923, 0.0530432
5.41868, 5.84569, 0.425393, -0.0211857, -0.99936, 0.024743
5.42118, 5.87437, 0.425554, 0.0342989, 0.997971, -0.0524453
5.42353, 5.81846, 0.417998, -0.0398543, -0.998624, 0.0281251
5.42207, 5.83998, 0.425525, 0.027706, 0.998886, -0.0339318
5.42206, 5.8373, 0.429289, 0.0338285, 0.999049, -0.0242037
5.41888, 5.81838, 0.419364, 0.0297307, 0.999215, -0.0204205
5.41944, 5.85603, 0.423303, -0.03927, -0.996868, 0.0555537
5.42193, 5.84417, 0.424453, -0.0186391, -0.998974, 0.0365591
5.41934, 5.8397, 0.417688, 0.0346792, 0.999043, -0.0221136
5.42401, 5.82916, 0.421034, 0.0219226, 0.999354, -0.0236559
5.42055, 5.81804, 0.427448, 0.0272161, 0.99912, -0.0314481
5.42352, 5.84816, 0.425766, 0.0264816, 0.999542, -0.0127234
5.42538, 5.83684, 0.416437, -0.020527, -0.99928, 0.0287137
5.42508, 5.83712, 0.418774, 0.0357071, 0.999232, -0.0125734
5.42435, 5.83815, 0.42453, -0.0253117, -0.999139, 0.0290758
5.42173, 5.84373, 0.424345, -0.0215984, -0.999353, 0.0277154
5.42493, 5.85905, 0.420332, 0.039662, 0.997884, -0.0458093
5.42056, 5.83916, 0.416562, -0.0413264, -0.998904, 0.0159185
5.42469, 5.8388, 0.429912, -0.0267816, -0.997719, 0.0554059
5.4228, 5.84882, 0.424905, 0.03533, 0.998147, -0.0445549
5.42081, 5.83595, 0.421431, 0.0252755, 0.998903, -0.0321884
5.42295, 5.8498, 0.426499, 0.0190215, 0.999657, -0.0143801
5.42243, 5.85889, 0.421996, -0.0319351, -0.999244, 0.021338
5.42162, 5.83774, 0.427799, 0.0229679, 0.999493, -0.0199126
5.42005, 5.83848, 0.42943, -0.0213727, -0.999365, 0.0244567
5.42085, 5.83869, 0.42758, 0.0358741, 0.999231, -0.0123034
5.4233, 5.83549, 0.420238, 0.0149562, 0.999303, -0.0191319
5.42116, 5.83976, 0.421471, -0.0233418, -0.999327, 0.0251893
5.42354, 5.85038, 0.421851, -0.0338862, -0.998631, 0.035971
5.4238, 5.84651, 0.425644, -0.013941, -0.999304, 0.0321418
5.42427, 5.85894, 0.422326, -0.0258758, -0.999555, 0.0130019
5.42243, 5.84029, 0.418681, 0.025606, 0.999139, -0.0234457
5.42526, 5.83726, 0.420057, -0.0214854, -0.999613, 0.00794577
5.42612, 5.84005, 0.419481, -0.0275675, -0.998595, 0.0364225
5.42422, 5.8365, 0.426609, -0.0412951, -0.998771, 0.0235417
5.41911, 5.85987, 0.42299, -0.0246986, -0.999283, 0.0147706
5.42288, 5.84028, 0.421523, -0.0329047, -0.999021, 0.0261504
5.42173, 5.82734, 0.425616, -0.0157973, -0.999696, 0.0163829
5.42479, 5.85579, 0.425027, 0.0236668, 0.998437, -0.0451222
5.42265, 5.83939, 0.42525, -0.0283127, -0.998863, 0.0314066
5.4233, 5.83803, 0.423192, -0.0217742, -0.99915, 0.0278428
5.42425, 5.84817, 0.424395, 0.0209267, 0.999244, -0.0292248
5.42265, 5.83078, 0.422209, -0.0117694, -0.99931, 0.0179303
5.42372, 5.841, 0.420439, -0.0109607, -0.997941, 0.0418381
5.42171, 5.84605, 0.423068, 0.0225905, 0.999553, -0.0168949
5.42281, 5.85768, 0.42326, 0.041277, 0.998789, -0.0197688
5.41861, 5.84147, 0.424474, 0.0354391, 0.99868, -0.0328358
5.42268, 5.83687, 0.427724, 0.0277954, 0.999052, -0.0161543
5.42075, 5.8564, 0.422836, 0.0109279, 0.998994, -0.0362903
5.42692, 5.84103, 0.426425, -0.0271396, -0.999124, 0.0259539
5.42123, 5.84014, 0.417614, 0.0217221, 0.999532, -0.0209218
5.43092, 5.84111, 0.426359, -0.0283701, -0.998827, 0.0324335
5.42679, 5.84147, 0.421904, -0.0280899, -0.999427, 0.0152969
5.42276, 5.84118, 0.427453, 0.0235554, 0.99926, -0.029634
5.42038, 5.84876, 0.431334, 0.0265105, 0.999369, -0.0186002
5.42217, 5.8362, 0.421842, 0.0291362, 0.99931, -0.0181334
5.42221, 5.84248, 0.424945, 0.026657, 0.998579, -0.0429612
5.41761, 5.84648, 0.42648, -0.0283369, -0.999055, 0.0295157
5.421, 5.83686, 0.428248, -0.0268096, -0.999325, 0.0211543
5.42066, 5.85009, 0.414425, -0.0280414, -0.999463, 0.0113762
5.42509, 5.83969, 0.419528, 0.0272611, 0.999375, -0.0145462
5.41956, 5.83732, 0.419122, -0.0318608, -0.99866, 0.0371078
5.4216, 5.83668, 0.428207, 0.034552, 0.998968, -0.0270231
5.42558, 5.84136, 0.424659, 0.0248382, 0.997782, -0.0523504
5.42275, 5.85124, 0.426494, -0.0121704, -0.999458, 0.0299419
5.42446, 5.85819, 0.425222, -0.0188098, -0.998538, 0.0480263
5.42171, 5.8324, 0.420689, 0.025774, 0.999047, -0.0334479
5.42748, 5.84014, 0.426253, 0.0261136, 0.999179, -0.0295289
5.42282, 5.83772, 0.425275, 0.0317499, 0.999094, -0.0218201
5.42436, 5.84988, 0.426559, -0.0317796, -0.997849, 0.0521006
5.42616, 5.85612, 0.421469, 0.0227086, 0.998185, -0.0488068
5.42789, 5.8702, 0.422351, -0.0211004, -0.99844, 0.051244
5.42447, 5.85619, 0.4249, -0.0240168, -0.999111, 0.0336461
5.42318, 5.84025, 0.410455, 0.0293125, 0.99911, 0.0134261
5.42165, 5.84005, 0.420967, -0.0270129, -0.998746, 0.0384368
5.42201, 5.8657, 0.425115, 0.0223255, 0.999106, -0.0338488
5.42338, 5.83785, 0.420173, 0.0196377, 0.998665, -0.0421677
5.42238, 5.85713, 0.423453, -0.0371573, -0.997221, 0.0515612
5.42292, 5.84999, 0.426357, 0.0290514, 0.998657, -0.0370856
5.42186, 5.84064, 0.420889, 0.0255086, 0.999334, -0.0245917
5.42452, 5.85016, 0.422282, -0.0277326, -0.999555, 0.00126356
5.42364, 5.83983, 0.421777, -0.0272357, -0.999255, 0.0181991
5.42296, 5.8501, 0.427554, -0.026939, -0.998985, 0.0326929
5.42546, 5.85867, 0.423733, -0.0277142, -0.999447, 0.015289
5.42363, 5.85067, 0.422861, 0.0271227, 0.998839, -0.0327478
5.42592, 5.83555, 0.420513, -0.0286705, -0.99882, 0.0346122
5.42305, 5.86063, 0.422384, -0.0211932, -0.999395, 0.0242611
5.42079, 5.84019, 0.412528, 0.0323414, 0.999139, -0.0169187
5.4194, 5.83556, 0.423153, 0.0213888, 0.999236, -0.0105598
5.42178, 5.83886, 0.42847, -0.0255091, -0.999288, 0.0217368
5.4232, 5.85999, 0.423054, 0.0241082, 0.997975, -0.0501578
5.42788, 5.84342, 0.425869, 0.0298713, 0.999024, -0.0272517
5.42205, 5.83748, 0.416638, 0.0227773, 0.999345, -0.0183461
5.4208, 5.83992, 0.422664, 0.0252981, 0.999132, -0.0319408
5.42008, 5.8501, 0.422398, -0.0354893, -0.998535, 0.0386899
5.42398, 5.83953, 0.423043, 0.0193272, 0.998932, -0.031982
5.42307, 5.86663, 0.421817, -0.0363436, -0.998587, 0.0274142
5.42343, 5.8373, 0.420367, -0.0212362, -0.999117, 0.0327079
5.42347, 5.85098, 0.423031, -0.0137576, -0.998173, 0.0574638
5.42606, 5.85066, 0.420539, 0.0217216, 0.998112, -0.053276
5.42212, 5.83914, 0.420682, 0.0134666, 0.999342, -0.0290525
5.42102, 5.8407, 0.418532, -0.0313557, -0.999293, 0.0191439
5.41879, 5.85807, 0.4311, -0.014552, -0.9994, 0.0260865
5.42314, 5.8471, 0.418736, -0.0228788, -0.999523, 0.0189658
5.42331, 5.81684, 0.427376, -0.0129825, -0.998936, 0.0268663
5.42288, 5.84651, 0.422426, 0.0251209, 0.998811, -0.0314409
5.42362, 5.83909, 0.423507, 0.0299082, 0.999246, -0.0213868
5.42315, 5.8402, 0.4225, 0.016825, 0.999546, -0.00757278
5.42101, 5.86677, 0.418493, 0.0470656, 0.998275, -0.0282074
5.42176, 5.84815, 0.425467, 0.0317513, 0.998612, -0.0344458
5.42625, 5.84414, 0.417884, 0.0111708, 0.998377, -0.0482094
5.42131, 5.83867, 0.42208, 0.019144, 0.999534, -0.019269
5.41865, 5.8375, 0.423539, -0.0244476, -0.999425, 0.0188089
5.42047, 5.84239, 0.41893, 0.0415952, 0.998584, -0.01976
5.4218, 5.84, 0.424727, -0.025112, -0.999432, 0.0181773
5.42138, 5.85212, 0.417527, -0.0281387, -0.998221, 0.0421853
5.42257, 5.83878, 0.424028, 0.0186303, 0.99929, -0.0302055
5.42257, 5.85131, 0.424082, 0.0280061, 0.99934, -0.0210644
5.42145, 5.83714, 0.420376, -0.0210872, -0.99958, 0.0157963
5.42243, 5.83558, 0.421339, -0.0242791, -0.999273, 0.0255512
5.42158, 5.83892, 0.425113, -0.01922, -0.99915, 0.0336392
5.42023, 5.83927, 0.433467, -0.0163208, -0.998526, 0.048179
5.42041, 5.83591, 0.424524, -0.0188788, -0.999401, 0.0209047
5.42409, 5.84207, 0.423728, 0.0299856, 0.99816, -0.0520258
5.42328, 5.84736, 0.418179, 0.0249256, 0.999247, -0.0242168
5.42206, 5.83901, 0.417258, 0.0321348, 0.999364, -0.0111314
5.42438, 5.82873, 0.420057, -0.0232494, -0.99925, 0.0281994
5.42568, 5.85894, 0.420799, -0.0391119, -0.997662, 0.0522519
5.42105, 5.87925, 0.421814, 0.0270212, 0.996878, -0.0694939
5.42316, 5.85553, 0.418355, -0.0151159, -0.997197, 0.0663563
5.42312, 5.84185, 0.428214, 0.0175228, 0.998944, -0.0415858
5.42246, 5.83861, 0.419859, -0.0193204, -0.999603, 0.0190203
5.42375, 5.83868, 0.422684, -0.027049, -0.998235, 0.0469402
5.42322, 5.86036, 0.422414, -0.0194374, -0.999446, 0.0248611
5.42276, 5.84227, 0.425158, -0.0256263, -0.999235, 0.0267538
5.42087, 5.82083, 0.426206, -0.0264964, -0.99935, 0.0190232
5.42506, 5.86872, 0.4158, -0.00869004, -0.998022, 0.0588601
5.41589, 5.83912, 0.425679, 0.0256478, 0.998944, -0.0280922
5.42208, 5.83832, 0.421363, 0.0256727, 0.999628, -0.00581257
5.42077, 5.83678, 0.425078, -0.0237881, -0.999288, 0.024796
5.42056, 5.84164, 0.421991, 0.0184498, 0.999722, -0.013163
5.42608, 5.8557, 0.426215, 0.0262148, 0.997595, -0.0594863
5.42603, 5.83746, 0.419935, -0.01039, -0.999528, -0.00641138
5.42339, 5.8584, 0.425548, -0.0297278, -0.998622, 0.0411729
5.42066, 5.83776, 0.422741, -0.02017, -0.999289, 0.0300675
5.42185, 5.83933, 0.424551, -0.0226733, -0.999581, 0.0142994
5.42085, 5.83604, 0.424485, -0.0250956, -0.998414, 0.0372271
5.421, 5.86681, 0.420799, -0.025209, -0.99857, 0.0393702
5.42252, 5.83824, 0.425936, 0.0305911, 0.999034, -0.0305116
5.42145, 5.83767, 0.42704, 0.0235651, 0.999569, -0.0134951
5.4199, 5.83358, 0.431693, 0.0126882, 0.999482, -0.0277638
5.42131, 5.84236, 0.424576, 0.0288098, 0.999272, -0.0218465
5.42401, 5.84042, 0.419006, -0.0235887, -0.999559, 0.0171098
5.42311, 5.83887, 0.421769, -0.019569, -0.999493, 0.022912
5.42159, 5.8513, 0.419516, 0.0125597, 0.998893, -0.0329406
5.42656, 5.85539, 0.418766, -0.0244301, -0.999572, 0.01154
5.42448, 5.85007, 0.421668, -0.0389985, -0.998223, 0.0410437
5.42477, 5.85034, 0.421196, 0.0214773, 0.999491, -0.0107148
5.42318, 5.82487, 0.436217, 0.0228801, 0.998965, -0.0349973
5.42075, 5.84065, 0.419989, -0.0293125, -0.9992, 0.024164
5.42319, 5.85847, 0.418817, -0.0212537, -0.999585, 0.0187544
5.42204, 5.83776, 0.42297, 0.0308127, 0.999352, -0.0114635
5.42212, 5.83832, 0.420464, 0.0285061, 0.999204, -0.0220588
5.421, 5.83934, 0.422821, -0.0274498, -0.999429, 0.0192113
5.42439, 5.83973, 0.424297, -0.0248462, -0.999102, 0.0256654
5.41879, 5.83822, 0.424221, 0.0241153, 0.999414, -0.0236276
5.4222, 5.83901, 0.424302, 0.019256, 0.999356, -0.0275974
5.42402, 5.83934, 0.425442, -0.0267383, -0.99923, 0.0272689
5.42593, 5.84966, 0.42167, -0.0274019, -0.999301, 0.0174152
5.42384, 5.84114, 0.422547, 0.0283243, 0.99913, -0.0291625
5.42325, 5.83991, 0.418699, -0.0261642, -0.999386, 0.0193748
5.42231, 5.84254, 0.423552, 0.0231458, 0.999376, -0.0225669
5.42233, 5.83929, 0.427, -0.0204011, -0.999582, 0.0170966
5.42113, 5.83778, 0.427261, -0.0161238, -0.998471, 0.0474842
5.42227, 5.83739, 0.420984, 0.0290458, 0.999147, -0.0240442
5.41804, 5.84595, 0.428216, 0.020199, 0.998077, -0.0557514
5.42151, 5.84063, 0.424017, -0.0303988, -0.99833, 0.0405328
5.42328, 5.83905, 0.413617, 0.0283885, 0.998243, -0.0476318
5.42009, 5.85531, 0.427756, -0.0264497, -0.999066, 0.034026
5.41996, 5.8587, 0.429741, -0.0269763, -0.998954, 0.0347735
5.42274, 5.83934, 0.421403, 0.0255877, 0.999466, -0.0179866
5.42311, 5.86503, 0.418719, -0.0174655, -0.997806, 0.0571582
5.42496, 5.86741, 0.416397, 0.015, 0.998801, -0.043963
5.42278, 5.86687, 0.420088, 0.0314022, 0.998545, -0.039724
5.4285, 5.84766, 0.414255, 0.0210948, 0.99748, -0.065906
5.42079, 5.84474, 0.428051, 0.0298145, 0.998875, -0.029253
5.42161, 5.84813, 0.418489, -0.0283298, -0.999286, 0.0230547
5.42278, 5.84954, 0.419326, 0.0249119, 0.99893, -0.0276552
5.42398, 5.85698, 0.429446, 0.0294386, 0.997443, -0.0605459
5.42565, 5.84912, 0.420532, -0.0263307, -0.999334, 0.0174369
5.41887, 5.83781, 0.419848, 0.0363506, 0.998954, -0.0237369
5.42894, 5.86074, 0.41608, -0.00950878, -0.998543, 0.047175
5.42581, 5.84203, 0.42475, 0.0249611, 0.998807, -0.0377261
5.42408, 5.84017, 0.423003, 0.025809, 0.998607, -0.0431386
5.42447, 5.84249, 0.421571, 0.0135561, 0.999727, -0.0114984
5.42641, 5.83844, 0.429203, 0.0327115, 0.999164, -0.0185748
5.4232, 5.85739, 0.428297, 0.0344054, 0.998566, -0.0378898
5.42575, 5.84243, 0.416426, -0.0257399, -0.997705, 0.0551723
5.42197, 5.83906, 0.418771, -0.0228924, -0.999439, 0.0218325
5.42267, 5.85823, 0.422164, 0.0427261, 0.997845, -0.047649
5.42458, 5.84623, 0.420409, 0.0214964, 0.999048, -0.0351372
5.42111, 5.85709, 0.423641, -0.027763, -0.998632, 0.0409999
5.42551, 5.8506, 0.422225, -0.0203515, -0.998827, 0.0364816
5.42272, 5.84761, 0.426783, -0.0283623, -0.99927, 0.0240753
5.42359, 5.8427, 0.423539, -0.0273225, -0.998883, 0.0341587
5.42498, 5.84015, 0.425385, -0.0295577, -0.998446, 0.0426423
5.42398, 5.84096, 0.425683, -0.0191201, -0.999097, 0.036083
5.42073, 5.8263, 0.419636, 0.0168741, 0.999775, -0.0119456
5.42483, 5.83767, 0.418736, -0.0247996, -0.999067, 0.0102338
5.4253, 5.85137, 0.426816, -0.031731, -0.998407, 0.0394671
5.42367, 5.84628, 0.425298, 0.0320565, 0.998129, -0.0418996
5.42206, 5.85815, 0.425075, -0.0171908, -0.998688, 0.0386571
5.42192, 5.83849, 0.427036, 0.0298729, 0.998744, -0.0379974
5.42646, 5.84006, 0.419017, 0.0271745, 0.999191, -0.00229947
5.42391, 5.83545, 0.420897, -0.017995, -0.999635, 0.0186459
5.42177, 5.84648, 0.426114, -0.0214925, -0.998834, 0.0323031
5.4233, 5.83682, 0.426314, -0.0268513, -0.999194, 0.0223289
5.42249, 5.84857, 0.41865, 0.0278074, 0.998885, -0.0323398
5.4265, 5.86081, 0.420177, 0.0249726, 0.998003, -0.0519705
5.42107, 5.84008, 0.424865, -0.0289539, -0.998539, 0.0350151
5.42141, 5.84823, 0.423659, 0.0180199, 0.999748, -0.0120519
5.41963, 5.86726, 0.421784, 0.0247407, 0.999535, -0.014443
5.41699, 5.83615, 0.42603, -0.0159953, -0.999734, 0.0148475
5.42342, 5.85556, 0.425803, 0.0195414, 0.99957, -0.0154196
5.4194, 5.84819, 0.422882, 0.0218018, 0.999572, -0.0193811
5.42443, 5.84777, 0.423896, 0.0366554, 0.998507, -0.0202206
5.42451, 5.86602, 0.427289, 0.0284873, 0.997229, -0.0638801
5.42068, 5.84272, 0.41931, -0.0220175, -0.998913, 0.0330992
5.42513, 5.84923, 0.421083, 0.0260507, 0.998917, -0.0344738
5.4235, 5.84057, 0.424338, 0.0193204, 0.999641, -0.0137172
5.42159, 5.84736, 0.42477, -0.0266216, -0.99946, 0.0177066
5.41672, 5.83794, 0.424348, 0.0312677, 0.998672, -0.0354042
5.42537, 5.85519, 0.426659, 0.0090375, 0.998956, -0.0175014
5.42543, 5.83615, 0.427326, 0.0113842, 0.999014, -0.0374499
5.42081, 5.84229, 0.423014, -0.0278184, -0.999052, 0.030658
5.4259, 5.83905, 0.426738, 0.0328409, 0.999286, -0.0109377
5.42412, 5.85886, 0.423635, 0.0224479, 0.999007, -0.0353363
5.42796, 5.84898, 0.423642, -0.0280171, -0.999364, 0.0182461
5.42345, 5.82733, 0.422249, -0.0113112, -0.999159, 0.0369986
5.42124, 5.84618, 0.419624, -0.0225074, -0.999426, 0.0215734
5.42359, 5.84901, 0.425695, 0.0251201, 0.998995, -0.0340071
5.42395, 5.85065, 0.4229, -0.030905, -0.999161, 0.0251905
5.422, 5.8401, 0.425369, 0.0323774, 0.998934, -0.0303803
5.42435, 5.86527, 0.431438, 0.0293111, 0.999332, -0.0183026
5.42217, 5.83982, 0.426463, -0.0230335, -0.998884, 0.0332746
5.42173, 5.83634, 0.422951, 0.0244779, 0.999404, -0.020723
5.42377, 5.8415, 0.429475, -0.0281418, -0.999146, 0.0266127
5.42668, 5.86103, 0.422642, -0.0299641, -0.998391, 0.0455842
5.42344, 5.85787, 0.417383, 0.023878, 0.998761, -0.0386029
5.42454, 5.83951, 0.421979, -0.0141422, -0.999116, 0.0311001
5.42201, 5.8376, 0.422899, 0.0353364, 0.998874, -0.0271153
5.4203, 5.83936, 0.416429, 0.0155123, 0.999553, -0.0209435
5.42097, 5.84806, 0.422975, 0.0312277, 0.998493, -0.0338033
5.42026, 5.84056, 0.418571, -0.0329359, -0.999033, 0.0249114
5.42593, 5.87804, 0.424246, -0.0307859, -0.997568, 0.0590825
5.42553, 5.84058, 0.418765, 0.0268586, 0.998322, -0.0469513
5.42398, 5.8648, 0.417359, 0.0238057, 0.99961, -0.0120701
5.42201, 5.86627, 0.43236, 0.0224985, 0.996903, -0.0687059
5.42324, 5.83526, 0.434559, -0.0186866, -0.999657, 0.0153831
5.42418, 5.8372, 0.419537, -0.0238764, -0.999546, 0.0167188
5.42083, 5.84205, 0.420658, 0.0279818, 0.999246, -0.0212942
5.42584, 5.85039, 0.426088, -0.021846, -0.998976, 0.0384754
5.42381, 5.86717, 0.428121, 0.0272531, 0.999245, -0.0216457
5.42156, 5.84266, 0.426409, -0.0243699, -0.999179, 0.03169
5.42218, 5.84073, 0.432064, -0.0252663, -0.998375, 0.0505889
5.42213, 5.86469, 0.427901, 0.0218594, 0.999444, -0.0227866
5.42583, 5.84058, 0.423828, 0.026095, 0.99902, -0.0325124
5.42449, 5.83721, 0.42195, -0.0262102, -0.999423, 0.0202151
5.42303, 5.84148, 0.42111, 0.0233409, 0.999279, -0.0276747
5.42558, 5.83973, 0.425564, 0.0141194, 0.999619, -0.0188614
5.42186, 5.83762, 0.422568, 0.0230223, 0.999168, -0.0265651
5.42266, 5.83908, 0.422249, 0.0238104, 0.999533, -0.00950864
5.42427, 5.84081, 0.417595, 0.0209139, 0.998229, -0.0523274
5.42581, 5.85082, 0.419844, 0.0295847, 0.997843, -0.0531816
5.419, 5.85133, 0.420433, 0.0303287, 0.999163, -0.0231513
5.42013, 5.84762, 0.417943, -0.0270328, -0.998144, 0.0432021
5.42464, 5.83893, 0.422538, 0.0314427, 0.998791, -0.0300051
5.42364, 5.8422, 0.424651, -0.0215792, -0.999629, 0.0149618
5.42086, 5.83935, 0.430019, 0.0227957, 0.99938, -0.0251722
5.42403, 5.86965, 0.431053, 0.0179133, 0.999558, -0.0129536
5.42117, 5.8281, 0.425415, -0.0280458, -0.999381, 0.0172244
5.42385, 5.85672, 0.423728, 0.0272662, 0.999277, -0.0208683
5.42034, 5.83857, 0.42666, 0.00319044, 0.998814, -0.0413817
5.42317, 5.85131, 0.421612, 0.0235765, 0.998459, -0.0487095
5.42175, 5.83716, 0.418118, 0.0194346, 0.999387, -0.0281619
5.42307, 5.85113, 0.419447, 0.0170438, 0.999534, -0.0227483
5.42259, 5.83986, 0.427124, -0.0300487, -0.999221, 0.0219632
5.42144, 5.84266, 0.422126, 0.0219, 0.999426, -0.0230435
5.42195, 5.85208, 0.420616, -0.0237172, -0.999432, 0.0223007
5.42331, 5.85461, 0.426902, -0.0180512, -0.998955, 0.0345308
5.42306, 5.85848, 0.428424, -0.0284797, -0.99815, 0.0479956
5.42165, 5.86693, 0.422991, -0.0303569, -0.998095, 0.0490885
5.42035, 5.8478, 0.430152, 0.0315555, 0.997892, -0.0562048
5.42254, 5.84869, 0.428262, 0.0275953, 0.998769, -0.0374216
5.42428, 5.84779, 0.425457, 0.018677, 0.998501, -0.0385014
5.4271, 5.87138, 0.416698, 0.0316369, 0.99856, -0.0404544
5.42601, 5.87895, 0.422971, -0.0219933, -0.997107, 0.0723421
5.42461, 5.8583, 0.417982, -0.0238483, -0.99877, 0.0387597
5.42282, 5.84013, 0.422394, -0.0193582, -0.999647, 0.0114125
5.4261, 5.84838, 0.422528, 0.0268789, 0.998551, -0.00664563
5.4274, 5.83713, 0.422423, -0.0237166, -0.999652, 0.0101318
5.41975, 5.82911, 0.431512, -0.0220922, -0.999389, 0.0263721
5.42151, 5.83804, 0.417451, 0.0274061, 0.998614, -0.0397098
5.42616, 5.8404, 0.416443, -0.028815, -0.998977, 0.0282056
5.42278, 5.83904, 0.419583, -0.0226876, -0.999577, 0.0175444
5.4228, 5.84221, 0.419206, -0.0343436, -0.998285, 0.03699
5.42336, 5.85703, 0.420485, 0.0174265, 0.999155, -0.0287315
5.42431, 5.84002, 0.420286, 0.0227372, 0.999485, -0.0216565
5.42067, 5.87063, 0.429249, 0.0127998, 0.998849, -0.0422612
5.42331, 5.83962, 0.42492, -0.0256635, -0.999205, 0.026436
5.42458, 5.85153, 0.427261, -0.020029, -0.998945, 0.0361432
5.42077, 5.83989, 0.422033, -0.0201311, -0.998984, 0.0364248
5.42746, 5.8673, 0.427291, 0.0311271, 0.997578, -0.0584939
5.42122, 5.84922, 0.424907, 0.0211055, 0.998864, -0.0357599
5.42635, 5.84005, 0.424518, -0.0351866, -0.997472, 0.0582848
5.42424, 5.83567, 0.418048, -0.0188217, -0.998548, 0.044006
5.42495, 5.8465, 0.424701, 0.026368, 0.99856, -0.0409125
5.42019, 5.83012, 0.415613, -0.0240086, -0.999534, 0.0129389
5.42629, 5.85813, 0.423251, -0.0272882, -0.999534, 0.0118827
5.42069, 5.84906, 0.421661, -0.0187787, -0.99889, 0.0343409
5.42583, 5.83998, 0.424455, 0.0236371, 0.999637, -0.0113871
5.41898, 5.8598, 0.429047, -0.0457654, -0.997908, 0.0429607
5.42543, 5.85121, 0.424778, 0.0182908, 0.999672, -0.0106217
5.42252, 5.8468, 0.417009, 0.0177396, 0.999483, -0.000817814
5.42606, 5.86017, 0.427323, 0.0323138, 0.998566, -0.0348897
5.42443, 5.84919, 0.42661, 0.0306619, 0.999157, -0.0235102
5.42385, 5.85944, 0.426987, -0.0245219, -0.999334, 0.0228794
5.4232, 5.84003, 0.418365, -0.0225894, -0.999436, 0.0219802
5.42383, 5.85637, 0.418535, 0.0497363, 0.998456, -0.022167
5.42476, 5.83971, 0.420311, 0.0175295, 0.999257, -0.0118694
5.42139, 5.85584, 0.42371, 0.0274582, 0.998874, -0.0266087
5.42045, 5.8558, 0.425893, 0.0235875, 0.999383, -0.0201724
5.42116, 5.84141, 0.420331, -0.0240505, -0.999382, 0.0224434
5.42331, 5.86748, 0.424121, 0.020936, 0.99903, -0.032228
5.42154, 5.85851, 0.418982, -0.0192759, -0.999368, 0.0267108
5.41997, 5.82771, 0.425022, -0.0219392, -0.999481, 0.0198606
5.42454, 5.8188, 0.423306, -0.0118281, -0.998964, 0.0219634
5.42171, 5.85562, 0.424659, 0.0343429, 0.997852, -0.0494149
5.42137, 5.84652, 0.417626, -0.0042476, -0.998676, 0.0425484
5.42356, 5.86503, 0.429959, 0.036088, 0.998597, -0.0217222
5.42306, 5.83768, 0.424873, 0.0256818, 0.999453, -0.0183764
5.41803, 5.84812, 0.417133, -0.0381048, -0.998379, 0.0383289
5.41908, 5.84903, 0.424022, -0.0153398, -0.999281, 0.0330867
5.42468, 5.85971, 0.422824, -0.0207309, -0.998274, 0.0443057
5.41948, 5.85881, 0.428413, 0.0251826, 0.999091, -0.0297189
5.42424, 5.84008, 0.42204, -0.0160745, -0.99926, 0.0318237
5.42131, 5.83859, 0.427319, 0.0268252, 0.999032, -0.0283647
5.42367, 5.85209, 0.419614, 0.0144711, 0.998835, -0.0364538
5.42146, 5.86133, 0.424204, 0.0321295, 0.999055, -0.0270053
5.42491, 5.84967, 0.417681, 0.0329475, 0.999278, -0.0145423
5.4215, 5.84206, 0.421901, -0.0322761, -0.999218, 0.0196473
5.41778, 5.83901, 0.431309, -0.0193227, -0.999395, 0.0254367
5.42445, 5.85192, 0.420641, -0.0277284, -0.999519, 0.012483
5.42143, 5.85905, 0.419776, 0.0242362, 0.999442, -0.0145257
5.42476, 5.86787, 0.41863, 0.0189976, 0.99956, -0.0140621
5.4199, 5.83894, 0.417502, 0.0266873, 0.999388, -0.0219532
5.42135, 5.84672, 0.419135, -0.022557, -0.999403, 0.0197781
5.425, 5.84142, 0.427441, -0.0308213, -0.99899, 0.0290548
5.424, 5.84127, 0.421441, -0.0278457, -0.999237, 0.0239119
5.42011, 5.82027, 0.424821, 0.020681, 0.999494, -0.0175119
5.42037, 5.84896, 0.424084, -0.0306681, -0.998914, 0.0277221
5.42826, 5.84835, 0.422011, 0.0272398, 0.99885, -0.0358844
5.4224, 5.83644, 0.421843, -0.0253928, -0.999235, 0.0288861
5.42423, 5.84876, 0.428174, 0.022324, 0.997831, -0.059326
5.42579, 5.85021, 0.418908, -0.0326896, -0.999193, 0.0182331
5.42297, 5.84916, 0.41608, -0.0166514, -0.999794, 0.00729274
5.42347, 5.83715, 0.411332, 0.0167462, 0.99906, -0.0366403
5.42377, 5.84175, 0.424222, 0.035514, 0.998995, -0.023027
5.42333, 5.84972, 0.429571, -0.0324914, -0.99912, 0.0248856
5.41922, 5.8377, 0.428532, -0.023436, -0.999297, 0.021533
5.42114, 5.85662, 0.429923, 0.0256564, 0.997861, -0.0531945
5.42276, 5.8405, 0.42657, 0.020822, 0.999152, -0.0322134
5.42592, 5.84112, 0.424306, -0.0307904, -0.998767, 0.0341488
5.42072, 5.83976, 0.423334, 0.0151512, 0.998842, -0.03948
5.41989, 5.83925, 0.421618, -0.0315129, -0.999374, 0.0142148
5.42235, 5.84051, 0.429038, -0.0291498, -0.999373, 0.0198203
5.41993, 5.84231, 0.424889, 0.020156, 0.999413, -0.0230812
5.41973, 5.84891, 0.426681, -0.0200823, -0.999227, 0.0302932
5.4209, 5.85664, 0.422638, -0.0175893, -0.999725, 0.011565
5.42487, 5.85993, 0.421879, -0.0175895, -0.999653, 0.0190456
5.41721, 5.85842, 0.415066, -0.0161991, -0.999294, 0.0272991
5.42392, 5.84075, 0.423681, -0.027985, -0.999164, 0.0272623
5.42209, 5.85749, 0.422267, -0.0218373, -0.999323, 0.0280702
5.41711, 5.84148, 0.426503, 0.0173717, 0.999324, -0.0311802
5.4194, 5.84745, 0.424062, 0.0347745, 0.99891, -0.0283338
5.42557, 5.84114, 0.417858, 0.021977, 0.998982, -0.0351631
5.41966, 5.83619, 0.416262, 0.029891, 0.999402, -0.0149684
5.42154, 5.83946, 0.425573, -0.0207042, -0.999508, 0.0204488
5.42556, 5.85657, 0.428598, -0.0131857, -0.999036, 0.0387746
5.42059, 5.83615, 0.419531, 0.0230474, 0.999476, -0.0214943
5.42431, 5.85859, 0.422817, 0.0256595, 0.998052, -0.0553652
5.42338, 5.84073, 0.420955, -0.0290597, -0.998859, 0.0371083
5.42647, 5.84418, 0.421251, 0.0106485, 0.999525, -0.0274008
5.42243, 5.8281, 0.428322, -0.0204499, -0.999496, 0.0145173
5.4134, 5.83499, 0.428965, -0.0129405, -0.999729, 0.0112604
5.42017, 5.82119, 0.423636, -0.0178004, -0.999644, 0.0179445
5.42267, 5.83789, 0.422905, -0.0154762, -0.999722, 0.0162528
5.42563, 5.84086, 0.424089, 0.0211263, 0.999319, -0.0225364
5.41791, 5.8372, 0.427328, -0.0168704, -0.999105, 0.0347705
5.42107, 5.86531, 0.424929, -0.0207103, -0.99779, 0.0580229
5.42463, 5.83756, 0.426807, -0.0304734, -0.999266, 0.0213746
5.41872, 5.84811, 0.425881, -0.0246507, -0.998928, 0.0211314
5.42296, 5.83795, 0.424121, 0.0244697, 0.999122, -0.0314364
5.42045, 5.85932, 0.422871, -0.0216843, -0.999277, 0.0301274
5.42341, 5.81968, 0.419639, 0.0115896, 0.999241, -0.0334465
5.42359, 5.83723, 0.426433, 0.0313787, 0.998704, -0.0389297
5.42175, 5.84015, 0.41948, 0.015902, 0.999103, -0.032317
5.42213, 5.84863, 0.424694, 0.0264669, 0.999329, -0.0216306
5.4199, 5.85216, 0.428524, 0.0112051, 0.999016, -0.0400736
5.4244, 5.83745, 0.417686, 0.0262316, 0.999317, -0.0218459
5.42454, 5.84971, 0.418701, 0.0263434, 0.999431, -0.0203174
5.42087, 5.83789, 0.4202, -0.0160334, -0.999564, 0.0199361
5.42302, 5.84045, 0.419685, 0.0199641, 0.999561, -0.0196735
5.42355, 5.83909, 0.424451, 0.0258691, 0.998428, -0.0381224
5.4247, 5.83658, 0.427848, 0.0292327, 0.9993, -0.0227886
5.42448, 5.83699, 0.417658, -0.0362777, -0.998585, 0.0376655
5.42274, 5.84052, 0.423863, 0.0219973, 0.999511, -0.0211726
5.42317, 5.86799, 0.42433, 0.0333507, 0.99873, -0.0354701
5.42328, 5.83952, 0.417457, 0.0214402, 0.999561, -0.0186243
5.42411, 5.83868, 0.420956, -0.0239715, -0.999461, 0.0200047
5.42475, 5.85783, 0.428183, 0.032029, 0.998925, -0.0325426
5.4246, 5.84174, 0.41958, 0.0433553, 0.998785, -0.0172812
5.42159, 5.8484, 0.43509, 0.0244682, 0.998231, -0.0511754
5.41842, 5.84945, 0.422677, -0.0213458, -0.999278, 0.0289819
5.42366, 5.84021, 0.418859, 0.0181948, 0.999653, -0.0150462
5.42123, 5.84291, 0.425219, -0.0345759, -0.998374, 0.0378659
5.42412, 5.84009, 0.425163, -0.019061, -0.999516, 0.021958
5.42635, 5.83955, 0.423296, 0.0366498, 0.99904, -0.0155484
5.42245, 5.8592, 0.429923, -0.0206804, -0.998658, 0.0398035
5.4242, 5.83619, 0.418628, -0.0338854, -0.998237, 0.0386943
5.42065, 5.8295, 0.4207, 0.010371, 0.999271, -0.00988809
5.42572, 5.84702, 0.421967, -0.0265955, -0.998031, 0.0523211
5.42058, 5.84859, 0.432084, 0.0265184, 0.999102, -0.0276253
5.42248, 5.83995, 0.420105, -0.0186072, -0.999635, 0.0184093
5.42218, 5.8383, 0.419126, 0.023213, 0.999255, -0.0246053
5.42443, 5.83688, 0.419303, 0.0244852, 0.999363, -0.0215994
5.42184, 5.83684, 0.420022, 0.0221127, 0.999237, -0.0313388
5.42403, 5.809, 0.418948, -0.0195266, -0.999522, -0.0101895
5.42653, 5.84966, 0.430486, 0.0240884, 0.999045, -0.0327115
5.42522, 5.86663, 0.426164, 0.0238337, 0.99845, -0.0470017
5.42383, 5.85108, 0.426917, 0.0274593, 0.998851, -0.0366851
5.42433, 5.83705, 0.427648, 0.00898183, 0.998269, -0.0461351
5.42384, 5.85113, 0.426666, 0.0110403, 0.999704, -0.0178451
5.42449, 5.86049, 0.426632, -0.0477667, -0.996022, 0.0570554
5.42253, 5.84586, 0.419513, -0.0373141, -0.998484, 0.0395097
5.4183, 5.83551, 0.423977, -0.0218749, -0.99963, 0.0108337
5.42286, 5.84139, 0.416756, -0.0244045, -0.999558, 0.0153811
5.42141, 5.86043, 0.421138, 0.0434029, 0.997468, -0.0471321
5.4234, 5.83849, 0.428175, 0.0285616, 0.999456, -0.0153517
5.42579, 5.85912, 0.422649, -0.0142061, -0.999149, 0.0344144
5.42599, 5.83989, 0.427474, -0.0166487, -0.999251, 0.0323905
5.42403, 5.86027, 0.41794, -0.0187283, -0.998874, 0.0397337
5.42234, 5.85783, 0.42294, 0.023917, 0.999432, -0.0222013
5.41985, 5.83807, 0.421628, 0.0222077, 0.99937, -0.0233852
5.42037, 5.84133, 0.424772, -0.0264124, -0.999232, 0.0266642
5.42242, 5.84155, 0.419738, -0.0190465, -0.999531, 0.0118613
5.41945, 5.82588, 0.425552, -0.0400599, -0.998203, 0.0376471
5.42076, 5.84872, 0.425107, -0.0201265, -0.999432, 0.0265908
5.42287, 5.84055, 0.42808, 0.0184106, 0.999262, -0.0263695
5.41846, 5.85717, 0.415904, 0.0241005, 0.998844, -0.0317165
5.42048, 5.83915, 0.425192, 0.0297729, 0.999195, -0.0189768
5.42216, 5.82724, 0.426215, -0.020677, -0.999083, 0.0223437
5.42329, 5.83654, 0.426254, 0.0278791, 0.999549, -0.00983918
5.42341, 5.84029, 0.425479, 0.0142502, 0.999358, -0.0259957
5.42007, 5.85939, 0.427738, -0.0359681, -0.998319, 0.0378338
5.42238, 5.841, 0.417457, 0.0296204, 0.999437, -0.0121709
5.41932, 5.83747, 0.427003, 0.0259866, 0.999241, -0.0289546
5.42253, 5.83721, 0.41426, 0.017768, 0.99948, 0.0141516
5.42029, 5.83929, 0.416422, 0.0252177, 0.999553, -0.0143325
5.42385, 5.84696, 0.423303, -0.0310114, -0.998458, 0.0362281
5.4236, 5.83714, 0.421665, 0.0256085, 0.999582, -0.0118877
5.42095, 5.84787, 0.429857, 0.0328275, 0.998518, -0.0413204
5.42097, 5.83854, 0.419489, -0.0252108, -0.999391, 0.0228819
5.42147, 5.85646, 0.423381, 0.0264834, 0.999126, -0.030433
5.42133, 5.83714, 0.4197, 0.0253163, 0.999505, -0.0146812
5.4243, 5.83856, 0.417077, 0.0352754, 0.99901, -0.0222695
5.42167, 5.82829, 0.422226, -0.0249167, -0.99946, -0.00746548
5.42153, 5.85737, 0.420278, 0.0300437, 0.999202, -0.0130392
5.41914, 5.84478, 0.42898, -0.0230372, -0.999141, 0.0294797
5.42169, 5.83743, 0.4218, -0.0247007, -0.999017, 0.0289375
5.41715, 5.83761, 0.424784, -0.0224027, -0.999499, 0.0168045
5.42266, 5.83654, 0.42051, 0.019428, 0.99964, -0.0132422
5.42638, 5.85013, 0.419609, -0.0226002, -0.999299, 0.0263188
5.42505, 5.83993, 0.41997, -0.0264477, -0.999196, 0.0292533
5.42209, 5.83786, 0.421489, -0.0152831, -0.998306, 0.0437514
5.42062, 5.84898, 0.429815, 0.0266624, 0.999056, -0.0243849
5.42125, 5.85653, 0.423408, 0.0106451, 0.999548, -0.00937001
5.42474, 5.85003, 0.420568, -0.0271145, -0.999348, 0.018641
5.41956, 5.85675, 0.423661, 0.0209321, 0.999529, -0.0217136
5.42329, 5.84047, 0.422666, -0.0274729, -0.999156, 0.0248045
5.42375, 5.84758, 0.424629, 0.0354998, 0.998591, -0.0349434
5.42498, 5.84202, 0.422481, -0.017535, -0.99923, 0.028752
5.42267, 5.84068, 0.426982, 0.0367031, 0.998527, -0.0397563
5.42261, 5.83956, 0.425881, -0.0299267, -0.998984, 0.0323674
5.42374, 5.85622, 0.430622, 0.0144957, 0.998032, -0.0549434
5.42132, 5.84655, 0.421604, 0.0280889, 0.999413, -0.00694118
5.4263, 5.84043, 0.420403, 0.0202561, 0.999474, -0.0242956
5.4232, 5.84051, 0.426796, -0.0312258, -0.997271, 0.0630717
5.42107, 5.84119, 0.423239, 0.0244266, 0.998876, -0.0340223
5.42047, 5.83397, 0.424768, -0.0223974, -0.999678, 0.00931991
5.41956, 5.83756, 0.42736, 0.0264833, 0.999443, -0.0191462
5.42266, 5.83937, 0.423363, -0.0170258, -0.998925, 0.0375155
5.42059, 5.84115, 0.427737, -0.0263586, -0.998749, 0.0408263
5.42423, 5.84146, 0.417393, -0.0270528, -0.999455, 0.013978
5.42016, 5.83925, 0.423758, 0.019129, 0.999429, -0.02554
5.42192, 5.85833, 0.429536, -0.0361738, -0.998242, 0.0413623
5.42395, 5.83925, 0.426036, -0.0286761, -0.998649, 0.0324311
5.42289, 5.84058, 0.423707, -0.00620101, -0.999329, 0.0336504
5.42268, 5.83847, 0.417508, -0.027365, -0.999386, 0.0214426
5.42314, 5.84704, 0.42286, -0.018552, -0.998979, 0.0373018
5.42539, 5.84049, 0.427696, 0.0280045, 0.997799, -0.0584227
5.42398, 5.83868, 0.427767, 0.0252424, 0.99901, -0.0282106
5.42117, 5.83802, 0.429047, 0.0235355, 0.999012, -0.0325256
5.41892, 5.83921, 0.422453, 0.0290752, 0.999241, -0.0248336
5.42268, 5.83722, 0.429689, 0.0197567, 0.999654, -0.0122007
5.42223, 5.83641, 0.430255, 0.0357132, 0.998159, -0.0402962
5.42175, 5.85075, 0.426606, -0.0267116, -0.999197, 0.0270239
5.42479, 5.84106, 0.421519, -0.0150547, -0.998587, 0.0381715
5.42089, 5.85697, 0.427333, -0.0303162, -0.998964, 0.030565
5.42541, 5.83996, 0.414669, 0.012078, 0.999112, -0.0322944
5.42612, 5.85086, 0.419804, -0.0113445, -0.999382, 0.029572
5.42058, 5.85901, 0.422163, -0.0211407, -0.998919, 0.0371999
5.42547, 5.84615, 0.420048, -0.0326545, -0.997635, 0.056916
5.42264, 5.83896, 0.422835, 0.0336558, 0.998712, -0.0360343
5.42361, 5.82722, 0.423204, -0.0220389, -0.999535, 0.0153802
5.42153, 5.83803, 0.414966, 0.0336569, 0.998989, -0.0257109
5.41822, 5.83764, 0.422786, -0.0208549, -0.999516, 0.0217555
5.42172, 5.84709, 0.417423, -0.0230638, -0.999598, 0.014007
5.42213, 5.85068, 0.425611, -0.0238227, -0.999026, 0.0278729
5.42091, 5.8396, 0.432009, -0.0329855, -0.99895, 0.0301634
5.42188, 5.83721, 0.427441, -0.025301, -0.999294, 0.0232113
5.42088, 5.83996, 0.423274, -0.0259332, -0.999034, 0.0332163
5.42353, 5.84849, 0.42132, 0.0156444, 0.999725, -0.0167428
5.42726, 5.83956, 0.423681, 0.0227022, 0.998998, -0.0312412
5.41956, 5.84937, 0.430061, -0.0273403, -0.999129, 0.0297168
5.42489, 5.85613, 0.421289, -0.0227527, -0.999518, 0.0186606
5.425, 5.83992, 0.419261, 0.0171763, 0.999717, -0.0144963
5.42351, 5.83742, 0.427595, -0.0158172, -0.999588, 0.0212135
5.42023, 5.84257, 0.42414, 0.0248504, 0.999358, -0.0233834
5.42545, 5.81843, 0.425033, 0.0444017, 0.998158, -0.0280429
5.42183, 5.83711, 0.422335, -0.0205854, -0.999138, 0.0223368
5.42027, 5.84959, 0.426096, 0.0181686, 0.999162, -0.0354441
5.42175, 5.85042, 0.430557, 0.0178927, 0.99908, -0.0304536
5.42341, 5.84812, 0.422103, -0.0265926, -0.998778, 0.0377732
5.41566, 5.84819, 0.428713, -0.0249787, -0.99929, 0.0268862
5.42096, 5.83929, 0.422575, 0.0265817, 0.999335, -0.0229702
5.42437, 5.86958, 0.423958, -0.0185215, -0.999713, 0.0141145
5.42548, 5.84815, 0.429583, 0.0250003, 0.999354, -0.0200882
5.42464, 5.83961, 0.426471, 0.021516, 0.998508, -0.0432696
5.42359, 5.84102, 0.426353, -0.0220534, -0.999651, 0.0120219
5.42471, 5.84103, 0.422145, 0.0252573, 0.999202, -0.0286641
5.42296, 5.84068, 0.424038, -0.0251013, -0.999175, 0.0317566
5.42421, 5.86903, 0.421517, -0.00668813, -0.998553, 0.0461364
5.42128, 5.82007, 0.42319, -0.0208509, -0.999597, 0.00572166
5.42643, 5.83715, 0.416443, -0.0374187, -0.998501, 0.0304832
5.42034, 5.83537, 0.415848, 0.0174241, 0.999416, -0.00586278
5.42323, 5.84532, 0.419326, 0.0329947, 0.999338, -0.0142146
5.42273, 5.81672, 0.418138, 0.0211637, 0.999691, -0.00386811
5.42295, 5.84672, 0.424804, 0.0301428, 0.998415, -0.0441277
5.42246, 5.83683, 0.420174, 0.0317386, 0.998795, -0.0336976
5.42052, 5.86972, 0.422704, -0.0183129, -0.999444, 0.022757
5.4223, 5.83773, 0.427469, -0.0271287, -0.999339, 0.0127727
5.42326, 5.85866, 0.422747, 0.0329938, 0.998635, -0.0391796
5.42272, 5.86158, 0.423597, 0.0336962, 0.99857, -0.0384834
5.42275, 5.82034, 0.421328, -0.0367617, -0.998297, 0.0335909
5.42143, 5.82282, 0.425099, 0.0423591, 0.99805, -0.0301918
5.42244, 5.85702, 0.428042, -0.0320544, -0.99757, 0.0533391
5.42539, 5.83979, 0.424156, 0.0264264, 0.999346, -0.0241685
5.42318, 5.83789, 0.422078, 0.0152697, 0.999258, -0.0215157
5.42136, 5.85974, 0.425979, 0.0324675, 0.998249, -0.0424797
5.41943, 5.83438, 0.433121, 0.0287724, 0.999391, -0.0134446
5.42332, 5.84169, 0.42565, 0.0171894, 0.999152, -0.0298485
5.42218, 5.85841, 0.422428, -0.0190976, -0.998986, 0.0385516
5.41967, 5.80805, 0.429514, 0.016144, 0.998452, -5.69608e-05
5.42202, 5.86001, 0.423478, -0.0190629, -0.998482, 0.05035
5.42194, 5.83808, 0.421735, -0.0257476, -0.999305, 0.00290807
5.42271, 5.84754, 0.42064, 0.0232761, 0.998073, -0.0405543
5.42358, 5.84182, 0.423325, 0.0246622, 0.999559, -0.0108021
5.42374, 5.82864, 0.41836, -0.0270333, -0.999533, 0.0112096
5.42346, 5.83648, 0.425525, 0.0170396, 0.999629, -0.02033
5.42606, 5.83959, 0.417082, -0.0167272, -0.999513, 0.018076
5.42224, 5.84252, 0.420925, -0.0240524, -0.998532, 0.0423978
5.42046, 5.83513, 0.42458, -0.0278594, -0.999336, 0.0178972
5.42059, 5.83628, 0.425816, 0.0279024, 0.99926, -0.0219675
5.4268, 5.84055, 0.420389, 0.0231295, 0.999542, -0.0184089
5.42037, 5.84575, 0.419304, 0.019793, 0.999307, -0.0275092
5.4241, 5.85852, 0.42033, -0.0175503, -0.999196, 0.0337005
5.41799, 5.82922, 0.429852, -0.0161268, -0.999681, 0.0161215
5.42344, 5.83694, 0.424774, -0.0357862, -0.998489, 0.0335948
5.42531, 5.83937, 0.423608, -0.0207867, -0.998697, 0.0403525
5.42144, 5.87044, 0.420808, -0.0204922, -0.999269, 0.0277956
5.42044, 5.83697, 0.420526, 0.0174276, 0.999678, -0.0110627
5.42493, 5.85856, 0.415607, 0.0222177, 0.999373, -0.0177131
5.42409, 5.86927, 0.423543, 0.0185279, 0.999582, -0.0185069
5.41918, 5.84147, 0.421074, -0.031069, -0.999115, 0.0278479
5.42124, 5.85685, 0.426229, -0.0204337, -0.999052, 0.0368169
5.4238, 5.83915, 0.420674, 0.0299884, 0.99947, -0.00142905
5.41837, 5.81923, 0.426293, -0.0154518, -0.999564, 0.0206403
5.42502, 5.84919, 0.421342, -0.0261847, -0.999417, 0.0188248
5.42284, 5.83037, 0.420258, 0.0222201, 0.999431, -0.0231134
5.42178, 5.83937, 0.417152, -0.0169948, -0.998639, 0.0403187
5.42062, 5.85018, 0.424041, -0.0171387, -0.999138, 0.0352864
5.42264, 5.84004, 0.419573, -0.0235631, -0.999585, 0.0163399
5.41709, 5.83966, 0.43195, -0.0202232, -0.998984, 0.0388913
5.41884, 5.8385, 0.418707, -0.014889, -0.999386, 0.03003
5.42406, 5.8479, 0.425236, 0.0361871, 0.998765, -0.0282109
5.42252, 5.83021, 0.417803, -0.031283, -0.999463, 0.00893207
5.42056, 5.83813, 0.424803, -0.0284117, -0.999414, 0.0154225
5.42417, 5.84033, 0.419975, 0.0306078, 0.999256, -0.0219527
5.42062, 5.847, 0.419672, 0.0255667, 0.999393, -0.0177559
5.42379, 5.84957, 0.426871, 0.0223969, 0.999469, -0.0170338
5.42434, 5.85649, 0.426571, 0.0142258, 0.997746, -0.0588626
5.42458, 5.83848, 0.424786, -0.0222489, -0.999177, 0.0275292
5.42206, 5.8418, 0.420829, -0.022801, -0.99953, 0.0189763
5.42429, 5.84189, 0.423518, -0.0174586, -0.999556, 0.0211507
5.42359, 5.8496, 0.420153, -0.0226908, -0.998876, 0.030104
5.41886, 5.83727, 0.42822, 0.0176759, 0.99947, -0.0253381
5.42474, 5.84134, 0.424785, -0.0398764, -0.998157, 0.0446149
5.42325, 5.84301, 0.42452, 0.0242486, 0.998614, -0.0429668
5.42239, 5.83815, 0.424213, -0.0301905, -0.999025, 0.0308678
5.42424, 5.83936, 0.425852, -0.0226182, -0.999519, 0.0169169
5.42547, 5.8577, 0.419088, 0.0165521, 0.998534, -0.0480843
5.42446, 5.84956, 0.420979, -0.0235256, -0.998754, 0.0244268
5.42074, 5.84729, 0.419174, -0.0225918, -0.998759, 0.0277008
5.42429, 5.84271, 0.422614, 0.0270791, 0.999455, -0.0181769
5.42494, 5.84026, 0.425792, -0.023922, -0.999288, 0.0273166
5.42212, 5.84074, 0.425625, 0.0310164, 0.999218, -0.0232794
5.42277, 5.8394, 0.425255, -0.0201028, -0.999452, 0.0253868
5.42521, 5.85078, 0.421883, -0.0217006, -0.999016, 0.0322539
5.42359, 5.84067, 0.424635, 0.0268486, 0.999352, -0.0188004
5.42181, 5.85939, 0.42529, -0.0309798, -0.998784, 0.0316195
5.42521, 5.84199, 0.428825, 0.0186851, 0.999671, -0.0144656
5.4267, 5.86157, 0.425945, 0.0253181, 0.998943, -0.0368104
5.4256, 5.8467, 0.418908, 0.0109044, 0.999641, -0.0201093
5.42247, 5.85719, 0.423946, -0.0241513, -0.998534, 0.0425286
5.42548, 5.84746, 0.425372, -0.0318011, -0.998806, 0.0296464
5.42187, 5.85228, 0.424212, -0.0257895, -0.998634, 0.0343339
5.42331, 5.83817, 0.421654, 0.0160054, 0.999627, -0.0207203
5.42093, 5.83644, 0.421241, -0.0232794, -0.999379, 0.0247988
5.42721, 5.85073, 0.422764, -0.0177832, -0.999491, 0.0223775
5.42486, 5.85867, 0.419732, 0.023226, 0.999479, -0.01517
5.42121, 5.87541, 0.4225, 0.0274012, 0.99885, -0.036739
5.42118, 5.83835, 0.426067, 0.0178469, 0.999571, -0.0162276
5.41913, 5.85614, 0.424041, 0.0329517, 0.998778, -0.031019
5.42291, 5.84129, 0.421934, -0.0236146, -0.999347, 0.023051
5.42195, 5.83989, 0.422024, -0.026434, -0.999307, -0.00376319
5.42527, 5.86623, 0.422789, -0.0310426, -0.99926, 0.0155364
5.42167, 5.83759, 0.424904, -0.0247177, -0.999473, 0.0193627
5.42577, 5.8389, 0.425006, 0.0234024, 0.999519, -0.0177473
5.42302, 5.83855, 0.424887, -0.0227229, -0.999517, 0.0208043
5.42362, 5.84025, 0.423082, -0.0231187, -0.999144, 0.0249075
5.42356, 5.8604, 0.430201, -0.0311239, -0.998984, 0.0285601
5.42314, 5.83923, 0.428026, 0.0234475, 0.999282, -0.0257662
5.42417, 5.83829, 0.417895, -0.0254345, -0.999586, 0.0112706
5.42339, 5.85003, 0.420665, 0.0186536, 0.998453, -0.0449946
5.42059, 5.84135, 0.425729, 0.0347296, 0.998109, -0.0459287
5.42312, 5.85071, 0.428065, 0.0243928, 0.999413, -0.0187491
5.42218, 5.84795, 0.417576, 0.0318038, 0.999468, -0.00476407
5.42333, 5.84113, 0.424617, -0.0177933, -0.999354, 0.0288591
5.42133, 5.83826, 0.42502, 0.0343328, 0.998617, -0.0328184
5.42594, 5.83923, 0.425855, 0.0177966, 0.998762, -0.036136
5.42299, 5.84475, 0.42881, 0.016283, 0.99941, -0.027524
5.4254, 5.85799, 0.41567, 0.0291872, 0.999326, -0.0184866
5.4237, 5.84817, 0.42713, 0.00671392, 0.999371, -0.0342438
5.42333, 5.84896, 0.419889, 0.0184954, 0.998976, -0.0336768
5.42417, 5.83764, 0.431121, -0.0242222, -0.999551, 0.0139121
5.42908, 5.8483, 0.423761, 0.0211508, 0.999446, -0.0220797
5.41971, 5.83004, 0.425003, 0.0214982, 0.999392, -0.0259706
5.42409, 5.83849, 0.431985, 0.0322585, 0.998075, -0.0467334
5.42435, 5.84771, 0.422606, 0.0237746, 0.998955, -0.0282739
5.42674, 5.83989, 0.41531, -0.0121584, -0.999544, 0.017317
5.4236, 5.84053, 0.423338, -0.0289911, -0.998444, 0.04228
5.42367, 5.81864, 0.427283, -0.0187106, -0.999733, 0.00966018
5.4227, 5.83863, 0.429412, -0.0257664, -0.99891, 0.0310852
5.42365, 5.86411, 0.427212, -0.0216557, -0.997481, 0.0601766
5.42268, 5.83991, 0.430119, -0.0300851, -0.999165, 0.0263807
5.42293, 5.86014, 0.421045, 0.02352, 0.999209, -0.0306511
5.4258, 5.85867, 0.422609, 0.0231703, 0.999449, -0.0235023
5.42625, 5.86527, 0.424158, 0.02083, 0.998911, -0.039711
5.42419, 5.8409, 0.424264, -0.0323344, -0.998207, 0.0479252
5.42129, 5.8297, 0.423945, 0.022111, 0.9993, -0.0250739
5.42198, 5.84226, 0.424128, -0.0234342, -0.999321, 0.0243141
5.41931, 5.85064, 0.42493, -0.0323781, -0.998499, 0.0429985
5.41931, 5.84087, 0.420529, 0.0139969, 0.999459, -0.0291011
5.42262, 5.84005, 0.424267, 0.0245379, 0.999499, -0.0186472
5.41847, 5.8459, 0.427116, 0.0235528, 0.999161, -0.0205846
5.42236, 5.83662, 0.425128, 0.0211425, 0.999501, -0.0203942
5.42146, 5.84982, 0.418912, -0.0198376, -0.999221, 0.0281097
5.41603, 5.83744, 0.430235, 0.0204803, 0.999596, -0.0194031
5.42635, 5.85932, 0.425964, 0.0217221, 0.99924, -0.0301951
5.42567, 5.84184, 0.42456, 0.0307124, 0.998937, -0.0281198
5.42785, 5.83979, 0.416446, -0.0225817, -0.999293, 0.0256898
5.41783, 5.8498, 0.425518, 0.0206858, 0.999227, -0.0321256
5.41962, 5.85166, 0.423818, -0.0260265, -0.998984, 0.0335447
5.42094, 5.84007, 0.428387, 0.0320206, 0.999178, -0.0221113
5.42421, 5.86791, 0.42739, 0.0265982, 0.998896, -0.0293597
5.42378, 5.84078, 0.428113, -0.0269953, -0.999384, 0.0192183
5.42555, 5.8375, 0.418347, 0.0290941, 0.999399, -0.0130148
5.42057, 5.83677, 0.428586, -0.0276135, -0.999248, 0.0157588
5.42394, 5.85706, 0.424957, -0.0141999, -0.999603, 0.0221516
5.42417, 5.83964, 0.418613, -0.0286038, -0.999317, 0.0229269
5.42052, 5.83789, 0.424357, 0.0285403, 0.999342, -0.0199846
5.4236, 5.82845, 0.424884, -0.0158836, -0.999574, 0.0236752
5.42182, 5.8377, 0.415645, -0.0206712, -0.999332, 0.0295439
5.42163, 5.86173, 0.420463, 0.026257, 0.99947, -0.00692382
5.42414, 5.85913, 0.421181, -0.0274995, -0.999502, 0.0110132
5.42668, 5.83957, 0.415254, -0.0166175, -0.99807, 0.0549177
5.42268, 5.84221, 0.413658, -0.0255295, -0.998472, 0.0356853
5.42096, 5.83831, 0.420423, 0.0189868, 0.999422, -0.0272041
5.42175, 5.84013, 0.423155, -0.0333583, -0.999177, 0.020278
5.42463, 5.85013, 0.424836, 0.0264847, 0.999535, -0.00924602
5.42073, 5.83897, 0.426005, 0.0280209, 0.999406, -0.0179201
5.42154, 5.84943, 0.427865, -0.0324764, -0.998127, 0.0456151
5.42357, 5.84109, 0.423562, 0.0213656, 0.99947, -0.019755
5.42306, 5.848, 0.430652, -0.0248374, -0.999301, 0.0242186
5.42255, 5.84997, 0.421589, -0.016765, -0.999611, 0.013121
5.42003, 5.86587, 0.419275, 0.0133469, 0.997637, -0.0633347
5.42288, 5.85118, 0.427743, 0.0248013, 0.999447, -0.020541
5.41829, 5.83962, 0.422146, 0.0275193, 0.999523, -0.00864611
5.42181, 5.84115, 0.421874, -0.0240922, -0.999448, 0.0213513
5.42024, 5.85055, 0.419939, 0.0230327, 0.999411, -0.0204993
5.41946, 5.8378, 0.425678, 0.024709, 0.999251, -0.021048
5.42261, 5.83943, 0.42285, 0.0225818, 0.999204, -0.0323636
5.42453, 5.83978, 0.427935, 0.0276354, 0.999442, -0.0170664
5.42353, 5.85897, 0.422344, -0.0248791, -0.998004, 0.0374769
5.42112, 5.86806, 0.424864, -0.0279957, -0.998856, 0.034292
5.42212, 5.85741, 0.422316, -0.0263963, -0.999107, 0.0236889
5.42333, 5.84025, 0.415872, 0.0244371, 0.998481, -0.0225265
5.41572, 5.8367, 0.424323, 0.0356206, 0.998872, -0.028425
5.42244, 5.8575, 0.418892, 0.0212745, 0.999254, -0.0290543
5.42187, 5.84904, 0.428155, -0.0204662, -0.999372, 0.0262745
5.42346, 5.84282, 0.415716, 0.025459, 0.999034, -0.0231391
5.42563, 5.84023, 0.423733, 0.0281671, 0.999326, -0.0169757
5.425, 5.84126, 0.424157, 0.0214553, 0.999609, -0.00168627
5.42148, 5.85515, 0.42372, -0.025568, -0.998623, 0.0381932
5.42072, 5.85765, 0.430755, 0.0353417, 0.998031, -0.0470724
5.42381, 5.84066, 0.417555, -0.028271, -0.999148, 0.0140426
5.42693, 5.86734, 0.423387, 0.025432, 0.999492, -0.0163643
5.41973, 5.85795, 0.42995, -0.0308755, -0.99767, 0.0528966
5.42739, 5.8367, 0.427241, -0.0273267, -0.999347, 0.0197142
5.4243, 5.85675, 0.424925, 0.029473, 0.998541, -0.043358
5.4242, 5.85027, 0.422697, 0.0265224, 0.999166, -0.0214027
5.42815, 5.83903, 0.423553, -0.022502, -0.999385, 0.0259132
5.4235, 5.86617, 0.424865, 0.0321308, 0.99848, -0.0412916
5.42112, 5.84648, 0.417223, -0.0303104, -0.998727, 0.0343083
5.4238, 5.83849, 0.426257, -0.0273601, -0.99923, 0.0268481
5.42328, 5.83705, 0.426344, -0.0240239, -0.999606, 0.0113641
5.42287, 5.81995, 0.418981, 0.0239502, 0.999418, 0.00981877
5.41978, 5.83659, 0.430183, 0.0235304, 0.999053, -0.0341441
5.42254, 5.85786, 0.424828, -0.0289225, -0.998278, 0.0478552
5.42492, 5.87793, 0.420706, -0.0182968, -0.999285, 0.0325102
5.41851, 5.83786, 0.422785, -0.0255913, -0.99952, 0.0153599
5.42471, 5.85028, 0.422727, -0.0291969, -0.998836, 0.0326101
5.42208, 5.86112, 0.427063, -0.0249152, -0.997448, 0.0613282
5.42442, 5.83887, 0.421388, 0.0106958, 0.998611, -0.0366327
5.42433, 5.83744, 0.432374, 0.0310266, 0.999351, -0.013397
5.42172, 5.8365, 0.426185, -0.0243499, -0.999266, 0.0288837
5.42093, 5.83982, 0.424015, 0.0237775, 0.999599, -0.012641
5.42478, 5.86, 0.424318, -0.0209437, -0.999541, 0.0199356
5.42223, 5.83735, 0.430571, -0.0265706, -0.999085, 0.0277476
5.41946, 5.83805, 0.425028, -0.0260652, -0.999077, 0.0326719
5.41742, 5.83697, 0.42796, -0.025174, -0.999393, 0.0229875
5.42276, 5.86073, 0.427901, 0.025843, 0.99834, -0.0464695
5.42368, 5.85808, 0.419656, 0.0196173, 0.998766, -0.0409303
5.42225, 5.84039, 0.4228, 0.0205997, 0.999297, -0.0250489
5.42302, 5.84856, 0.424229, -0.0351281, -0.998725, 0.0214083
5.42091, 5.84378, 0.42942, 0.0341246, 0.998603, -0.0335118
5.42414, 5.84185, 0.429648, -0.0087654, -0.999763, 0.0160702
5.42137, 5.85747, 0.421589, -0.0287774, -0.999061, 0.0246476
5.41768, 5.83465, 0.432637, 0.0300967, 0.998536, -0.0365843
5.42235, 5.83933, 0.424733, -0.0310086, -0.999089, 0.0276192
5.42059, 5.84842, 0.422595, 0.0251561, 0.998786, -0.038021
5.42203, 5.85086, 0.416898, 0.0220657, 0.999499, -0.0189423
5.42191, 5.84139, 0.417927, -0.0341602, -0.999326, 0.00427022
5.41644, 5.83738, 0.42619, -0.0293322, -0.998893, 0.0332122
5.41926, 5.83867, 0.415161, -0.0324212, -0.999266, 0.0162836
5.41825, 5.85708, 0.428933, 0.0189053, 0.999342, -0.0290067
5.42111, 5.85948, 0.424373, -0.0284748, -0.999259, 0.023337
5.42406, 5.85648, 0.419392, -0.0136907, -0.998792, 0.0381263
5.42328, 5.85833, 0.422344, 0.0286282, 0.998178, -0.0501335
5.42178, 5.85002, 0.423236, 0.0260884, 0.998747, -0.0409826
5.41966, 5.83565, 0.431838, -0.015733, -0.998609, 0.0343436
5.42489, 5.85858, 0.421629, -0.0279854, -0.999435, 0.0163764
5.4209, 5.8661, 0.423581, -0.0238664, -0.998939, 0.0387493
5.42381, 5.84979, 0.42158, -0.019463, -0.999044, 0.0355107
5.42439, 5.84198, 0.421158, -0.0322216, -0.998551, 0.0398266
5.42628, 5.86513, 0.426012, 0.0206657, 0.998818, -0.0381185
5.42029, 5.83794, 0.427059, -0.0195593, -0.999413, 0.0275661
5.4227, 5.83805, 0.425122, -0.0226021, -0.99869, 0.0351403
5.41967, 5.83841, 0.419604, 0.0253947, 0.999381, -0.0217571
5.42025, 5.83106, 0.427031, 0.0238529, 0.998805, -0.0404982
5.42394, 5.84739, 0.425146, 0.0198486, 0.999712, 0.00811183
5.4201, 5.86269, 0.41845, -0.0297335, -0.998182, 0.0438825
5.42329, 5.84047, 0.42505, -0.0101717, -0.999691, 0.0177691
5.42184, 5.84898, 0.424985, -0.0243296, -0.998322, 0.0472966
5.42183, 5.84043, 0.425189, -0.0287518, -0.999218, 0.0239095
5.42446, 5.8395, 0.419038, 0.0247156, 0.998155, -0.044694
5.42496, 5.83954, 0.422549, -0.0214159, -0.999545, 0.0198144
5.42325, 5.84847, 0.423771, 0.0208119, 0.999431, -0.0202398
5.42168, 5.84002, 0.421102, 0.0187978, 0.999512, -0.0210489
5.42484, 5.83959, 0.424384, -0.0205928, -0.998733, 0.0369548
5.42574, 5.84025, 0.411363, 0.00846318, 0.999231, -0.00530644
5.42526, 5.83973, 0.418982, 0.0168768, 0.999592, -0.0181139
5.42069, 5.86052, 0.421844, 0.0139028, 0.998909, -0.0224468
5.4221, 5.8385, 0.420771, 0.0123772, 0.99948, -0.0269397
5.42532, 5.86865, 0.428972, 0.0242049, 0.997762, -0.0564666
5.42366, 5.8504, 0.424065, 0.0248675, 0.999359, -0.0231102
5.42151, 5.85658, 0.431071, -0.0345477, -0.998883, 0.0310235
5.42295, 5.83924, 0.423667, -0.0223619, -0.999058, 0.036118
